rs8326	7	73483689	73483689
rs6318	X	113965735	113965735
rs6318	HG1462_PATCH	113967796	113967796
rs4880	6	160113872	160113872
rs4880	6	160113872	160113872
rs4880	6	160113872	160113872
rs9253	1	37958813	37958813
rs9253	1	37958813	37958813
rs9253	1	37958813	37958813
rs9253	1	37958813	37958813
rs9253	1	37958813	37958813
rs9253	1	37958813	37958813
rs9253	1	37958813	37958813
rs9253	1	37958813	37958813
rs1330	11	17316029	17316029
rs4961	4	2906707	2906707
rs4961	4	2906707	2906707
rs4220	4	155491759	155491759
rs4220	4	155491759	155491759
rs334	11	5248232	5248232
rs334	11	5248232	5248232
rs334	11	5248232	5248232
rs334	11	5248232	5248232
rs334	11	5248232	5248232
rs334	11	5248232	5248232
rs334	11	5248232	5248232
rs334	11	5248232	5248232
rs334	11	5248232	5248232
rs334	11	5248232	5248232
rs334	11	5248232	5248232
rs334	11	5248232	5248232
rs334	11	5248232	5248232
rs334	11	5248232	5248232
rs334	11	5248232	5248232
rs334	11	5248232	5248232
rs334	11	5248232	5248232
rs334	11	5248232	5248232
rs334	11	5248232	5248232
rs334	11	5248232	5248232
rs334	11	5248232	5248232
rs334	11	5248232	5248232
rs334	11	5248232	5248232
rs334	11	5248232	5248232
rs6336	1	156848918	156848918
rs6336	1	156848918	156848918
rs6336	1	156848918	156848918
rs6336	1	156848918	156848918
rs6336	1	156848918	156848918
rs6133	1	169565346	169565346
rs6133	1	169565346	169565346
rs4869	10	88730312	88730312
rs331	8	19820405	19820405
rs331	8	19820405	19820405
rs331	8	19820405	19820405
rs331	8	19820405	19820405
rs6859	19	45382034	45382034
rs6859	19	45382034	45382034
rs6859	19	45382034	45382034
rs6859	19	45382034	45382034
rs6859	19	45382034	45382034
rs671	12	112241766	112241766
rs671	12	112241766	112241766
rs671	12	112241766	112241766
rs671	12	112241766	112241766
rs671	12	112241766	112241766
rs671	12	112241766	112241766
rs671	12	112241766	112241766
rs671	12	112241766	112241766
rs671	12	112241766	112241766
rs671	12	112241766	112241766
rs671	12	112241766	112241766
rs671	12	112241766	112241766
rs671	12	112241766	112241766
rs9299	17	46669430	46669430
rs6180	5	42719239	42719239
rs6180	5	42719239	42719239
rs5415	17	7184481	7184481
rs3057	8	131329837	131329837
rs1635	6	28227604	28227604
rs6063	4	155530877	155530877
rs6063	4	155530877	155530877
rs4917	3	186337713	186337713
rs4917	3	186337713	186337713
rs4917	3	186337713	186337713
rs4351	17	61569732	61569732
rs5352	13	78475230	78475230
rs5352	13	78475230	78475230
rs5352	13	78475230	78475230
rs5352	13	78475230	78475230
rs1748	16	2138269	2138269
rs5848	17	42430244	42430244
rs5848	17	42430244	42430244
rs4818	22	19951207	19951207
rs4984	2	70900403	70900403
rs5036	17	42338945	42338945
rs5036	17	42338945	42338945
rs7119	15	77777632	77777632
rs9948	2	97500800	97500800
rs2800	3	143424822	143424822
rs699	1	230845794	230845794
rs699	1	230845794	230845794
rs699	1	230845794	230845794
rs699	1	230845794	230845794
rs669	12	9232268	9232268
rs669	12	9232268	9232268
rs669	12	9232268	9232268
rs7817	7	112115658	112115658
rs6472	6	32007849	32007849
rs6472	HSCHR6_MHC_SSTO_CTG1	3340557	3340557
rs6472	HSCHR6_MHC_SSTO_CTG1	3340557	3340557
rs6472	HSCHR6_MHC_DBB_CTG1	3287065	3287065
rs6472	HSCHR6_MHC_MCF_CTG1	3387690	3387690
rs6472	HSCHR6_MHC_COX_CTG1	3478500	3478500
rs6472	6	32007849	32007849
rs10089	5	127522543	127522543
rs7937	19	41302706	41302706
rs1535	11	61597972	61597972
rs1535	11	61597972	61597972
rs1535	11	61597972	61597972
rs1535	11	61597972	61597972
rs1535	11	61597972	61597972
rs1535	11	61597972	61597972
rs1535	11	61597972	61597972
rs1535	11	61597972	61597972
rs1535	11	61597972	61597972
rs6003	1	197031021	197031021
rs6003	1	197031021	197031021
rs6003	1	197031021	197031021
rs6003	1	197031021	197031021
rs6003	1	197031021	197031021
rs6003	1	197031021	197031021
rs6003	1	197031021	197031021
rs6003	1	197031021	197031021
rs6003	1	197031021	197031021
rs6220	12	102794515	102794515
rs5911	17	42453065	42453065
rs5911	17	42453065	42453065
rs4343	17	61566031	61566031
rs1545	20	10386013	10386013
rs6265	11	27679916	27679916
rs6265	11	27679916	27679916
rs6265	11	27679916	27679916
rs6265	11	27679916	27679916
rs6265	11	27679916	27679916
rs6265	11	27679916	27679916
rs6265	11	27679916	27679916
rs6265	11	27679916	27679916
rs6265	11	27679916	27679916
rs6265	11	27679916	27679916
rs6265	11	27679916	27679916
rs445	7	92408370	92408370
rs445	7	92408370	92408370
rs445	7	92408370	92408370
rs8688	14	71139279	71139279
rs8688	14	71139279	71139279
rs9898	3	186390627	186390627
rs9898	3	186390627	186390627
rs9898	3	186390627	186390627
rs693	2	21232195	21232195
rs693	2	21232195	21232195
rs693	2	21232195	21232195
rs693	2	21232195	21232195
rs693	2	21232195	21232195
rs693	2	21232195	21232195
rs693	2	21232195	21232195
rs693	2	21232195	21232195
rs693	2	21232195	21232195
rs693	2	21232195	21232195
rs693	2	21232195	21232195
rs693	2	21232195	21232195
rs6092	7	100771717	100771717
rs6092	7	100771717	100771717
rs6092	7	100771717	100771717
rs4329	17	61563458	61563458
rs10078	5	438102	438102
rs8396	4	159630817	159630817
rs8396	4	159630817	159630817
rs8321	HSCHR6_MHC_COX_CTG1	1544622	1544622
rs8321	6	30032522	30032522
rs8321	HSCHR6_MHC_MCF_CTG1	1414420	1414420
rs8321	HSCHR6_MHC_APD_CTG1	1272753	1272753
rs8321	HSCHR6_MHC_SSTO_CTG1	1362962	1362962
rs8321	HSCHR6_MHC_MANN_CTG1	1331114	1331114
rs8321	HSCHR6_MHC_DBB_CTG1	1326246	1326246
rs8321	HSCHR6_MHC_QBL_CTG1	1325502	1325502
rs8321	HSCHR6_MHC_COX_CTG1	1544622	1544622
rs8321	6	30032522	30032522
rs8321	HSCHR6_MHC_MCF_CTG1	1414420	1414420
rs8321	HSCHR6_MHC_APD_CTG1	1272753	1272753
rs8321	HSCHR6_MHC_SSTO_CTG1	1362962	1362962
rs8321	HSCHR6_MHC_MANN_CTG1	1331114	1331114
rs8321	HSCHR6_MHC_DBB_CTG1	1326246	1326246
rs8321	HSCHR6_MHC_QBL_CTG1	1325502	1325502
rs8321	HSCHR6_MHC_QBL_CTG1	1325502	1325502
rs8321	HSCHR6_MHC_DBB_CTG1	1326246	1326246
rs8321	HSCHR6_MHC_MANN_CTG1	1331114	1331114
rs8321	6	30032522	30032522
rs8321	HSCHR6_MHC_SSTO_CTG1	1362962	1362962
rs8321	HSCHR6_MHC_APD_CTG1	1272753	1272753
rs8321	HSCHR6_MHC_MCF_CTG1	1414420	1414420
rs8321	HSCHR6_MHC_COX_CTG1	1544622	1544622
rs6030	1	169498975	169498975
rs4541	8	143956693	143956693
rs4541	8	143956693	143956693
rs6166	2	49189921	49189921
rs6166	2	49189921	49189921
rs6166	2	49189921	49189921
rs6056	4	155488821	155488821
rs430	7	19106539	19106539
rs7636	7	100490077	100490077
rs6232	5	95751785	95751785
rs6232	5	95751785	95751785
rs4532	5	174870150	174870150
rs4532	5	174870150	174870150
rs4532	5	174870150	174870150
rs6050	4	155507590	155507590
rs6050	4	155507590	155507590
rs6050	4	155507590	155507590
rs1303	14	94844843	94844843
rs1303	14	94844843	94844843
rs1303	14	94844843	94844843
rs5122	19	45452080	45452080
rs5122	19	45452080	45452080
rs6234	5	95728974	95728974
rs6234	5	95728974	95728974
rs6234	5	95728974	95728974
rs6025	1	169519049	169519049
rs6025	1	169519049	169519049
rs6025	1	169519049	169519049
rs6025	1	169519049	169519049
rs6025	1	169519049	169519049
rs6025	1	169519049	169519049
rs325	8	19819328	19819328
rs325	8	19819328	19819328
rs325	8	19819328	19819328
rs5917	17	45361953	45361953
rs5917	17	45361953	45361953
rs5917	17	45361953	45361953
rs5917	17	45361953	45361953
rs4227	17	7491177	7491177
rs6235	5	95728898	95728898
rs6235	5	95728898	95728898
rs6235	5	95728898	95728898
rs6235	5	95728898	95728898
rs6257	17	7533717	7533717
rs6136	1	169563951	169563951
rs6136	1	169563951	169563951
rs6136	1	169563951	169563951
rs6046	13	113773159	113773159
rs6046	13	113773159	113773159
rs6046	13	113773159	113773159
rs1547	20	10386059	10386059
rs2273	4	76889388	76889388
rs6182	5	42718928	42718928
rs6152	X	66765627	66765627
rs5736	16	23200921	23200921
rs5736	16	23200921	23200921
rs9036	3	14530721	14530721
rs328	8	19819724	19819724
rs328	8	19819724	19819724
rs328	8	19819724	19819724
rs328	8	19819724	19819724
rs328	8	19819724	19819724
rs328	8	19819724	19819724
rs328	8	19819724	19819724
rs328	8	19819724	19819724
rs328	8	19819724	19819724
rs3077	6	33033022	33033022
rs3077	HSCHR6_MHC_MCF_CTG1	4369895	4369895
rs3077	HSCHR6_MHC_SSTO_CTG1	4513526	4513526
rs3077	HSCHR6_MHC_COX_CTG1	4477202	4477202
rs3077	HSCHR6_MHC_APD_CTG1	4319841	4319841
rs3077	HSCHR6_MHC_DBB_CTG1	4314361	4314361
rs3077	HSCHR6_MHC_QBL_CTG1	4265473	4265473
rs3077	HSCHR6_MHC_MANN_CTG1	4490562	4490562
rs3077	6	33033022	33033022
rs3077	HSCHR6_MHC_MCF_CTG1	4369895	4369895
rs3077	HSCHR6_MHC_SSTO_CTG1	4513526	4513526
rs3077	HSCHR6_MHC_COX_CTG1	4477202	4477202
rs3077	HSCHR6_MHC_APD_CTG1	4319841	4319841
rs3077	HSCHR6_MHC_DBB_CTG1	4314361	4314361
rs3077	HSCHR6_MHC_QBL_CTG1	4265473	4265473
rs3077	HSCHR6_MHC_MANN_CTG1	4490562	4490562
rs6280	3	113890815	113890815
rs6280	3	113890815	113890815
rs6280	3	113890815	113890815
rs3129	15	79214215	79214215
rs6445	6	32008783	32008783
rs6445	6	32008783	32008783
rs6445	HSCHR6_MHC_MCF_CTG1	3388624	3388624
rs6445	6	32008783	32008783
rs6445	HSCHR6_MHC_SSTO_CTG1	3341491	3341491
rs6445	HSCHR6_MHC_DBB_CTG1	3287999	3287999
rs6445	HSCHR6_MHC_COX_CTG1	3479434	3479434
rs6445	HSCHR6_MHC_SSTO_CTG1	3341491	3341491
rs4340	17	61565893	61565892
rs6065	17	4836381	4836381
rs6065	17	4836381	4836381
rs5370	6	12296255	12296255
rs5370	6	12296255	12296255
rs5370	6	12296255	12296255
rs7775	2	183699584	183699584
rs7775	2	183699584	183699584
rs689	11	2182224	2182224
rs6339	1	156848946	156848946
rs6339	1	156848946	156848946
rs6339	1	156848946	156848946
rs6339	1	156848946	156848946
rs6339	1	156848946	156848946
rs6028	1	169551682	169551682
rs7667	1	19718824	19718824
rs326	8	19819439	19819439
rs326	8	19819439	19819439
rs4746	6	38650628	38650628
rs4746	6	38650628	38650628
rs4918	3	186338382	186338382
rs4918	3	186338382	186338382
rs4918	3	186338382	186338382
rs7435	21	45404338	45404338
rs5186	3	148459988	148459988
rs5186	3	148459988	148459988
rs5186	3	148459988	148459988
rs1208	8	18258316	18258316
rs1208	8	18258316	18258316
rs5738	16	23200963	23200963
rs5738	16	23200963	23200963
rs301	8	19816934	19816934
rs301	8	19816934	19816934
rs301	8	19816934	19816934
