ENSG00000268849	19	51714336	51715344
ENSG00000239356	11	65463006	65463306
ENSG00000132518	17	7905912	7923657
ENSG00000261103	16	83743784	83751503
ENSG00000214659	11	65494410	65495685
ENSG00000225398	2	114299514	114320875
ENSG00000213740	X	68003315	68004909
ENSG00000268908	19	23627064	23627991
ENSG00000236429	Y	20903729	20903872
ENSG00000234429	2	81421461	81428308
ENSG00000182952	6	26538633	26546482
ENSG00000215642	GL000192.1	180636	212206
ENSG00000268100	19	23675230	23695458
ENSG00000255379	11	108693060	108693377
ENSG00000249501	Y	20938165	20941313
ENSG00000273433	7	27168588	27192180
ENSG00000125534	20	62152077	62153559
ENSG00000172186	X	68393967	68394560
ENSG00000255557	11	65513200	65539056
ENSG00000249772	5	80409204	80410671
ENSG00000129744	11	3666358	3685646
ENSG00000175827	11	65545092	65547316
ENSG00000010803	1	41492872	41707826
ENSG00000215162	X	68399400	68429767
ENSG00000226516	2	114334959	114336429
ENSG00000203334	11	108828445	108830523
ENSG00000268595	19	51754485	51774433
ENSG00000100209	22	29138019	29153503
ENSG00000269980	12	123746607	123746949
ENSG00000231706	X	68705186	68705495
ENSG00000216055	4	147043356	147043436
ENSG00000169862	5	10971952	11904155
ENSG00000268455	19	23778924	23780961
ENSG00000046651	X	13752832	13787480
ENSG00000247572	5	80499903	80597379
ENSG00000254369	7	27169596	27195542
ENSG00000255823	11	10529434	10530723
ENSG00000251010	4	147162958	147164821
ENSG00000255528	11	108873192	108908694
ENSG00000228193	Y	20949636	20949966
ENSG00000261398	16	34430150	34431915
ENSG00000268318	19	51774520	51784488
ENSG00000201243	11	108876244	108876350
ENSG00000207182	4	147501200	147501362
ENSG00000244384	2	233514559	233514845
ENSG00000264604	X	68724548	68724666
ENSG00000199845	12	123767463	123767581
ENSG00000261274	16	34442274	34442607
ENSG00000200613	11	108991605	108991713
ENSG00000264323	4	147560413	147560495
ENSG00000239170	2	233543673	233543775
ENSG00000228160	X	68789512	68790200
ENSG00000270113	12	123773656	123774230
ENSG00000234295	GL000192.1	222730	407630
ENSG00000248764	4	147855153	147866623
ENSG00000264997	11	109134221	109134291
ENSG00000213055	2	233594233	233594908
ENSG00000197471	16	29674300	29682187
ENSG00000269021	19	51784116	51786276
ENSG00000240231	19	23780143	23780394
ENSG00000272351	X	68892323	68892441
ENSG00000255028	11	109225812	109454633
ENSG00000248573	Y	20952595	20952937
ENSG00000248346	4	147878590	147896609
ENSG00000241409	2	233624856	233632659
ENSG00000212434	X	68912800	68912998
ENSG00000233229	X	69157016	69157867
ENSG00000267905	19	51843949	51847371
ENSG00000110315	11	10533225	10562777
ENSG00000269320	19	23785369	23785908
ENSG00000252452	2	233647375	233647476
ENSG00000255120	11	65556522	65558339
ENSG00000254890	11	109357694	109358150
ENSG00000214584	10	81651904	81652931
ENSG00000211991	X	69242707	69242773
ENSG00000231292	2	114163973	114164486
ENSG00000123405	12	54685895	54694905
ENSG00000260788	16	83754724	83806541
ENSG00000260090	4	147926644	147930297
ENSG00000199781	2	233693363	233693461
ENSG00000166664	15	30653443	30686052
ENSG00000263941	2	234113845	234114121
ENSG00000226579	X	69340203	69341324
ENSG00000267984	19	51848423	51856547
ENSG00000221369	4	148265781	148265869
ENSG00000252010	2	234184373	234184648
ENSG00000242600	10	81664654	81710092
ENSG00000241281	4	148347126	148347503
ENSG00000254482	11	109508194	109508854
ENSG00000268520	19	51864966	51868798
ENSG00000251791	2	234197322	234197586
ENSG00000233836	19	23945746	24016116
ENSG00000094841	X	74493920	74524435
ENSG00000249004	4	148379876	148380473
ENSG00000155893	3	140947568	141013748
ENSG00000095596	10	94833232	94837647
ENSG00000259793	2	234259778	234262062
ENSG00000268889	19	51897742	51906904
ENSG00000230904	Y	20973224	20973715
ENSG00000243637	2	234263220	234301045
ENSG00000123600	2	172173919	172291312
ENSG00000251254	4	148427243	148427917
ENSG00000207189	12	123833546	123833647
ENSG00000268144	19	51900009	51906780
ENSG00000235382	X	69344822	69348921
ENSG00000254659	11	109622168	109694573
ENSG00000255404	11	65563417	65564690
ENSG00000201560	7	65324647	65324753
ENSG00000256092	12	123848415	123850660
ENSG00000201013	2	234288489	234288601
ENSG00000231722	2	81645847	81646426
ENSG00000272801	7	27186985	27192217
ENSG00000251688	4	148488758	148515739
ENSG00000224365	7	65469004	65469124
ENSG00000271639	2	234454128	234455678
ENSG00000254867	11	65751150	65751802
ENSG00000242221	19	43568363	43587197
ENSG00000229886	7	65490113	65496531
ENSG00000235519	2	81689819	81694070
ENSG00000254798	11	109777730	109778467
ENSG00000251298	4	148530703	148538396
ENSG00000238752	11	65820615	65820699
ENSG00000227265	2	95400400	95401589
ENSG00000238135	Y	20987993	20991373
ENSG00000103485	16	29674600	29710020
ENSG00000238763	11	65920092	65920196
ENSG00000252951	4	148666454	148666568
ENSG00000228949	2	234494085	234494937
ENSG00000221055	2	114340536	114340673
ENSG00000200890	2	81723338	81723451
ENSG00000264274	4	148703746	148703819
ENSG00000255320	11	66012311	66013710
ENSG00000207454	7	100913219	100913322
ENSG00000254760	19	51917552	51918219
ENSG00000233444	2	81893601	81893852
ENSG00000224776	11	109852918	109853769
ENSG00000252997	7	65521221	65521305
ENSG00000100744	14	96829814	96853625
ENSG00000240014	4	148730077	148730358
ENSG00000214252	7	100930763	100933052
ENSG00000254461	11	66027038	66029305
ENSG00000205596	7	65535891	65536305
ENSG00000255441	19	51918978	51920679
ENSG00000270387	4	148837680	148838537
ENSG00000242118	2	82194203	82194496
ENSG00000250354	4	149067622	149130031
ENSG00000254855	11	66032248	66033137
ENSG00000231781	2	82210396	82232824
ENSG00000227846	2	234512199	234513047
ENSG00000234185	7	65584590	65629998
ENSG00000270423	11	109855969	109856386
ENSG00000270445	12	123926064	123926399
ENSG00000173960	2	24150155	24227779
ENSG00000232301	7	100942894	100944551
ENSG00000249515	5	98885136	98913661
ENSG00000254762	11	66035106	66035600
ENSG00000251418	4	149447645	149448291
ENSG00000268711	19	51929601	51929922
ENSG00000252126	7	65809291	65809401
ENSG00000255224	8	145132905	145134168
ENSG00000273372	10	81727969	81732969
ENSG00000166840	11	58672871	58811000
ENSG00000232445	7	100951627	100954266
ENSG00000229560	2	82495551	82497051
ENSG00000248236	5	98930033	98930444
ENSG00000227473	8	145196117	145198567
ENSG00000201846	4	149479099	149479200
ENSG00000235924	10	81741595	81741968
ENSG00000245156	11	66037303	66045996
ENSG00000233683	7	101032149	101032361
ENSG00000238953	GL000192.1	91796	91912
ENSG00000179406	7	65841031	65866325
ENSG00000177675	12	7499281	7632493
ENSG00000252392	GL000192.1	107278	107339
ENSG00000250357	4	149614184	149615475
ENSG00000225100	10	81742666	81742996
ENSG00000238315	GL000192.1	112237	112366
ENSG00000252897	2	82495736	82495830
ENSG00000269181	19	51945633	51945904
ENSG00000101213	20	62159778	62168723
ENSG00000146556	2	114341664	114356655
ENSG00000238602	GL000192.1	415332	415454
ENSG00000234143	2	234556572	234557672
ENSG00000233123	7	101206059	101212286
ENSG00000265915	HG871_PATCH	5037680	5039572
ENSG00000264721	8	145210801	145210892
ENSG00000201311	2	82534191	82534292
ENSG00000254452	11	66044250	66044963
ENSG00000268957	19	51971614	51971890
ENSG00000225176	4	149624678	149624984
ENSG00000238421	GL000192.1	544948	545107
ENSG00000213355	2	95403082	95403994
ENSG00000225119	10	38717074	38736820
ENSG00000264987	8	145456008	145456099
ENSG00000237498	2	82706252	82765835
ENSG00000268839	19	52008313	52008616
ENSG00000164089	4	109663196	109684210
ENSG00000265501	17	32510103	32510154
ENSG00000254458	11	66080324	66086708
ENSG00000248794	5	80538149	80538418
ENSG00000265614	17	32658881	32659247
ENSG00000249317	4	149862093	149863530
ENSG00000258553	14	60435834	60558501
ENSG00000131748	17	37793318	37819737
ENSG00000269580	19	52011827	52012567
ENSG00000254756	11	66101965	66107346
ENSG00000225582	17	32806331	32806976
ENSG00000226860	2	82836776	82837101
ENSG00000112212	6	41010293	41012076
ENSG00000254736	11	66157080	66157639
ENSG00000248928	5	98930584	98931001
ENSG00000258896	14	60625694	60626042
ENSG00000224814	2	234602080	234617345
ENSG00000202317	11	66160920	66161083
ENSG00000204771	8	145462709	145485885
ENSG00000266815	HG871_PATCH	5091004	5093862
ENSG00000264174	17	33052528	33053189
ENSG00000249483	5	81147420	81148020
ENSG00000132155	3	12625100	12705725
ENSG00000233445	2	234630168	234630711
ENSG00000239168	4	149912724	149912785
ENSG00000269662	19	23981726	23982279
ENSG00000254510	11	66176629	66184608
ENSG00000234837	2	95416327	95417038
ENSG00000249752	4	149948597	149983674
ENSG00000267979	3	172019438	172019686
ENSG00000264622	17	33164890	33186065
ENSG00000267924	19	24000401	24057503
ENSG00000214857	5	81188309	81188540
ENSG00000250252	4	150068954	150070932
ENSG00000203443	3	172034218	172039513
ENSG00000118292	1	150240600	150253327
ENSG00000170631	8	146155744	146176274
ENSG00000224113	17	33332107	33336762
ENSG00000263428	HG871_PATCH	5164279	5177418
ENSG00000226700	2	83042108	83042640
ENSG00000269289	19	24101883	24140732
ENSG00000259914	16	83759281	83759982
ENSG00000234864	10	43191483	43201901
ENSG00000251716	4	88333380	88333498
ENSG00000248210	4	150075447	150199275
ENSG00000259294	7	101465527	101468009
ENSG00000250391	5	99283999	99285287
ENSG00000264142	5	81274069	81274138
ENSG00000272856	4	88381959	88383432
ENSG00000248114	2	234647598	234650603
ENSG00000238858	17	33381407	33381513
ENSG00000260228	16	83823572	83841439
ENSG00000185905	16	29753784	29757327
ENSG00000225045	2	83042933	83044652
ENSG00000259120	17	73642323	73644057
ENSG00000267457	17	33400850	33401393
ENSG00000223564	2	95425004	95426024
ENSG00000249001	4	88489187	88655108
ENSG00000236447	5	81287814	81288300
ENSG00000243423	17	33403756	33404026
ENSG00000121853	3	172162923	172166246
ENSG00000227802	2	234651396	234652661
ENSG00000105281	19	47278140	47291851
ENSG00000251495	5	81305421	81305913
ENSG00000159873	22	29168662	29185283
ENSG00000224695	2	83044662	83045185
ENSG00000211690	7	38309092	38309141
ENSG00000070785	1	45316450	45452282
ENSG00000234828	4	150273169	150817385
ENSG00000261721	HG104_HG975_PATCH	145072253	145075585
ENSG00000248192	5	81368874	81369521
ENSG00000211691	7	38313188	38313248
ENSG00000227789	2	83045255	83046388
ENSG00000146109	6	26597180	26600278
ENSG00000049768	X	49106897	49121288
ENSG00000270182	7	27197963	27198595
ENSG00000211692	7	38315860	38315919
ENSG00000164241	5	126378250	126409184
ENSG00000129749	11	3686817	3692614
ENSG00000200024	4	88665104	88665205
ENSG00000205020	17	34538310	34540280
ENSG00000268777	19	52022985	52023514
ENSG00000253084	17	33420928	33420992
ENSG00000238652	4	88689637	88689733
ENSG00000211693	7	38331217	38331679
ENSG00000252328	17	33424579	33424676
ENSG00000265684	5	81374246	81374541
ENSG00000269130	19	52063375	52063843
ENSG00000066135	1	44115829	44171186
ENSG00000249973	4	88707072	88707523
ENSG00000267782	17	33491262	33494031
ENSG00000253187	7	27208238	27211534
ENSG00000251374	5	81560976	81561078
ENSG00000228445	2	234655860	234656725
ENSG00000176171	10	133781578	133795435
ENSG00000174992	16	29789561	29793096
ENSG00000211694	7	38339412	38339923
ENSG00000266981	17	33515541	33518362
ENSG00000174744	11	66104804	66112596
ENSG00000149761	11	63993413	63998158
ENSG00000183199	4	88812995	88815167
ENSG00000268267	19	52067050	52068163
ENSG00000168129	2	83083927	83084885
ENSG00000272219	7	101603396	101605174
ENSG00000249963	5	99332251	99333636
ENSG00000133059	1	205111632	205180727
ENSG00000267744	17	33517980	33518721
ENSG00000174448	18	51850728	51884334
ENSG00000272544	7	101676303	101677447
ENSG00000211695	7	38356618	38358462
ENSG00000202000	4	88921389	88921553
ENSG00000269388	19	52097814	52109403
ENSG00000176974	17	18231187	18266856
ENSG00000230465	3	26388172	26389129
ENSG00000230110	7	101804400	101804617
ENSG00000241853	4	89084731	89085119
ENSG00000130592	11	1874200	1913497
ENSG00000248705	2	234659263	234662302
ENSG00000266947	17	33558469	33569982
ENSG00000248393	5	81841681	81842129
ENSG00000207584	7	27209099	27209183
ENSG00000201707	4	89122855	89122962
ENSG00000258040	7	101805576	101806076
ENSG00000221440	4	89127579	89127704
ENSG00000225386	3	26660821	26664181
ENSG00000211696	7	38369944	38370536
ENSG00000223977	2	83446014	83446229
ENSG00000251285	4	89141721	89144989
ENSG00000240990	7	27224137	27228912
ENSG00000256295	7	101830099	101830319
ENSG00000267364	17	33640521	33651919
ENSG00000250905	4	150587209	150632301
ENSG00000199326	4	89147881	89147981
ENSG00000178836	2	234662951	234663991
ENSG00000179593	17	7942335	7952452
ENSG00000248870	5	81882595	81883230
ENSG00000234165	3	26753798	26754855
ENSG00000200469	4	89196357	89196460
ENSG00000211697	7	38388956	38389623
ENSG00000155744	2	201838441	201936394
ENSG00000251482	4	150711104	150711455
ENSG00000267271	17	33671250	33671583
ENSG00000199378	5	99357508	99357610
ENSG00000246375	4	89206094	89252573
ENSG00000249100	5	82061223	82062152
ENSG00000221438	3	26795428	26795567
ENSG00000232548	2	83749938	83750626
ENSG00000159658	1	47124366	47184824
ENSG00000202331	4	150828712	150828827
ENSG00000204220	6	33257079	33266178
ENSG00000207480	4	89251328	89251430
ENSG00000211698	7	38393316	38394118
ENSG00000207121	4	150855528	150855635
ENSG00000232502	2	95426519	95426861
ENSG00000221079	4	89415084	89415168
ENSG00000250704	4	150877360	150879724
ENSG00000240411	5	82073616	82074405
ENSG00000249934	4	89429742	89431554
ENSG00000257953	12	58230875	58236528
ENSG00000170340	2	62423248	62451866
ENSG00000230425	10	43221305	43232607
ENSG00000238721	4	151130858	151130920
ENSG00000224627	2	83822080	83822367
ENSG00000211699	7	38398113	38398763
ENSG00000245651	12	58263618	58290265
ENSG00000249755	4	89448311	89449321
ENSG00000248521	4	151343797	151344794
ENSG00000068971	11	64685025	64701945
ENSG00000271626	17	58393195	58393576
ENSG00000121858	3	172223298	172241297
ENSG00000260523	16	83831266	83834245
ENSG00000224130	11	58672897	58676071
ENSG00000252322	4	89504817	89505123
ENSG00000144040	2	73169165	73302747
ENSG00000172315	20	45313004	45318418
ENSG00000213228	17	58511039	58513357
ENSG00000260932	16	83963401	83964828
ENSG00000207524	4	89605999	89606105
ENSG00000257698	12	58325311	58329958
ENSG00000270232	5	99381632	99382078
ENSG00000233306	7	38402465	38403119
ENSG00000248019	4	89630940	89651254
ENSG00000199350	16	84073523	84073638
ENSG00000261695	16	14828542	14840034
ENSG00000211701	7	38407187	38407770
ENSG00000270230	5	99382154	99382674
ENSG00000260018	16	84150656	84151176
ENSG00000249690	4	151500241	151502697
ENSG00000255037	16	14860259	14863932
ENSG00000260410	16	84152898	84154758
ENSG00000270552	10	43242992	43244135
ENSG00000221235	4	151560908	151561018
ENSG00000254690	8	145538253	145538801
ENSG00000224237	3	27256307	27256509
ENSG00000188385	10	133918175	133998313
ENSG00000259869	10	43246626	43247593
ENSG00000183432	4	151642133	151642630
ENSG00000235571	2	95452433	95453006
ENSG00000264006	HG871_PATCH	5196335	5227379
ENSG00000271359	4	90032651	90033519
ENSG00000141086	16	67961543	67966317
ENSG00000255277	16	14914649	14918563
ENSG00000238732	10	43305675	43305778
ENSG00000216133	8	145619364	145619445
ENSG00000252416	10	43327895	43327998
ENSG00000189057	11	58874658	58894883
ENSG00000271687	5	99382681	99384489
ENSG00000270553	17	58590551	58590911
ENSG00000252451	4	151891823	151891934
ENSG00000234944	10	43366969	43369508
ENSG00000221802	8	145625476	145625559
ENSG00000055163	5	156693089	156822606
ENSG00000270734	16	14956237	14956606
ENSG00000235606	4	151948242	151948769
ENSG00000136682	2	114195268	114253766
ENSG00000259349	17	58603654	58628159
ENSG00000272115	8	145634876	145635360
ENSG00000229630	10	43474465	43476955
ENSG00000257264	16	14995356	14996031
ENSG00000201264	4	152023209	152023280
ENSG00000270720	4	90040435	90041022
ENSG00000232600	8	145660602	145665354
ENSG00000106992	9	130628759	130640022
ENSG00000269879	10	24770273	24770632
ENSG00000207252	11	24477457	24477556
ENSG00000267678	17	58639371	58639522
ENSG00000208797	4	152024979	152025043
ENSG00000263795	10	43493011	43493129
ENSG00000166845	18	51884287	51911588
ENSG00000255489	11	24722821	24723121
ENSG00000212226	4	90052003	90052104
ENSG00000204717	2	95461553	95472197
ENSG00000266943	17	58642101	58643032
ENSG00000270681	4	152061143	152062255
ENSG00000263918	16	15001574	15001638
ENSG00000273008	10	43632272	43633782
ENSG00000265761	HG871_PATCH	5249361	5249936
ENSG00000255368	11	25162079	25162569
ENSG00000270906	5	99384692	99386066
ENSG00000113594	5	38475065	38608456
ENSG00000258354	16	15003744	15005202
ENSG00000092820	6	159186773	159240444
ENSG00000144455	3	3742498	4508965
ENSG00000254578	8	145689200	145690484
ENSG00000135960	2	109510927	109605828
ENSG00000224265	10	43819113	43823380
ENSG00000249012	4	152180655	152184001
ENSG00000265537	16	15005077	15005170
ENSG00000251095	4	90472507	90647654
ENSG00000251904	8	89408666	89408776
ENSG00000265837	11	25558824	25558917
ENSG00000250350	4	152200182	152200344
ENSG00000250962	8	89497339	89498323
ENSG00000240298	11	25610021	25610389
ENSG00000255182	8	145721001	145730827
ENSG00000252544	4	152221670	152221765
ENSG00000114054	3	135969148	136056738
ENSG00000270265	4	152254927	152274376
ENSG00000183458	16	15005408	15029565
ENSG00000251611	4	152328703	152329987
ENSG00000269397	19	24110590	24112089
ENSG00000206501	HSCHR6_MHC_QBL	30024068	30027692
ENSG00000269421	19	24118022	24118975
ENSG00000255454	11	25652266	25652587
ENSG00000132952	13	31191830	31233686
ENSG00000221657	4	152486875	152486961
ENSG00000253019	4	152497918	152498068
ENSG00000251603	4	152588376	152591654
ENSG00000201966	19	24187160	24187309
ENSG00000254456	11	25756317	25803305
ENSG00000229089	2	95476791	95523027
ENSG00000271156	8	89820547	89821137
ENSG00000253621	8	90255630	90256022
ENSG00000268362	19	24216247	24249711
ENSG00000261139	8	145721763	145725663
ENSG00000251455	4	152595635	152599045
ENSG00000226264	HSCHR6_MHC_DBB	32880346	32898843
ENSG00000204941	19	43670408	43690688
ENSG00000265393	8	145737950	145739056
ENSG00000182022	10	125767184	125853206
ENSG00000254754	11	25945735	25948355
ENSG00000156515	10	71029740	71161638
ENSG00000248231	8	90424850	90427300
ENSG00000249184	4	152720652	152722500
ENSG00000255681	8	145774891	145775057
ENSG00000170324	10	49364601	49482941
ENSG00000256822	8	145784429	145784599
ENSG00000255086	11	26067534	26069145
ENSG00000268058	19	24281227	24281782
ENSG00000247775	4	90757559	90763129
ENSG00000249708	4	152808695	152812415
ENSG00000265295	8	145792691	145792776
ENSG00000268442	19	24345172	24346227
ENSG00000249818	4	152826084	152849800
ENSG00000197496	20	45338126	45364965
ENSG00000079616	16	29802040	29816706
ENSG00000267696	19	28129391	28137391
ENSG00000255243	11	26210670	26229894
ENSG00000169499	8	38758753	38831428
ENSG00000252087	4	91291274	91291578
ENSG00000248991	4	152840620	152865085
ENSG00000254819	11	26307258	26309554
ENSG00000251401	4	91604147	91604274
ENSG00000201733	11	66200234	66200373
ENSG00000255505	11	26448598	26448959
ENSG00000078053	7	38423305	38671167
ENSG00000254596	11	66221705	66222052
ENSG00000187653	4	91759652	91760263
ENSG00000251249	4	152877143	152890533
ENSG00000261824	19	28175488	28284848
ENSG00000254560	11	27068733	27241660
ENSG00000251136	8	90621638	90769955
ENSG00000100219	22	29190543	29196585
ENSG00000255517	11	66240961	66247704
ENSG00000141447	18	21742008	21977844
ENSG00000253077	4	152892649	152892765
ENSG00000245954	4	153021906	153025872
ENSG00000222364	7	65860178	65860273
ENSG00000248984	4	92029174	92033941
ENSG00000254862	11	27493276	27503980
ENSG00000109738	4	157997209	158093242
ENSG00000251451	7	65872275	65874226
ENSG00000267808	19	52102542	52103723
ENSG00000177042	11	695428	705028
ENSG00000249891	4	92806197	92806405
ENSG00000258093	7	101831879	101832108
ENSG00000244071	19	52124389	52124954
ENSG00000252824	7	101837356	101837444
ENSG00000249052	4	92809037	92825486
ENSG00000264642	7	101881601	101881686
ENSG00000264675	7	101936369	101936453
ENSG00000166801	11	58910221	58922512
ENSG00000242527	11	27505397	27505675
ENSG00000243469	19	52152115	52152863
ENSG00000269990	11	66303369	66305407
ENSG00000186118	1	47134527	47139266
ENSG00000250706	4	153067537	153099725
ENSG00000170409	7	101967674	101969945
ENSG00000077684	4	129730779	129796379
ENSG00000197415	3	156977531	157251408
ENSG00000238486	19	52172658	52172761
ENSG00000250105	11	66326337	66327855
ENSG00000200552	7	101977281	101977382
ENSG00000178690	18	52254988	52266724
ENSG00000114349	3	50229045	50233949
ENSG00000269959	19	52188616	52196709
ENSG00000206500	HSCHR6_MHC_QBL	30027629	30033205
ENSG00000228546	7	101977727	101979559
ENSG00000199325	11	66382435	66382561
ENSG00000251377	4	153128573	153147022
ENSG00000237441	6	33259431	33267101
ENSG00000207550	19	52195865	52195934
ENSG00000090266	7	140390577	140422590
ENSG00000258297	11	66433507	66435845
ENSG00000130193	8	143808621	143818345
ENSG00000261884	16	67963517	67969920
ENSG00000145794	5	126626523	126801429
ENSG00000183574	HSCHR6_MHC_QBL	32103754	32106193
ENSG00000198972	19	52196039	52196117
ENSG00000124701	6	41021043	41032250
ENSG00000239553	11	66480192	66480480
ENSG00000245573	11	27528385	27719721
ENSG00000208008	19	52196507	52196592
ENSG00000265913	HG871_PATCH	5276550	5305600
ENSG00000213409	11	66529046	66529870
ENSG00000163635	3	63850233	63989138
ENSG00000266244	4	153149620	153149686
ENSG00000242080	5	151875279	151875578
ENSG00000244544	4	153185301	153185597
ENSG00000166667	7	101986192	101996889
ENSG00000265622	HG871_PATCH	5308225	5313428
ENSG00000254984	11	66538717	66539138
ENSG00000270302	4	153229435	153231135
ENSG00000239099	11	66687233	66687294
ENSG00000270883	4	153239054	153239516
ENSG00000266423	11	66701905	66701977
ENSG00000249484	5	151998525	152603103
ENSG00000270750	4	153241696	153242196
ENSG00000252709	11	66762950	66763096
ENSG00000263758	HG871_PATCH	5317365	5330662
ENSG00000110011	11	63997750	64001758
ENSG00000238892	11	66988379	66988487
ENSG00000270751	4	153258807	153259250
ENSG00000256514	11	67119043	67141055
ENSG00000041353	18	52385091	52562747
ENSG00000182310	19	52196593	52215640
ENSG00000264678	4	153410479	153410568
ENSG00000175893	9	14611069	14693469
ENSG00000201684	11	67129885	67130179
ENSG00000268471	4	153457416	153460415
ENSG00000253349	8	90835776	90836030
ENSG00000253024	11	67162681	67162782
ENSG00000133800	11	10578513	10633236
ENSG00000107863	10	24872538	25012597
ENSG00000255949	11	67198838	67202870
ENSG00000205220	16	67968405	67970990
ENSG00000207359	8	90912949	90913052
ENSG00000125508	20	62172163	62178857
ENSG00000269913	11	67227339	67227784
ENSG00000200013	17	58739694	58739798
ENSG00000112414	6	142622991	142767403
ENSG00000253394	8	91233716	91581546
ENSG00000243417	4	153472429	153473516
ENSG00000239932	17	58773674	58773964
ENSG00000201550	3	130811665	130811771
ENSG00000223247	3	73160143	73160333
ENSG00000240669	4	153535027	153535485
ENSG00000270169	11	67229181	67229791
ENSG00000239969	7	102004609	102021080
ENSG00000270350	5	99386063	99386354
ENSG00000224011	17	58804526	58804843
ENSG00000248571	4	153587520	153591259
ENSG00000182921	3	73231652	73232442
ENSG00000244152	11	67309206	67309475
ENSG00000252534	17	58826301	58826407
ENSG00000229616	10	81777469	81777667
ENSG00000252937	3	73290940	73291047
ENSG00000255119	11	67372992	67374113
ENSG00000250980	4	153717215	153717983
ENSG00000173567	2	26531041	26569685
ENSG00000174684	11	66112843	66115163
ENSG00000164867	7	150688083	150711676
ENSG00000089057	20	4833002	4990939
ENSG00000267083	17	58887526	58888823
ENSG00000239119	3	73643091	73643153
ENSG00000266169	HG871_PATCH	5346623	5347057
ENSG00000265157	8	91475555	91475604
ENSG00000224760	10	81784493	81784918
ENSG00000250999	5	179084763	179091433
ENSG00000001167	6	41040684	41067715
ENSG00000199354	8	91523356	91523468
ENSG00000211515	17	58888318	58888413
ENSG00000239677	3	73670864	73675149
ENSG00000212289	11	27543152	27543273
ENSG00000231793	11	67380124	67383728
ENSG00000254180	8	91546839	91632298
ENSG00000254114	17	58928743	58929106
ENSG00000239486	7	102020912	102023184
ENSG00000240036	11	27603227	27603602
ENSG00000253799	8	91605032	91618293
ENSG00000132965	13	31309645	31338556
ENSG00000264322	17	58977252	58977544
ENSG00000242364	3	73697550	73697958
ENSG00000221510	7	102046189	102046302
ENSG00000233801	HSCHR6_MHC_SSTO	31911716	31918721
ENSG00000137397	HSCHR6_MHC_QBL	30060243	30070446
ENSG00000238799	17	59039151	59039254
ENSG00000239480	7	102067265	102075227
ENSG00000267207	17	59111997	59147483
ENSG00000246792	8	91658669	91668826
ENSG00000064655	20	45523263	45817492
ENSG00000225051	5	179106033	179121782
ENSG00000242741	3	73857752	73952017
ENSG00000254934	11	27639173	27656174
ENSG00000165424	10	81142081	81205383
ENSG00000207425	16	15009314	15009413
ENSG00000223887	HSCHR6_MHC_DBB	30514898	30521735
ENSG00000261819	16	15082116	15084017
ENSG00000239454	3	74048956	74054760
ENSG00000174132	5	99871009	99922445
ENSG00000255496	11	27717859	27899195
ENSG00000250685	16	84226164	84230659
ENSG00000238728	16	15104178	15104254
ENSG00000255468	11	66115421	66132275
ENSG00000221394	5	179225278	179225346
ENSG00000177447	11	27827990	27828543
ENSG00000260872	16	15111963	15114345
ENSG00000222448	5	179272832	179273152
ENSG00000049769	X	49126306	49157929
ENSG00000224287	2	234774083	234777090
ENSG00000251956	2	132360363	132360469
ENSG00000260735	16	15188268	15203054
ENSG00000252202	5	179274035	179274130
ENSG00000124766	6	21593972	21598847
ENSG00000181827	15	56379478	56535483
ENSG00000254182	8	91713310	91714104
ENSG00000223738	3	74150500	74152704
ENSG00000224559	2	132394598	132407188
ENSG00000204060	1	41827594	41849262
ENSG00000256889	4	92949929	92950119
ENSG00000242979	5	179360805	179361196
ENSG00000248817	4	93103628	93105203
ENSG00000213452	3	74185110	74186043
ENSG00000249876	5	179366457	179367132
ENSG00000249152	4	93189918	93198226
ENSG00000270930	2	132404277	132405945
ENSG00000147869	9	14719722	14722715
ENSG00000254251	8	91818702	91871468
ENSG00000251449	4	93623496	93623810
ENSG00000133069	1	205197304	205242471
ENSG00000046653	X	13789150	13956757
ENSG00000249412	5	179390615	179391419
ENSG00000150076	10	32832297	33171802
ENSG00000249239	4	93743137	93744069
ENSG00000237581	2	234854790	234864079
ENSG00000212585	3	74215203	74215290
ENSG00000188599	16	15198178	15225458
ENSG00000213222	2	132480826	132481852
ENSG00000263689	3	74583934	74584022
ENSG00000144959	3	172348039	172429008
ENSG00000255456	8	145809424	145811872
ENSG00000120253	6	150045451	150070801
ENSG00000253358	8	92028816	92030883
ENSG00000226442	2	235017725	235018125
ENSG00000241022	3	75133306	75134388
ENSG00000248627	4	93754836	93759993
ENSG00000262275	HG747_PATCH	66263142	66287383
ENSG00000254533	8	145923999	145924570
ENSG00000224411	11	27910385	27912580
ENSG00000242638	3	75231907	75232199
ENSG00000198995	5	179442303	179442397
ENSG00000261298	2	235131482	235133158
ENSG00000248750	4	93805814	93806258
ENSG00000110042	11	58938903	58976060
ENSG00000149735	11	64701943	64703360
ENSG00000102802	13	31480328	31499709
ENSG00000266780	3	75263627	75263700
ENSG00000115966	2	175936978	176033110
ENSG00000267449	17	59147217	59147717
ENSG00000223588	2	132534140	132534601
ENSG00000250908	4	94239774	94240937
ENSG00000206289	HSCHR6_MHC_QBL	33090190	33097291
ENSG00000213300	3	75263782	75264787
ENSG00000237784	2	235238127	235238482
ENSG00000253480	5	179512717	179514038
ENSG00000227694	17	59147232	59147702
ENSG00000264988	HG747_PATCH	65947001	65947862
ENSG00000255094	11	28000216	28041122
ENSG00000252342	4	94741322	94741431
ENSG00000264027	HG747_PATCH	65973814	65974084
ENSG00000267667	17	59208065	59213325
ENSG00000228868	3	75377700	75388222
ENSG00000255085	8	145925738	145933902
ENSG00000228162	2	235346972	235370771
ENSG00000140057	14	96858448	96955764
ENSG00000266812	HG747_PATCH	65989996	65992547
ENSG00000246541	4	95038943	95128707
ENSG00000229203	2	132587374	132589604
ENSG00000267131	17	59439029	59477604
ENSG00000264917	HG747_PATCH	66091184	66091873
ENSG00000231682	2	235353234	235363239
ENSG00000263782	3	75395290	75395366
ENSG00000258563	14	60646100	60646734
ENSG00000232690	2	235363801	235364427
ENSG00000263777	HG747_PATCH	66092162	66097590
ENSG00000229721	5	179653378	179654000
ENSG00000232760	2	132591356	132594105
ENSG00000127129	1	41944446	41950344
ENSG00000142973	1	47223510	47285085
ENSG00000262206	HG747_PATCH	66098024	66111634
ENSG00000250897	4	95117091	95117664
ENSG00000235726	2	235742959	235822028
ENSG00000243674	3	75396984	75397938
ENSG00000255210	11	109920253	109920885
ENSG00000174669	11	66129992	66139685
ENSG00000241103	4	95290984	95291314
ENSG00000113100	5	26880709	27121257
ENSG00000203436	4	95371802	95372043
ENSG00000254416	11	110225855	110277124
ENSG00000253908	5	179684680	179685366
ENSG00000261770	19	28248092	28251757
ENSG00000249951	4	95596396	95623721
ENSG00000179799	3	75405667	75406654
ENSG00000263612	8	145939284	145940230
ENSG00000226542	2	235993466	235997230
ENSG00000248367	5	179720245	179722253
ENSG00000249599	4	95664951	95678684
ENSG00000267297	HG747_PATCH	66121893	66148584
ENSG00000266685	3	75418410	75418497
ENSG00000244307	8	146010683	146010971
ENSG00000231032	2	236055660	236056144
ENSG00000233497	11	110658749	110659735
ENSG00000271474	4	96470280	96473608
ENSG00000250509	5	179868559	179870238
ENSG00000263640	8	146078798	146078907
ENSG00000230655	3	75419599	75420493
ENSG00000235293	2	236086540	236087549
ENSG00000159208	1	150254953	150259505
ENSG00000264973	2	132632204	132632480
ENSG00000242936	4	96566103	96566444
ENSG00000267575	19	28284371	28409771
ENSG00000244337	2	132715850	132723108
ENSG00000216002	2	236235002	236235095
ENSG00000200622	4	96789818	96789915
ENSG00000235529	2	236414395	236416210
ENSG00000175664	13	31506840	31549639
ENSG00000201744	4	97073448	97073554
ENSG00000200555	5	179871509	179871612
ENSG00000183579	22	29279580	29453475
ENSG00000235615	2	132722304	132737446
ENSG00000250655	4	97133430	97134251
ENSG00000236217	10	81791600	81792149
ENSG00000152990	4	22346694	22517677
ENSG00000221704	2	236480575	236480647
ENSG00000168070	11	64704989	64739557
ENSG00000250749	5	179961184	179961642
ENSG00000189120	17	45922279	45933240
ENSG00000228499	2	236791006	236791137
ENSG00000127952	7	75625656	75677322
ENSG00000255149	11	110747718	110747901
ENSG00000267294	HG747_PATCH	66130791	66131720
ENSG00000220925	X	69368432	69369504
ENSG00000236485	2	132741510	132751734
ENSG00000267071	HG747_PATCH	66148892	66155159
ENSG00000238812	2	236945894	236945955
ENSG00000227515	10	81800377	81800800
ENSG00000120318	5	141032968	141061788
ENSG00000264676	2	236980939	236981196
ENSG00000203588	X	69383692	69385056
ENSG00000207049	2	237061715	237061816
ENSG00000144331	2	180306709	180726232
ENSG00000263759	5	180009445	180009530
ENSG00000242657	X	69441858	69442164
ENSG00000230091	10	81806616	81838668
ENSG00000267087	HG747_PATCH	66186000	66188918
ENSG00000233611	2	237076090	237203570
ENSG00000200473	X	69472892	69473012
ENSG00000251352	5	180098892	180099598
ENSG00000213398	16	67973653	67978034
ENSG00000267451	HG747_PATCH	66195037	66195712
ENSG00000200168	11	110910822	110910932
ENSG00000231053	X	69581336	69582224
ENSG00000271390	11	110960594	110961092
ENSG00000269393	Y	28111776	28114889
ENSG00000226886	2	132795360	132795566
ENSG00000264506	HG747_PATCH	66242745	66244054
ENSG00000244699	3	75433210	75440961
ENSG00000271584	11	110962656	110968081
ENSG00000138246	3	132136370	132257876
ENSG00000200745	2	237119016	237119191
ENSG00000248717	5	180111766	180113546
ENSG00000201377	X	69616129	69616225
ENSG00000103978	15	42502730	42565861
ENSG00000207874	11	28078362	28078457
ENSG00000200431	X	69670729	69670872
ENSG00000271332	11	28166454	28166751
ENSG00000239354	11	110976271	110976619
ENSG00000144369	2	187558698	187630685
ENSG00000222385	11	28282741	28283066
ENSG00000231651	X	69672808	69675844
ENSG00000272635	19	28284396	28475892
ENSG00000271179	2	132837863	132838328
ENSG00000238149	11	28308782	28309172
ENSG00000203711	6	159290971	159331385
ENSG00000225594	2	132844862	132860137
ENSG00000240665	3	75444339	75444471
ENSG00000270202	11	110977784	110978474
ENSG00000244623	7	99473610	99474680
ENSG00000242953	3	75444555	75444687
ENSG00000264032	11	111218482	111218549
ENSG00000230171	10	81885697	81886073
ENSG00000151575	15	56536207	56738195
ENSG00000163545	1	205271187	205290883
ENSG00000267264	19	28294446	28294968
ENSG00000236791	5	180119832	180120763
ENSG00000253099	11	111253817	111253944
ENSG00000255322	11	28373654	28548588
ENSG00000118495	6	144261437	144385735
ENSG00000230187	X	69892745	69893365
ENSG00000267323	19	28296331	28297113
ENSG00000255428	11	111284967	111288911
ENSG00000227745	2	132890429	132897002
ENSG00000254606	11	28538379	28540888
ENSG00000237523	10	81967466	81979413
ENSG00000167182	17	45973516	46006323
ENSG00000255208	11	111320593	111322036
ENSG00000267389	19	28303715	28387623
ENSG00000248990	11	28700730	28705016
ENSG00000257891	14	19505871	19519837
ENSG00000234319	10	81975607	81975875
ENSG00000199769	X	70065931	70066145
ENSG00000199892	5	180156586	180156737
ENSG00000258265	14	19529958	19530898
ENSG00000207811	11	111383663	111383746
ENSG00000249867	11	28724162	29085368
ENSG00000213747	X	70077013	70077352
ENSG00000260841	5	180211782	180214869
ENSG00000270540	2	237276203	237277745
ENSG00000207562	11	111384164	111384240
ENSG00000234382	10	81993420	82005123
ENSG00000258252	14	19562689	19566731
ENSG00000232893	2	237299717	237301031
ENSG00000176571	8	87878670	88627447
ENSG00000266977	19	28340638	28380130
ENSG00000254980	11	111384768	111397480
ENSG00000272882	11	29008182	29009045
ENSG00000196693	10	43084555	43133992
ENSG00000230629	X	70182814	70183143
ENSG00000231546	2	237316489	237317720
ENSG00000235286	11	111541680	111543128
ENSG00000239108	2	132909816	132909922
ENSG00000257159	12	58360841	58362182
ENSG00000266715	7	102106189	102106273
ENSG00000222210	12	58371748	58372060
ENSG00000038945	8	15965387	16424999
ENSG00000230189	7	65874130	65955046
ENSG00000229324	X	70236381	70236755
ENSG00000267623	19	28393503	28475651
ENSG00000223324	11	111553835	111554148
ENSG00000257668	12	58377578	58378544
ENSG00000264471	7	102111916	102111978
ENSG00000234743	10	82006975	82007439
ENSG00000245060	5	180257957	180262726
ENSG00000257541	12	58481675	58487145
ENSG00000160408	9	130647600	130667687
ENSG00000256604	7	102120179	102121095
ENSG00000254990	11	111639392	111649074
ENSG00000232328	2	237642025	237663006
ENSG00000175928	3	3841121	3889387
ENSG00000212605	X	70240125	70240288
ENSG00000241423	12	58638161	58638648
ENSG00000271745	7	102120527	102120612
ENSG00000227536	X	70263064	70265320
ENSG00000232950	10	82057476	82059411
ENSG00000258133	12	58788379	58788921
ENSG00000202341	2	237923847	237923948
ENSG00000272949	7	102123791	102184211
ENSG00000124835	2	237957242	237964810
ENSG00000163636	3	63996225	64009658
ENSG00000164946	9	14734664	14910993
ENSG00000254450	11	111687938	111699936
ENSG00000257259	12	58959743	59175529
ENSG00000177156	11	747329	765024
ENSG00000255951	12	28317891	28318595
ENSG00000254949	11	111734977	111735183
ENSG00000202174	2	133010727	133010878
ENSG00000176343	11	111759923	111760198
ENSG00000221288	2	133014539	133014653
ENSG00000238965	11	111799124	111799232
ENSG00000273318	19	52196614	52197610
ENSG00000235858	10	82093527	82094182
ENSG00000233786	2	133019901	133020615
ENSG00000255286	11	111816363	111817616
ENSG00000177683	7	108194987	108210194
ENSG00000235705	10	81266126	81270678
ENSG00000252237	12	28472268	28472396
ENSG00000271738	10	82194765	82196869
ENSG00000255334	11	111886031	111886848
ENSG00000172524	HSCHR6_MHC_QBL	30093435	30106063
ENSG00000202187	12	28658327	28658461
ENSG00000230803	2	133043368	133051950
ENSG00000230911	11	111900582	111901091
ENSG00000244712	12	28717611	28718074
ENSG00000238444	11	111903223	111903322
ENSG00000253626	10	81272357	81276188
ENSG00000231234	7	65888392	65888880
ENSG00000169629	2	113127669	113192065
ENSG00000271025	11	111907351	111907587
ENSG00000256513	12	28974908	28978764
ENSG00000254638	11	112035920	112043329
ENSG00000238278	3	75464221	75471294
ENSG00000165733	10	43278249	43330385
ENSG00000222481	12	29273716	29273815
ENSG00000260958	16	34442308	34518517
ENSG00000252265	7	65899494	65899605
ENSG00000018607	2	133066882	133076309
ENSG00000268316	19	52343024	52344198
ENSG00000182307	8	146277764	146281416
ENSG00000125503	19	55602281	55628927
ENSG00000257258	12	29296129	29301608
ENSG00000272786	HSCHR6_MHC_APD	28730486	28730593
ENSG00000257443	12	59314420	59458019
ENSG00000100249	22	29454660	29457832
ENSG00000236928	7	65899621	65900465
ENSG00000169641	1	23410516	23504301
ENSG00000214264	11	112051496	112053914
ENSG00000161526	17	73663196	73704142
ENSG00000187094	3	42299317	42307699
ENSG00000269483	19	52343177	52346577
ENSG00000173511	11	64002010	64006259
ENSG00000264479	16	34442877	34442942
ENSG00000222852	5	180336838	180336927
ENSG00000272769	2	133103189	133104870
ENSG00000268095	19	52391278	52403716
ENSG00000260967	16	34455954	34456419
ENSG00000130363	6	159393903	159421219
ENSG00000255231	11	112079324	112079621
ENSG00000243664	5	180372756	180372907
ENSG00000244510	7	65947788	65955095
ENSG00000140983	16	718086	724174
ENSG00000269235	19	52452387	52484620
ENSG00000243930	11	112089049	112089443
ENSG00000230992	2	133110240	133112412
ENSG00000185271	14	20896970	20903801
ENSG00000127124	1	41972036	42501596
ENSG00000260984	16	34466783	34470355
ENSG00000260160	19	52561743	52566956
ENSG00000249287	5	180394189	180397762
ENSG00000243250	11	112106094	112106748
ENSG00000223802	19	18979361	19007536
ENSG00000185303	10	81315608	81320153
ENSG00000270248	19	52613571	52613979
ENSG00000248761	5	180394848	180395567
ENSG00000215954	11	112118553	112118647
ENSG00000212073	3	130830514	130830602
ENSG00000252705	2	133164325	133164431
ENSG00000265235	3	130907155	130907242
ENSG00000213234	11	112138013	112139094
ENSG00000170364	3	4344988	4359251
ENSG00000259897	16	34480287	34481905
ENSG00000232349	2	133246127	133246661
ENSG00000267827	19	52633801	52674786
ENSG00000250608	3	131043936	131100319
ENSG00000174576	11	66188475	66194178
ENSG00000231228	5	180409243	180409611
ENSG00000129595	5	111478138	111755013
ENSG00000234495	HSCHR6_MHC_APD	28870783	28891771
ENSG00000250303	11	112141472	112233257
ENSG00000253508	7	27226192	27233067
ENSG00000238630	19	52637506	52637593
ENSG00000268458	19	52645879	52647409
ENSG00000261010	16	34489563	34490004
ENSG00000200718	2	133281190	133281509
ENSG00000183762	22	29469066	29564321
ENSG00000138587	15	56713742	56757335
ENSG00000221142	2	133281558	133281665
ENSG00000101892	X	119495967	119516226
ENSG00000261752	16	34493001	34494000
ENSG00000230065	2	133418099	133424563
ENSG00000120694	13	31710762	31736525
ENSG00000221532	16	34510863	34510964
ENSG00000242976	5	153134942	153135238
ENSG00000206686	5	180434281	180434384
ENSG00000116035	2	71127720	71160576
ENSG00000266934	17	59460146	59462041
ENSG00000260846	16	34569648	34571260
ENSG00000241870	5	180492086	180492677
ENSG00000251183	5	153266988	153278547
ENSG00000114204	3	167159577	167196792
ENSG00000228721	2	133668669	133668834
ENSG00000168062	11	64755415	64764517
ENSG00000261382	5	153281019	153282783
ENSG00000206772	11	112223279	112223385
ENSG00000046647	X	14026398	14048012
ENSG00000179546	1	23516993	23521222
ENSG00000214295	5	180526140	180527666
ENSG00000137394	HSCHR6_MHC_QBL	30109273	30118261
ENSG00000125531	20	62184373	62188061
ENSG00000205639	2	24232951	24286191
ENSG00000162873	1	205305220	205326218
ENSG00000233729	2	133673130	133689067
ENSG00000261486	16	34578462	34578930
ENSG00000254968	11	112263841	112492452
ENSG00000251710	5	153472864	153472939
ENSG00000267280	17	59470817	59488916
ENSG00000089022	12	112279782	112334343
ENSG00000260427	16	34581756	34582668
ENSG00000245275	5	153708997	153825410
ENSG00000260480	16	34586853	34587393
ENSG00000248560	5	180541106	180542674
ENSG00000072952	11	10594638	10715535
ENSG00000248473	5	180618046	180618852
ENSG00000259841	16	34597783	34624955
ENSG00000213233	11	112332191	112332643
ENSG00000221468	10	43837234	43837358
ENSG00000157093	3	42438570	42452092
ENSG00000221400	10	43912698	43912888
ENSG00000267768	19	28399264	28399462
ENSG00000252375	4	153822118	153822231
ENSG00000255484	11	112404945	112426525
ENSG00000253119	5	153717031	153718012
ENSG00000230555	10	43916186	43917548
ENSG00000231841	4	153848598	153849359
ENSG00000226953	2	134022540	134042334
ENSG00000267630	19	28409851	28420278
ENSG00000196704	17	66243715	66253297
ENSG00000111481	12	54694986	54745633
ENSG00000249022	4	153955363	154012317
ENSG00000260291	16	34618515	34619457
ENSG00000221070	5	153719592	153719686
ENSG00000252532	10	43953513	43953577
ENSG00000212397	11	112473077	112473175
ENSG00000221430	5	153726666	153726807
ENSG00000236114	10	44018704	44020665
ENSG00000254626	11	112658027	112666577
ENSG00000092094	14	20914570	20923264
ENSG00000261689	16	34623574	34624374
ENSG00000252030	4	154186814	154186907
ENSG00000241963	5	153728988	153729283
ENSG00000206320	HSCHR6_MHC_QBL	32106368	32109724
ENSG00000266906	19	28473940	28474240
ENSG00000232169	HSCHR6_MHC_DBB	30529391	30555197
ENSG00000201786	4	154188061	154188162
ENSG00000260598	16	34640118	34641720
ENSG00000247416	11	112830002	112834182
ENSG00000252557	7	148983533	148983604
ENSG00000254293	5	153863477	153865710
ENSG00000232004	10	44100291	44101699
ENSG00000213406	4	154228944	154229869
ENSG00000066044	19	8023463	8070543
ENSG00000173868	17	47300724	47308128
ENSG00000267509	19	28556174	28616337
ENSG00000231397	7	149018956	149019183
ENSG00000263596	4	154281685	154281806
ENSG00000089063	20	5080486	5093749
ENSG00000223910	10	44124265	44170151
ENSG00000243883	4	154302879	154303167
ENSG00000260812	16	34648650	34649118
ENSG00000215311	7	149031115	149031948
ENSG00000243680	19	52646296	52646589
ENSG00000250771	4	154561320	154602332
ENSG00000260680	16	34654662	34655580
ENSG00000267927	19	52674411	52680255
ENSG00000253886	5	153873136	153874303
ENSG00000261299	16	34659735	34660854
ENSG00000237389	10	44126330	44127012
ENSG00000227252	2	237968077	237994460
ENSG00000115234	2	27593389	27599995
ENSG00000250222	5	180618924	180621429
ENSG00000146833	7	99474581	99517223
ENSG00000187145	1	150266289	150281414
ENSG00000266928	19	28785000	28804407
ENSG00000268015	19	52725478	52734547
ENSG00000110713	11	3692313	3819022
ENSG00000253146	5	153938868	153940000
ENSG00000244390	12	59413950	59414675
ENSG00000248208	4	154579724	154580805
ENSG00000238263	10	44126395	44126830
ENSG00000224844	2	238031553	238032740
ENSG00000181449	3	181429714	181432221
ENSG00000214581	16	34681269	34683395
ENSG00000257288	12	59446761	59447965
ENSG00000258214	12	59759999	59804952
ENSG00000249309	4	154641479	154648874
ENSG00000264760	5	153975572	153975632
ENSG00000226245	10	44139320	44140495
ENSG00000222032	2	238337563	238343465
ENSG00000179528	2	74724644	74730443
ENSG00000221552	5	154065336	154065421
ENSG00000257652	HSCHR4_1	69313165	69363317
ENSG00000250900	5	180622496	180630103
ENSG00000212599	12	59762832	59762932
ENSG00000207265	19	52762329	52762440
ENSG00000065154	10	126085872	126107545
ENSG00000230565	10	44141390	44143467
ENSG00000263478	5	154083077	154083344
ENSG00000208002	19	52785050	52785146
ENSG00000252181	4	154794519	154794603
ENSG00000222449	2	238471808	238471913
ENSG00000272197	5	154097945	154098249
ENSG00000264137	4	155140061	155140145
ENSG00000261711	16	34711785	34714852
ENSG00000227107	2	238521620	238535168
ENSG00000269102	19	52788033	52801173
ENSG00000241187	5	154108791	154109254
ENSG00000228151	7	149095295	149098547
ENSG00000270580	16	15198580	15225458
ENSG00000249200	4	155295038	155295499
ENSG00000263361	5	154209018	154209100
ENSG00000228426	10	44161116	44162453
ENSG00000269535	19	52803946	52848482
ENSG00000182389	2	152689290	152955593
ENSG00000254526	11	29181503	29288281
ENSG00000250609	4	155444639	155445959
ENSG00000263723	2	238778547	238778625
ENSG00000253261	5	154373158	154374005
ENSG00000271173	10	44223665	44224176
ENSG00000251971	2	238937612	238937704
ENSG00000255450	11	29297202	29298112
ENSG00000221131	5	154404274	154404360
ENSG00000224162	10	44227782	44228032
ENSG00000200350	4	155465085	155465189
ENSG00000173486	11	64008475	64011604
ENSG00000225057	2	239140325	239164274
ENSG00000253646	5	154490744	154491884
ENSG00000211499	11	29298236	29298352
ENSG00000176566	8	88882973	88886296
ENSG00000248611	4	155476360	155477137
ENSG00000101958	X	14547420	14749934
ENSG00000204978	19	41949063	41950670
ENSG00000243766	7	27238194	27246878
ENSG00000254530	11	29357425	29615842
ENSG00000252688	2	134091401	134091502
ENSG00000222068	2	134148681	134148970
ENSG00000249074	4	155645738	155646032
ENSG00000232474	2	134189237	134191468
ENSG00000113361	5	31193857	31329253
ENSG00000232306	2	239207351	239209261
ENSG00000271477	5	154776851	154777913
ENSG00000126107	1	45468212	45477001
ENSG00000213465	11	64781585	64789656
ENSG00000174547	11	66202546	66234209
ENSG00000270442	5	154870896	154873158
ENSG00000223430	2	134311886	134315798
ENSG00000255281	11	29413072	29415391
ENSG00000249041	4	155675908	155703025
ENSG00000202099	2	239321283	239321386
ENSG00000200275	5	155272447	155272538
ENSG00000130589	20	62189439	62205592
ENSG00000229915	2	239335718	239336370
ENSG00000253370	5	155885408	155885517
ENSG00000200708	2	134353662	134353970
ENSG00000249692	4	155691720	155692068
ENSG00000268730	15	99859300	99859828
ENSG00000248514	5	180632361	180633120
ENSG00000225493	2	239419331	239463695
ENSG00000254163	5	156131069	156166823
ENSG00000250251	16	15219099	15248421
ENSG00000263813	2	134884696	134884763
ENSG00000222582	4	155708270	155708430
ENSG00000070413	22	19023795	19109967
ENSG00000255227	11	29467034	29478940
ENSG00000234279	2	239628965	239649421
ENSG00000253308	7	27278862	27280847
ENSG00000252604	4	155711443	155711636
ENSG00000199468	5	156241141	156241245
ENSG00000115289	2	74732170	74735707
ENSG00000222921	2	134988766	134988883
ENSG00000007129	19	42055886	42093197
ENSG00000264732	5	180649566	180649633
ENSG00000224252	2	239643904	239644188
ENSG00000231989	5	156277549	156279539
ENSG00000246082	3	131080742	131083966
ENSG00000250538	4	156127681	156130179
ENSG00000178075	3	113547029	113666021
ENSG00000255029	11	29540623	29574186
ENSG00000234060	2	135077225	135077649
ENSG00000253405	7	27281048	27286848
ENSG00000125944	1	23630264	23670829
ENSG00000156103	8	89044237	89340254
ENSG00000255117	11	29616465	29652211
ENSG00000226992	2	239697289	239698357
ENSG00000247049	5	180651646	180657685
ENSG00000244657	7	65950082	65951519
ENSG00000255674	2	135213767	135214178
ENSG00000227744	2	239840998	239847965
ENSG00000223473	7	65956083	65958553
ENSG00000272296	5	180668814	180668892
ENSG00000213783	7	27308976	27309297
ENSG00000255047	11	29690433	29691175
ENSG00000131142	19	8117651	8127534
ENSG00000236397	2	114356606	114359144
ENSG00000237310	7	65958693	65960461
ENSG00000224043	2	135493034	135676280
ENSG00000264839	5	99386069	99386142
ENSG00000271480	5	99386423	99386767
ENSG00000254734	11	29735456	29903261
ENSG00000270388	5	99386837	99387620
ENSG00000243505	11	29742946	29743238
ENSG00000240554	11	29747311	29748112
ENSG00000270307	5	99387624	99388301
ENSG00000264549	5	180670312	180670379
ENSG00000186998	22	29601840	29655586
ENSG00000261340	11	30001660	30003939
ENSG00000236569	7	27368226	27369153
ENSG00000250910	4	156197841	156302498
ENSG00000179342	7	65970142	65971210
ENSG00000233937	5	180673523	180699168
ENSG00000270225	5	99388563	99389243
ENSG00000266655	12	124020956	124021081
ENSG00000254532	11	30065605	30105890
ENSG00000227374	10	131567108	131567699
ENSG00000207294	16	15244554	15244653
ENSG00000271207	5	99389390	99390749
ENSG00000215274	X	49160148	49176323
ENSG00000255288	11	30188710	30188853
ENSG00000207251	3	27307071	27307174
ENSG00000264115	16	15248707	15248859
ENSG00000224151	Y	20994888	21001199
ENSG00000115827	2	172290727	172341562
ENSG00000221573	3	27404057	27404149
ENSG00000266676	10	131641563	131641638
ENSG00000257391	16	15248760	15250877
ENSG00000264625	3	27460829	27461125
ENSG00000242353	11	30389695	30390193
ENSG00000237489	10	131864638	131909081
ENSG00000227523	3	27503997	27504307
ENSG00000058063	3	182511288	182639423
ENSG00000270560	5	156351130	156351721
ENSG00000164691	6	159455500	159466184
ENSG00000234500	7	65976543	66010053
ENSG00000207077	5	99489376	99489483
ENSG00000254246	5	156531799	156541911
ENSG00000224659	X	49178536	49185863
ENSG00000234682	2	135554739	135555449
ENSG00000233122	10	131904273	131907095
ENSG00000186007	1	205350506	205425082
ENSG00000044012	1	42619092	42621495
ENSG00000186399	15	30695943	30706463
ENSG00000249787	5	99737145	99744603
ENSG00000163026	2	24252210	24272445
ENSG00000269834	19	52892095	52901019
ENSG00000237597	X	49188094	49195366
ENSG00000116039	2	71163012	71192536
ENSG00000233319	10	131930034	131930505
ENSG00000247373	12	124066767	124069662
ENSG00000236303	10	132237331	132281418
ENSG00000267320	19	28807612	28877111
ENSG00000222997	10	132303370	132303465
ENSG00000186889	2	62727356	62739029
ENSG00000264803	10	132760851	132760931
ENSG00000205775	X	49197607	49204923
ENSG00000206897	12	124101255	124101387
ENSG00000266057	10	132793569	132793650
ENSG00000247877	5	99785458	99870966
ENSG00000269776	19	52929116	52929455
ENSG00000267238	19	28885758	28887335
ENSG00000255839	12	124192149	124192933
ENSG00000230098	10	132893481	132894040
ENSG00000137384	HSCHR6_MHC_QBL	30120533	30130023
ENSG00000269349	19	53014535	53015595
ENSG00000248275	5	180688213	180699308
ENSG00000114353	3	50263724	50296787
ENSG00000260725	19	28909390	28920397
ENSG00000260153	16	34720137	34720596
ENSG00000260319	HG104_HG975_PATCH	145094584	145129202
ENSG00000265977	10	133489515	133489584
ENSG00000225351	HSCHR6_MHC_APD	28962606	28973138
ENSG00000258052	12	70195449	70249143
ENSG00000251970	Y	20995615	20995776
ENSG00000242255	19	53067329	53067484
ENSG00000240257	X	49207160	49214420
ENSG00000235010	10	133994729	133999466
ENSG00000259836	16	34723608	34724583
ENSG00000238088	Y	21010150	21029166
ENSG00000137207	6	43479565	43484728
ENSG00000261350	16	34725545	34726766
ENSG00000268886	19	53079136	53088814
ENSG00000267243	19	28926295	29218684
ENSG00000229180	7	65991075	66007536
ENSG00000260341	16	34726695	34727817
ENSG00000255480	11	30447099	30450815
ENSG00000265502	X	70304339	70304637
ENSG00000250806	5	99989816	99993674
ENSG00000241465	X	49216659	49223943
ENSG00000261445	16	34728125	34730828
ENSG00000196924	X	153576892	153603006
ENSG00000254489	11	30605677	30652055
ENSG00000265597	X	70361035	70361156
ENSG00000228427	X	70403409	70418025
ENSG00000212140	2	95512278	95512384
ENSG00000260857	16	34739464	34740833
ENSG00000187048	1	47394849	47407156
ENSG00000206288	HSCHR6_MHC_QBL	33097048	33101042
ENSG00000255591	X	70520580	70520897
ENSG00000133704	12	30781922	30848920
ENSG00000269622	16	34740963	34741541
ENSG00000228098	2	135573932	135574159
ENSG00000123870	19	53091758	53100660
ENSG00000251968	11	31195471	31195552
ENSG00000221629	11	31227306	31227441
ENSG00000239215	12	124205793	124206186
ENSG00000224208	X	70534762	70535729
ENSG00000263783	2	135615390	135615443
ENSG00000255370	11	31302219	31302534
ENSG00000251931	12	59844454	59844553
ENSG00000261733	16	34763493	34763688
ENSG00000242135	14	60679180	60679630
ENSG00000260189	HG104_HG975_PATCH	145160798	145162819
ENSG00000266724	12	59921840	59921922
ENSG00000230807	3	27527738	27528108
ENSG00000238337	2	135823202	135823304
ENSG00000270028	12	124410008	124410630
ENSG00000236249	X	49226182	49233481
ENSG00000224322	7	27401462	27449557
ENSG00000251841	Y	2652790	2652894
ENSG00000265430	12	59921958	59922049
ENSG00000208308	2	135894198	135894325
ENSG00000257176	12	29433351	29470781
ENSG00000259996	16	34777650	34778016
ENSG00000167107	17	48503519	48552206
ENSG00000114812	3	42530791	42579059
ENSG00000202471	12	59980574	59980724
ENSG00000213706	X	70572268	70572838
ENSG00000237659	Y	2657868	2658369
ENSG00000270005	12	124420169	124420753
ENSG00000254718	14	60706839	60715483
ENSG00000235651	2	136268116	136269513
ENSG00000259848	2	95533231	95613086
ENSG00000197273	1	42628362	42630389
ENSG00000260994	16	34782288	34783200
ENSG00000201033	3	27555362	27555523
ENSG00000257146	12	60113479	60113725
ENSG00000233830	7	27497782	27498468
ENSG00000270130	12	124445264	124445791
ENSG00000068305	15	100017370	100256671
ENSG00000232195	Y	2696023	2696259
ENSG00000232167	3	27566844	27566885
ENSG00000261046	16	34787280	34788372
ENSG00000217179	Y	21033988	21034158
ENSG00000266893	19	28982771	29123635
ENSG00000237176	12	60205883	60206357
ENSG00000227289	Y	2749724	2751693
ENSG00000201308	2	136414047	136414149
ENSG00000267423	19	29000145	29009635
ENSG00000204217	2	203241659	203432474
ENSG00000213781	7	27501385	27502588
ENSG00000207654	2	136422967	136423048
ENSG00000186281	2	96687694	96705199
ENSG00000260134	16	34809205	34809865
ENSG00000264437	12	60420552	60420638
ENSG00000258556	14	60789954	60790625
ENSG00000270048	12	124447102	124447364
ENSG00000231850	X	49235708	49242997
ENSG00000200664	2	136567739	136567849
ENSG00000257294	12	60486645	60489632
ENSG00000238912	3	27589248	27589349
ENSG00000269997	12	124450624	124451176
ENSG00000177225	11	767220	777488
ENSG00000226806	2	136577761	136580657
ENSG00000223968	3	27665693	27665947
ENSG00000229163	Y	2797042	2799161
ENSG00000260746	16	34872994	34879551
ENSG00000258427	14	60864475	60864999
ENSG00000235574	7	27531301	27532384
ENSG00000248105	5	82120703	82121003
ENSG00000244026	3	75470703	75484261
ENSG00000173457	11	64011956	64014413
ENSG00000199295	2	83884859	83884966
ENSG00000176728	Y	21034387	21239302
ENSG00000166268	12	70219084	70352877
ENSG00000259169	14	60865652	60866731
ENSG00000172554	2	946554	1371385
ENSG00000180616	17	71161151	71167185
ENSG00000248112	5	82215195	82216938
ENSG00000229893	7	27773014	27780014
ENSG00000229601	X	70633684	70633936
ENSG00000214070	2	136655525	136656548
ENSG00000236737	X	49294472	49294588
ENSG00000258692	14	60960484	60963603
ENSG00000252298	2	84085947	84086023
ENSG00000265382	7	27920106	27920397
ENSG00000213018	X	70639933	70640364
ENSG00000206623	7	28157732	28157838
ENSG00000236198	2	84101832	84103457
ENSG00000136840	9	130670165	130679317
ENSG00000113532	5	100142639	100238970
ENSG00000255525	11	31327232	31336095
ENSG00000166510	18	52568740	52626739
ENSG00000226463	HSCHR6_MHC_APD	29012035	29013062
ENSG00000237671	X	49296814	49304141
ENSG00000249857	5	82236277	82236802
ENSG00000234336	7	28219941	28283536
ENSG00000221338	11	31457017	31457110
ENSG00000207269	5	100068762	100069090
ENSG00000252525	X	70660367	70660477
ENSG00000221263	5	100152186	100152269
ENSG00000178115	15	30844183	30854704
ENSG00000102383	X	74588262	74743337
ENSG00000199751	X	70710916	70711017
ENSG00000223700	2	84104851	84105677
ENSG00000228061	11	31658875	31789501
ENSG00000264318	5	100917534	100917830
ENSG00000258670	14	60981837	61021634
ENSG00000233054	HSCHR6_MHC_APD	29054028	29055133
ENSG00000243468	X	70711529	70712778
ENSG00000228225	2	84258264	84259482
ENSG00000258184	12	60609775	60610165
ENSG00000251261	5	101152179	101152484
ENSG00000174516	11	66234216	66244808
ENSG00000258764	14	61011118	61011372
ENSG00000260226	HG104_HG975_PATCH	145164762	145168388
ENSG00000269938	12	124452570	124453126
ENSG00000173269	10	88695297	88729238
ENSG00000248400	5	82264707	82272972
ENSG00000105352	19	42125344	42133442
ENSG00000078579	8	16849678	16859690
ENSG00000249495	5	101312000	101312502
ENSG00000215120	X	70747664	70750075
ENSG00000252607	12	60735605	60735722
ENSG00000270061	12	124454537	124454891
ENSG00000249664	5	82308104	82308928
ENSG00000231890	2	136742746	136779888
ENSG00000251822	12	60757603	60757716
ENSG00000226271	HSCHR6_MHC_APD	29079708	29080643
ENSG00000228902	2	84267009	84267844
ENSG00000270095	12	124456004	124456261
ENSG00000256827	12	124490418	124490772
ENSG00000271862	5	82345195	82346783
ENSG00000199786	5	101466711	101466839
ENSG00000237055	2	95565311	95566406
ENSG00000264855	X	70845603	70845705
ENSG00000269923	12	124570308	124573142
ENSG00000225550	HSCHR6_MHC_APD	29141357	29142397
ENSG00000267537	19	29093286	29139210
ENSG00000182814	2	84517806	84519326
ENSG00000248261	5	101479781	101482276
ENSG00000256596	12	124690774	124693564
ENSG00000266976	19	29097595	29106136
ENSG00000136213	7	2443223	2474242
ENSG00000119782	2	24272571	24286551
ENSG00000222987	5	101638208	101638514
ENSG00000172985	2	109745804	110262207
ENSG00000267799	19	29281719	29283778
ENSG00000197629	11	58975983	58980424
ENSG00000232128	2	95566735	95567347
ENSG00000236927	HSCHR6_MHC_APD	29274489	29275605
ENSG00000181355	6	9596343	10211841
ENSG00000267617	19	29360703	29370077
ENSG00000176495	11	59131885	59132921
ENSG00000267528	19	29374337	29444152
ENSG00000249017	5	101836245	101841374
ENSG00000238835	5	82360023	82360156
ENSG00000074621	15	65903704	65953333
ENSG00000267683	19	29383838	29386856
ENSG00000243385	5	82497048	82497960
ENSG00000181544	X	14861529	14891191
ENSG00000227488	X	49306370	49313697
ENSG00000172324	11	59189416	59190449
ENSG00000238514	19	29421910	29422012
ENSG00000233158	2	95578177	95578576
ENSG00000251552	5	82575740	82576463
ENSG00000137871	15	56922379	57210769
ENSG00000267027	19	29440344	29441107
ENSG00000228272	2	84542232	84577898
ENSG00000232289	HSCHR6_MHC_APD	29393366	29424928
ENSG00000250958	5	101917072	101953293
ENSG00000172320	11	59210617	59211667
ENSG00000251395	5	82722495	82722849
ENSG00000248103	5	180708376	180710653
ENSG00000152611	5	35904397	35938881
ENSG00000231331	2	95618906	95619338
ENSG00000222533	5	180728968	180729071
ENSG00000216649	X	49315936	49323252
ENSG00000259791	16	34874400	34874953
ENSG00000233373	2	84554386	84554691
ENSG00000249835	5	82827171	82877139
ENSG00000166884	11	59224411	59225464
ENSG00000238035	5	180733503	180755068
ENSG00000260522	16	34956639	34956900
ENSG00000247402	5	101941339	101941901
ENSG00000267137	17	59537585	59540745
ENSG00000257865	12	60812764	60813074
ENSG00000249924	4	156207314	156208288
ENSG00000109511	4	169013666	169108841
ENSG00000196861	17	59667894	59668541
ENSG00000139531	12	56390964	56400425
ENSG00000259056	2	84977893	84978355
ENSG00000250205	4	156302194	156302391
ENSG00000211566	2	239894624	239894706
ENSG00000257308	12	61624940	61626718
ENSG00000230505	HSCHR6_MHC_APD	29407167	29408815
ENSG00000250682	5	101944860	102007263
ENSG00000254466	11	59244846	59245869
ENSG00000273003	11	64781654	64808042
ENSG00000202361	17	59951445	59951543
ENSG00000260506	2	239928722	239931139
ENSG00000198815	1	42642210	42801548
ENSG00000242398	17	60083100	60083348
ENSG00000251915	16	34968764	34968875
ENSG00000235847	2	85004383	85005347
ENSG00000266109	2	239990513	239990610
ENSG00000261794	15	30896329	30906764
ENSG00000221302	17	60093218	60093298
ENSG00000222207	16	34969010	34969119
ENSG00000117360	1	150293925	150325671
ENSG00000265332	2	239990615	239990708
ENSG00000200842	17	60114194	60114306
ENSG00000251924	16	34969743	34969842
ENSG00000250398	4	156304259	156305254
ENSG00000232559	7	66010634	66057373
ENSG00000223299	14	97104524	97104851
ENSG00000266360	2	239990762	239990855
ENSG00000207123	17	60199681	60199782
ENSG00000176200	11	59271049	59271984
ENSG00000252624	16	34969996	34970104
ENSG00000135124	12	121647660	121671909
ENSG00000258979	14	97207528	97256950
ENSG00000106003	7	2552163	2568811
ENSG00000263743	2	239990860	239990953
ENSG00000266066	17	60214333	60218000
ENSG00000271606	4	156306504	156306644
ENSG00000232594	2	95626792	95627248
ENSG00000264103	2	239991056	239991149
ENSG00000249247	4	156372769	156373557
ENSG00000264518	2	239991154	239991247
ENSG00000250765	5	180756242	180769214
ENSG00000249770	4	156373678	156374196
ENSG00000265979	2	239991301	239991394
ENSG00000212612	14	19564785	19564891
ENSG00000258825	14	97397704	97409917
ENSG00000172742	11	59282386	59283330
ENSG00000248748	4	156374201	156375955
ENSG00000266365	17	60308831	60324514
ENSG00000264730	2	239991448	239991541
ENSG00000151640	10	134000404	134019280
ENSG00000155970	8	16884747	16980153
ENSG00000253073	5	82981685	82981837
ENSG00000181315	6	26636518	26659980
ENSG00000258314	14	19611768	19643377
ENSG00000248548	4	156376202	156377563
ENSG00000233105	2	95630218	95630581
ENSG00000265891	2	240007394	240007492
ENSG00000225163	14	97409916	97411731
ENSG00000206744	5	82999267	82999362
ENSG00000233070	Y	2834885	2870667
ENSG00000264810	2	240007523	240007622
ENSG00000251035	5	180805696	180806039
ENSG00000232491	7	66021203	66022052
ENSG00000249127	4	156377790	156378133
ENSG00000242858	5	83042207	83042808
ENSG00000265416	2	240008039	240008138
ENSG00000151466	4	129786076	130014764
ENSG00000256301	5	180878878	180878968
ENSG00000224585	2	95637699	95637912
ENSG00000007306	19	42177235	42210895
ENSG00000265215	2	240227157	240227240
ENSG00000257608	14	19614216	19615884
ENSG00000259026	14	97576753	97585584
ENSG00000177418	7	66021832	66022349
ENSG00000213285	5	180898964	180899431
ENSG00000229125	HSCHR6_MHC_APD	29425038	29432186
ENSG00000249698	4	156378332	156379112
ENSG00000108439	17	46018872	46025654
ENSG00000264292	2	240273419	240273499
ENSG00000213400	2	85101820	85102144
ENSG00000124067	16	67977377	68003504
ENSG00000248420	4	156379113	156379792
ENSG00000225573	7	66071725	66072094
ENSG00000227459	2	240547392	240552533
ENSG00000238998	11	112848075	112848142
ENSG00000223600	Y	2863108	2863314
ENSG00000249386	4	156380022	156380715
ENSG00000258393	14	97582692	97587838
ENSG00000175749	5	102368080	102368735
ENSG00000202157	5	83099373	83099504
ENSG00000259889	2	240656650	240657232
ENSG00000251223	4	156380856	156382389
ENSG00000227487	11	113140254	113144623
ENSG00000250013	5	83170985	83171640
ENSG00000264279	2	240882432	240882511
ENSG00000248907	4	156382785	156383815
ENSG00000231535	Y	2870953	2970313
ENSG00000251407	4	156384025	156384975
ENSG00000231278	2	241018850	241019779
ENSG00000259110	14	97621194	97625073
ENSG00000110048	11	59341871	59383617
ENSG00000166685	17	71189129	71204646
ENSG00000213048	2	241048519	241049469
ENSG00000233447	2	95640289	95640583
ENSG00000251244	4	156436879	156438611
ENSG00000225210	14	19650018	19718563
ENSG00000227479	2	241166977	241195452
ENSG00000246084	14	97925153	98047938
ENSG00000213399	2	85142910	85143789
ENSG00000248203	5	102581749	102589220
ENSG00000260244	4	156655600	156658214
ENSG00000221412	2	241201132	241201277
ENSG00000174495	7	28318830	28319319
ENSG00000255129	11	113149159	113185159
ENSG00000110025	11	64794880	64808044
ENSG00000255735	2	241390181	241391848
ENSG00000240730	14	97996228	97996510
ENSG00000235186	2	95657625	95660107
ENSG00000207611	2	241395418	241395506
ENSG00000005893	X	119561682	119603220
ENSG00000225286	7	28654714	28655505
ENSG00000100263	22	29655841	29664198
ENSG00000260942	2	241522117	241526116
ENSG00000197176	14	98098984	98152995
ENSG00000173930	5	101569690	101632253
ENSG00000149782	11	64018995	64036622
ENSG00000270179	11	113239200	113239839
ENSG00000250567	5	102744642	102748212
ENSG00000219159	2	241625751	241629831
ENSG00000255690	7	28992974	28998029
ENSG00000216125	5	83269615	83269705
ENSG00000217896	Y	21147061	21148284
ENSG00000187951	15	30916697	31065196
ENSG00000252861	5	83492701	83492807
ENSG00000142449	19	8130286	8214730
ENSG00000155158	9	15163620	15307358
ENSG00000256757	11	113276043	113282839
ENSG00000169976	6	144416018	144416754
ENSG00000112474	HSCHR6_MHC_QBL	33101245	33103438
ENSG00000115504	2	62900986	63273622
ENSG00000231705	10	134232587	134234457
ENSG00000255965	12	124867927	124868056
ENSG00000234954	HSCHR6_MHC_APD	29454555	29455819
ENSG00000250320	5	83680245	83786583
ENSG00000258379	14	98252902	98255593
ENSG00000265140	11	113320745	113320810
ENSG00000176734	7	28992974	28997934
ENSG00000233392	2	241894034	241906868
ENSG00000138135	10	90965694	90967071
ENSG00000259097	14	98534577	98671480
ENSG00000256091	11	113582442	113583120
ENSG00000242822	2	95669292	95669588
ENSG00000233850	2	95690938	95692454
ENSG00000243353	11	113621838	113622008
ENSG00000258511	14	98602411	98605579
ENSG00000131730	5	80529104	80562216
ENSG00000222066	14	98797969	98798087
ENSG00000261122	16	34977639	34990886
ENSG00000228421	7	28997283	28998961
ENSG00000181904	5	134181370	134195427
ENSG00000257070	11	113640382	113640716
ENSG00000241757	14	98817706	98818001
ENSG00000130150	X	14891563	14940449
ENSG00000258795	14	98963469	98981135
ENSG00000260840	2	85291231	85294470
ENSG00000226926	5	102766107	102862319
ENSG00000256603	11	113641115	113642413
ENSG00000186710	12	113587663	113597081
ENSG00000272568	7	29019583	29052983
ENSG00000235463	2	85295932	85296154
ENSG00000237342	14	99311233	99311934
ENSG00000223991	2	241920932	241925489
ENSG00000256167	11	113659953	113662088
ENSG00000185275	Y	21154353	21154595
ENSG00000176402	7	99520892	99527243
ENSG00000225787	2	85329512	85329817
ENSG00000229996	2	241949462	241950161
ENSG00000233517	7	29026644	29028515
ENSG00000259119	14	99391474	99394142
ENSG00000225521	2	241955016	242003533
ENSG00000232573	14	99439216	99439638
ENSG00000255870	11	113659964	113660749
ENSG00000229452	7	29119900	29122143
ENSG00000214650	12	124997768	124999359
ENSG00000169495	8	38831683	38846181
ENSG00000166881	12	57449426	57481846
ENSG00000174776	3	167196472	167371771
ENSG00000235861	2	242058140	242058358
ENSG00000252094	16	34980360	34980465
ENSG00000252008	12	125386058	125386157
ENSG00000252182	16	34981403	34981511
ENSG00000257101	11	113662188	113662474
ENSG00000214853	5	84295738	84296113
ENSG00000175471	5	94039446	94620279
ENSG00000252766	Y	21180869	21180973
ENSG00000253055	16	34984432	34984546
ENSG00000223052	7	29127804	29127927
ENSG00000265345	12	125400093	125400205
ENSG00000256452	11	113688799	113693180
ENSG00000252647	16	34985945	34986055
ENSG00000235669	7	29239156	29248586
ENSG00000231134	2	85413532	85414376
ENSG00000252268	16	34986199	34986306
ENSG00000234529	Y	21489455	21490459
ENSG00000255710	11	113691578	113692607
ENSG00000187676	13	31774073	31906413
ENSG00000251760	16	34987197	34987313
ENSG00000249349	5	84408160	84408574
ENSG00000251717	16	34988167	34988301
ENSG00000201687	11	113730068	113730171
ENSG00000248674	5	84486447	84486648
ENSG00000221112	11	113957533	113957651
ENSG00000256947	11	114081338	114227293
ENSG00000137313	HSCHR6_MHC_QBL	30141750	30170728
ENSG00000200701	2	85432049	85432155
ENSG00000115128	2	24290454	24299313
ENSG00000135604	6	144471663	144509507
ENSG00000236362	X	49325479	49332808
ENSG00000203504	11	31705636	31707478
ENSG00000230299	2	85489267	85489390
ENSG00000256195	11	114231357	114250767
ENSG00000234311	10	134247237	134254988
ENSG00000167103	9	130683158	130693076
ENSG00000226900	10	134325130	134331695
ENSG00000146904	7	143087382	143105985
ENSG00000203418	11	31706615	31706873
ENSG00000261167	3	131173970	131177442
ENSG00000244756	14	61038742	61039029
ENSG00000256533	11	114323786	114324845
ENSG00000250253	5	84505878	84506721
ENSG00000272286	11	31807987	31808519
ENSG00000241354	14	61068864	61069251
ENSG00000229081	10	134334331	134335953
ENSG00000215269	X	49335037	49342357
ENSG00000103269	16	725666	728268
ENSG00000117266	1	205473723	205501921
ENSG00000253014	14	61073785	61073883
ENSG00000255982	11	114383428	114384153
ENSG00000204421	6	31686425	31689622
ENSG00000261842	7	149119766	149121981
ENSG00000221579	2	85526157	85526241
ENSG00000234531	10	134596683	134598269
ENSG00000258952	14	61107448	61109307
ENSG00000254584	11	32057527	32062864
ENSG00000249792	5	84508776	84509432
ENSG00000249020	3	131197941	131198077
ENSG00000270204	11	114388586	114389093
ENSG00000258445	14	61246696	61247313
ENSG00000232903	10	134757471	134778793
ENSG00000248468	3	131236675	131239724
ENSG00000231062	2	95717140	95718921
ENSG00000238724	11	114397851	114397954
ENSG00000249013	4	156927630	156928140
ENSG00000106009	7	2577511	2595361
ENSG00000224902	X	49344586	49351904
ENSG00000186377	1	47427036	47516423
ENSG00000226659	10	82289353	82295698
ENSG00000246575	2	85542164	85543652
ENSG00000224758	10	134774844	134775741
ENSG00000256674	11	114453975	114455414
ENSG00000266647	17	60337995	60339297
ENSG00000254836	11	32074389	32074806
ENSG00000248530	3	131245291	131246023
ENSG00000258892	14	61346432	61449303
ENSG00000125945	1	23685941	23695935
ENSG00000105388	19	42212504	42233718
ENSG00000221189	4	157217713	157217798
ENSG00000240707	10	134779038	134789858
ENSG00000231082	10	82409553	82413488
ENSG00000251447	3	131256415	131256529
ENSG00000251511	4	157507131	157511191
ENSG00000254627	11	32086458	32093719
ENSG00000252870	11	114998938	114999093
ENSG00000258485	14	61385958	61386873
ENSG00000155561	7	135242667	135333505
ENSG00000265859	3	131704699	131704775
ENSG00000256925	10	134898748	134900201
ENSG00000249479	4	157563732	157564721
ENSG00000212551	11	32103310	32103518
ENSG00000256972	11	115204296	115210981
ENSG00000233353	10	82476239	82476824
ENSG00000233757	2	95873283	95881351
ENSG00000240854	3	131894246	131895555
ENSG00000189064	X	49354132	49361430
ENSG00000133624	7	149244245	149321843
ENSG00000255490	11	32106657	32107258
ENSG00000248912	4	157607816	157613788
ENSG00000188755	17	60342066	60353016
ENSG00000255580	11	115234348	115248649
ENSG00000203268	10	134899473	134900137
ENSG00000242899	3	131962372	131963109
ENSG00000248629	4	157762511	157763388
ENSG00000235264	10	134958116	134958808
ENSG00000256315	11	115267474	115268376
ENSG00000255252	11	32118689	32126637
ENSG00000258656	14	61438990	61439184
ENSG00000238392	7	102147650	102147734
ENSG00000164694	6	159590429	159693141
ENSG00000101216	20	62218955	62258394
ENSG00000250622	4	157893783	157894108
ENSG00000238997	7	102246813	102246897
ENSG00000248170	5	84533499	84533892
ENSG00000166889	11	59404189	59436453
ENSG00000227160	11	32133595	32364955
ENSG00000166917	10	135059982	135061395
ENSG00000233297	7	102322283	102330916
ENSG00000241713	HSCHR6_MHC_COX	31624311	31628739
ENSG00000160396	19	40885178	40896094
ENSG00000205777	X	49363628	49373139
ENSG00000256281	11	115403040	115403671
ENSG00000257456	12	29672664	29682907
ENSG00000252350	4	157907524	157907845
ENSG00000255375	11	32154245	32165125
ENSG00000252524	4	157985709	157985815
ENSG00000257087	11	115409587	115410102
ENSG00000248667	5	84715846	84716269
ENSG00000199859	4	158122714	158122820
ENSG00000242986	12	29811309	29811731
ENSG00000228896	HSCHR6_MHC_SSTO	31918709	31929380
ENSG00000249819	4	158125614	158126007
ENSG00000249023	5	84725520	84726002
ENSG00000263738	4	158281267	158281378
ENSG00000249842	5	84742792	84743576
ENSG00000198690	15	31196055	31235311
ENSG00000183242	11	32457064	32480315
ENSG00000255903	11	115448767	115448961
ENSG00000239143	2	85560018	85560119
ENSG00000234111	4	158493642	158497306
ENSG00000243859	5	84760252	84761128
ENSG00000107829	10	103370423	103455052
ENSG00000255689	11	115453015	115471057
ENSG00000270532	2	85568404	85568961
ENSG00000249087	1	23695490	23698332
ENSG00000237065	7	29251918	29252830
ENSG00000169490	8	38846327	38854343
ENSG00000239153	11	115497800	115497903
ENSG00000215953	5	84823862	84823952
ENSG00000255599	11	115498783	115500461
ENSG00000271014	2	85587921	85588048
ENSG00000107798	10	90973326	91174314
ENSG00000263887	17	60359748	60374387
ENSG00000042753	19	47341393	47354249
ENSG00000251066	5	84845227	84845770
ENSG00000260254	11	115509281	115517680
ENSG00000157764	7	140419127	140624564
ENSG00000122852	10	81370695	81375196
ENSG00000256717	11	115530376	115713864
ENSG00000202382	2	85594708	85594809
ENSG00000112782	6	45868045	46048132
ENSG00000265704	5	84930230	84930291
ENSG00000206287	HSCHR6_MHC_QBL	33105102	33109329
ENSG00000242095	2	85595405	85595701
ENSG00000132646	20	5095599	5107272
ENSG00000250874	5	84959050	84960502
ENSG00000258085	HSCHR4_1	69394991	69419037
ENSG00000254986	11	66247484	66277130
ENSG00000104219	8	17013538	17082308
ENSG00000264182	16	15252314	15252378
ENSG00000123064	12	113594979	113623284
ENSG00000270903	11	32613339	32614317
ENSG00000252478	2	85600577	85600637
ENSG00000246100	11	115624966	115631345
ENSG00000257769	16	15702331	15704420
ENSG00000272690	3	75484499	75506637
ENSG00000273196	2	85614197	85614269
ENSG00000268970	19	53100952	53102140
ENSG00000272213	16	15737151	15737229
ENSG00000244535	11	32779814	32780160
ENSG00000241965	5	85058377	85058956
ENSG00000113621	5	134209493	134237215
ENSG00000262380	16	15777147	15778427
ENSG00000269825	19	53153690	53156537
ENSG00000207207	2	85661630	85661742
ENSG00000268424	5	101569696	101571279
ENSG00000255875	19	53313077	53313961
ENSG00000263335	16	15820531	15826850
ENSG00000200615	11	33025796	33025891
ENSG00000163217	2	69092613	69098649
ENSG00000213713	11	33097112	33098006
ENSG00000268225	19	53365060	53366119
ENSG00000263065	16	15835008	15835648
ENSG00000252806	16	34988417	34988553
ENSG00000133105	13	32313674	32377009
ENSG00000252673	16	34988926	34989059
ENSG00000100577	14	77787227	77797940
ENSG00000252587	16	34989294	34989404
ENSG00000247151	11	33183203	33213144
ENSG00000108753	17	36046435	36105237
ENSG00000252936	16	34989548	34989656
ENSG00000213793	19	53418449	53426723
ENSG00000260611	16	35019940	35021258
ENSG00000261620	16	35037240	35037651
ENSG00000239959	3	75495920	75540353
ENSG00000204219	1	23707554	23751233
ENSG00000269646	19	53426635	53427328
ENSG00000261515	16	35071257	35072103
ENSG00000213801	19	53430388	53445854
ENSG00000105227	19	40899675	40919273
ENSG00000242140	3	180864021	180864251
ENSG00000206932	3	180949525	180949631
ENSG00000231738	12	85408094	85430055
ENSG00000177181	1	42846466	42888249
ENSG00000111530	12	67663061	67713731
ENSG00000237806	3	180960133	180960689
ENSG00000184682	11	1910375	1912084
ENSG00000128590	7	108210012	108215294
ENSG00000269082	19	53459294	53484907
ENSG00000241231	3	181138846	181160274
ENSG00000261782	16	35113407	35113869
ENSG00000186160	1	47533160	47583991
ENSG00000221580	16	35136344	35136453
ENSG00000163012	2	187692562	187713935
ENSG00000231325	HSCHR6_MHC_COX	31631877	31639232
ENSG00000242779	19	53471504	53541151
ENSG00000257745	HSCHR4_1	69564040	69580068
ENSG00000136908	9	130697378	130700763
ENSG00000221618	4	158509300	158509387
ENSG00000068985	X	49452053	49460596
ENSG00000249275	4	158558839	158588196
ENSG00000200521	4	158689165	158689265
ENSG00000197457	20	62271061	62284780
ENSG00000163510	2	180809603	180871840
ENSG00000249627	4	158736162	158736632
ENSG00000156650	10	76585340	76792380
ENSG00000250475	4	158889564	158890767
ENSG00000206808	11	33192927	33193036
ENSG00000132589	17	27206353	27224697
ENSG00000241950	11	33211608	33212049
ENSG00000160007	19	47421933	47508334
ENSG00000200485	11	33218093	33218183
ENSG00000241255	11	33258554	33258955
ENSG00000237265	X	70882845	70885603
ENSG00000223134	11	33376011	33376091
ENSG00000248429	4	159091904	159124029
ENSG00000254537	11	33424762	33425151
ENSG00000255207	11	33472192	33472489
ENSG00000234648	14	99439651	99439808
ENSG00000103266	16	730224	732870
ENSG00000168061	11	64808373	64812300
ENSG00000060709	12	130880682	131200826
ENSG00000229402	14	99624753	99626006
ENSG00000137628	4	169137444	169239958
ENSG00000104312	8	90769975	90803291
ENSG00000177575	12	7623409	7656489
ENSG00000235785	14	99729285	99731072
ENSG00000235245	10	135108691	135109481
ENSG00000258383	14	99791136	99798352
ENSG00000066185	1	42896000	42921938
ENSG00000230934	X	70911782	70912029
ENSG00000216173	14	99828628	99828716
ENSG00000270235	10	135137576	135138249
ENSG00000206778	16	15971020	15971123
ENSG00000272439	14	99910643	99910749
ENSG00000262171	16	15978886	15980015
ENSG00000258749	14	99978838	99979913
ENSG00000230306	10	135158147	135158410
ENSG00000258213	HSCHR6_MHC_QBL	33130642	33142541
ENSG00000215115	X	70934221	70938135
ENSG00000102048	X	15253410	15288589
ENSG00000200506	14	100049354	100049455
ENSG00000215003	16	16025554	16026151
ENSG00000203546	14	31803518	31926647
ENSG00000251073	4	159103977	159104545
ENSG00000162365	1	47603107	47615413
ENSG00000223746	10	44236885	44237798
ENSG00000226699	10	135159258	135164230
ENSG00000247970	14	100070893	100092077
ENSG00000250604	4	159120257	159121594
ENSG00000183607	2	69172364	69180102
ENSG00000265395	10	135185060	135185167
ENSG00000268282	19	53507293	53508403
ENSG00000258672	14	100157782	100159985
ENSG00000234972	17	34580902	34757050
ENSG00000241067	16	16188049	16189066
ENSG00000234973	10	44273010	44274273
ENSG00000273327	10	135243898	135244822
ENSG00000267943	19	53510765	53516433
ENSG00000199836	14	100411652	100411814
ENSG00000271198	14	100430866	100431715
ENSG00000268613	19	53638190	53638575
ENSG00000226790	10	44282860	44285865
ENSG00000161911	6	41117080	41122075
ENSG00000206870	14	61441045	61441153
ENSG00000262332	16	16316884	16318118
ENSG00000242888	14	100440673	100441486
ENSG00000126088	1	45477819	45481247
ENSG00000050393	6	13786789	13814800
ENSG00000252380	14	61729679	61729750
ENSG00000263029	16	16354723	16355092
ENSG00000258693	14	100443452	100444435
ENSG00000247287	14	61764882	61789536
ENSG00000226870	X	70938992	70939460
ENSG00000204187	10	44340754	44346070
ENSG00000267240	19	29451413	29455850
ENSG00000214279	10	135267432	135337062
ENSG00000258560	14	100519140	100541215
ENSG00000198791	8	17086737	17104387
ENSG00000111799	6	75794042	75915767
ENSG00000262848	16	16383992	16386099
ENSG00000258926	14	62004226	62012005
ENSG00000265154	14	100575756	100575851
ENSG00000269042	11	108130255	108136480
ENSG00000238106	X	70939766	70940650
ENSG00000168615	8	38854388	38962663
ENSG00000267339	19	29456038	29461781
ENSG00000199082	14	100575992	100576090
ENSG00000263198	16	16386035	16388663
ENSG00000237182	X	70956304	70956553
ENSG00000250548	14	62023031	62037371
ENSG00000185899	7	143140546	143141502
ENSG00000257381	16	16394007	16394683
ENSG00000226808	10	44354859	44390881
ENSG00000237717	X	70964678	70964927
ENSG00000129480	14	31915242	31926716
ENSG00000233703	10	82509388	82510987
ENSG00000260858	16	84288876	84294655
ENSG00000258777	14	62147759	62162541
ENSG00000264722	16	16400227	16400291
ENSG00000221684	X	70979235	70979305
ENSG00000231060	10	82535921	82537844
ENSG00000236769	10	44396813	44407774
ENSG00000201361	16	84296421	84296534
ENSG00000258982	14	100673744	100704892
ENSG00000257366	16	16402399	16403857
ENSG00000231774	X	70980625	70981509
ENSG00000227029	10	44407892	44409684
ENSG00000266621	2	242184617	242184714
ENSG00000258667	14	62182276	62217815
ENSG00000260530	16	84329104	84330591
ENSG00000221855	7	143174966	143175889
ENSG00000100823	14	20923350	20925927
ENSG00000265373	16	16403732	16403825
ENSG00000223374	2	242290755	242292519
ENSG00000253620	8	14091	14320
ENSG00000233395	10	44434451	44439914
ENSG00000115297	2	74740590	74744274
ENSG00000260504	16	84376070	84377013
ENSG00000154059	18	22006580	22033499
ENSG00000258964	14	62200856	62242978
ENSG00000263752	2	242417320	242417397
ENSG00000258904	14	100730118	100731742
ENSG00000234442	X	70981815	70982283
ENSG00000261286	16	84492865	84500967
ENSG00000197019	19	40927499	40931932
ENSG00000224232	2	242417731	242418408
ENSG00000252272	19	29492577	29492682
ENSG00000259052	14	100746296	100757793
ENSG00000234235	2	242483818	242498392
ENSG00000130751	19	47523077	47549033
ENSG00000238957	10	44529988	44530059
ENSG00000227209	10	82700421	82700957
ENSG00000255202	11	33686766	33718247
ENSG00000258882	14	62278692	62437037
ENSG00000261243	16	84529205	84531101
ENSG00000254193	8	100584	100728
ENSG00000237590	10	44755050	44757261
ENSG00000267014	19	29493462	29504862
ENSG00000176510	7	143208026	143209004
ENSG00000273113	2	242521337	242522141
ENSG00000166323	11	108179246	108338258
ENSG00000238701	3	131999462	131999522
ENSG00000226466	10	82896296	82897091
ENSG00000197558	7	149473131	149531068
ENSG00000261471	16	84627999	84630432
ENSG00000240890	3	132105366	132107918
ENSG00000207186	2	242524383	242524490
ENSG00000254508	11	33796245	33797216
ENSG00000260859	16	84861869	84862848
ENSG00000039560	5	34656342	34832732
ENSG00000258504	14	100757454	100760993
ENSG00000215113	X	70983140	70987054
ENSG00000258956	14	62298579	62299087
ENSG00000229116	10	44787706	44789157
ENSG00000214943	14	31952173	31953171
ENSG00000228989	2	242629829	242633704
ENSG00000265249	16	84886574	84886673
ENSG00000235351	2	242664030	242665108
ENSG00000265990	10	82904408	82904487
ENSG00000260340	16	84961959	84973209
ENSG00000258842	14	62536236	62547872
ENSG00000214089	10	44910097	44910601
ENSG00000206286	HSCHR6_MHC_QBL	33146871	33168663
ENSG00000221378	10	83810018	83810104
ENSG00000215692	2	242674130	242674913
ENSG00000255272	11	33797734	33801041
ENSG00000271079	7	143268894	143271480
ENSG00000213385	7	102395593	102396386
ENSG00000270313	16	85312426	85312641
ENSG00000258903	14	62570096	62583893
ENSG00000267498	19	29704142	29706722
ENSG00000252643	7	102475052	102475155
ENSG00000165731	10	43572475	43625799
ENSG00000198984	14	100774196	100774293
ENSG00000234793	2	242694208	242695155
ENSG00000179219	16	85316564	85319569
ENSG00000270767	10	44983783	44983893
ENSG00000073910	13	32605437	32870794
ENSG00000243794	3	75570954	75571163
ENSG00000238324	7	102497897	102498202
ENSG00000138119	10	95066186	95242074
ENSG00000234580	10	45086656	45097552
ENSG00000215023	2	242740331	242741322
ENSG00000266307	16	85339832	85339931
ENSG00000259796	14	62577593	62579268
ENSG00000230257	7	102613969	102629303
ENSG00000255161	11	33808600	33809341
ENSG00000272710	3	75589200	75629150
ENSG00000244257	16	16404198	16428047
ENSG00000264203	16	85475029	85475098
ENSG00000244674	3	75591300	75592080
ENSG00000227395	10	45301891	45303671
ENSG00000090060	14	96967770	97033448
ENSG00000241604	19	29723999	29724292
ENSG00000270124	16	85613615	85617177
ENSG00000258403	14	62581071	62584284
ENSG00000221602	3	75598948	75599096
ENSG00000224272	2	242749407	242753111
ENSG00000264045	7	102654703	102654802
ENSG00000169194	5	131991955	131996802
ENSG00000255169	11	33826314	33827187
ENSG00000239383	3	75639449	75639800
ENSG00000236226	7	102670551	102671801
ENSG00000224812	10	45306472	45455137
ENSG00000198740	17	47366568	47439835
ENSG00000167106	9	130702858	130742792
ENSG00000264515	19	29777918	30016659
ENSG00000244222	3	75647803	75648824
ENSG00000260417	16	85625872	85629326
ENSG00000254619	11	33831691	33832724
ENSG00000253612	8	105274	105481
