ENSG00000198221	6	168224556	168227389
ENSG00000252990	6	39588121	39588240
ENSG00000253418	8	43368786	43369564
ENSG00000261143	15	78268384	78285399
ENSG00000267019	19	49528718	49529277
ENSG00000223175	1	48913608	48913714
ENSG00000230646	2	131185304	131186798
ENSG00000251409	5	95171647	95188425
ENSG00000261531	HG686_PATCH	95550435	95551008
ENSG00000206028	22	27063656	27068617
ENSG00000221384	3	21871230	21871329
ENSG00000232514	1	48962935	48963408
ENSG00000232549	X	138529050	138529835
ENSG00000235033	6	39849580	39867847
ENSG00000167634	19	55434877	55477680
ENSG00000260713	HG686_PATCH	95559555	95570199
ENSG00000223351	3	21984058	22021320
ENSG00000231205	19	20451078	20607775
ENSG00000267099	19	49532983	49533598
ENSG00000228698	HSCHR6_MHC_MCF	29105804	29106740
ENSG00000197503	12	24719898	24737102
ENSG00000249403	5	174413298	174414053
ENSG00000231185	5	141704858	142051566
ENSG00000254952	11	59927160	59928295
ENSG00000113525	5	131877136	131892530
ENSG00000254145	8	43394280	43394615
ENSG00000184545	11	1575274	1593150
ENSG00000132967	3	22423310	22424420
ENSG00000267685	19	49541736	49542295
ENSG00000110675	11	107461817	107537505
ENSG00000141646	18	48494410	48611415
ENSG00000239402	2	131187400	131199048
ENSG00000268669	19	49545431	49545988
ENSG00000216114	X	138681375	138681462
ENSG00000175376	11	65764016	65769647
ENSG00000234723	3	22711692	22712202
ENSG00000238485	X	138784446	138784549
ENSG00000269706	19	49553474	49554103
ENSG00000256852	12	24736495	24737483
ENSG00000229846	1	49513988	49653257
ENSG00000249293	5	73073864	73082316
ENSG00000244625	22	27068730	27176170
ENSG00000271235	3	22852881	22853538
ENSG00000235994	6	168376604	168380456
ENSG00000181995	11	60383209	60454622
ENSG00000268108	19	49563870	49564389
ENSG00000253748	8	43395116	43396070
ENSG00000239144	1	49617064	49617175
ENSG00000226183	3	22945626	22946642
ENSG00000164211	5	110831731	110848288
ENSG00000268287	19	49567516	49568113
ENSG00000244662	12	24795621	24796100
ENSG00000184084	5	73099121	73099424
ENSG00000230114	1	49723083	49734957
ENSG00000226028	1	149114655	149115188
ENSG00000266157	HG962_PATCH	70917783	70920000
ENSG00000006016	19	18683030	18718551
ENSG00000231915	3	23031314	23033073
ENSG00000229921	6	168393502	168397757
ENSG00000238571	1	202166756	202166859
ENSG00000265675	19	49584589	49584885
ENSG00000255745	12	24857499	24927147
ENSG00000239046	1	202200792	202200892
ENSG00000238913	5	73123837	73123898
ENSG00000225623	1	49839873	49937757
ENSG00000124469	19	43084393	43099207
ENSG00000180211	6	39926153	39926572
ENSG00000269009	19	49758729	49759359
ENSG00000215016	3	23175863	23176315
ENSG00000229120	1	202338654	202339273
ENSG00000164114	4	156263810	156298122
ENSG00000259968	5	73248765	73249839
ENSG00000170088	4	165995574	166129701
ENSG00000159147	21	34931848	34961014
ENSG00000220586	6	39960554	39967972
ENSG00000236599	Y	20340818	20341146
ENSG00000138435	2	175612320	175629200
ENSG00000237478	1	50156934	50157195
ENSG00000240481	12	24859722	24860015
ENSG00000221375	X	138967640	138967762
ENSG00000233153	3	23236561	23244069
ENSG00000248474	5	73379893	73399041
ENSG00000202167	1	149146714	149146879
ENSG00000256482	12	24983355	24989492
ENSG00000252719	X	138992063	138992193
ENSG00000207349	1	149194106	149194269
ENSG00000207633	X	139006307	139006390
ENSG00000222551	5	73567507	73567590
ENSG00000252826	1	149215166	149215300
ENSG00000255921	12	25102097	25113092
ENSG00000232899	Y	20344721	20346300
ENSG00000074603	15	65734801	65810042
ENSG00000176340	11	63742079	63744015
ENSG00000248942	5	73602235	73604150
ENSG00000253195	8	43397219	43399200
ENSG00000248355	5	174717734	174718255
ENSG00000265023	19	49769740	49769825
ENSG00000206737	1	149224058	149224221
ENSG00000202285	6	107186823	107186929
ENSG00000213736	12	25120061	25120438
ENSG00000272262	1	202379236	202379335
ENSG00000234768	6	168595038	168605181
ENSG00000235555	19	49778376	49778677
ENSG00000207577	6	107232000	107232095
ENSG00000227131	6	40239305	40243976
ENSG00000244326	5	73613811	73614107
ENSG00000232721	1	149230716	149232554
ENSG00000232626	1	202407524	202409085
ENSG00000215887	1	50307493	50312072
ENSG00000252125	6	107454275	107454374
ENSG00000237987	6	168625959	168627197
ENSG00000251041	5	73617456	73635977
ENSG00000260691	HG686_PATCH	95578783	95620920
ENSG00000229302	Y	20438493	20439381
ENSG00000233145	X	139099427	139100196
ENSG00000214985	6	107547242	107547443
ENSG00000220379	HSCHR6_MHC_MCF	29149439	29150374
ENSG00000178199	6	149768794	149806197
ENSG00000258879	12	25164349	25173827
ENSG00000235124	X	58011120	58012567
ENSG00000249343	5	73618311	73624122
ENSG00000261507	16	33217752	33231583
ENSG00000203384	6	107549615	107549859
ENSG00000228361	6	168630412	168641395
ENSG00000154743	3	12525931	12581122
ENSG00000214653	X	139114503	139115665
ENSG00000221746	1	50447887	50447967
ENSG00000204091	6	40302693	40347624
ENSG00000239026	5	174877819	174877921
ENSG00000273461	3	72110212	72119084
ENSG00000263337	16	33246423	33246597
ENSG00000265407	19	49812054	49812125
ENSG00000236439	1	202440937	202441258
ENSG00000203285	6	107550448	107550687
ENSG00000115042	2	96068469	96082364
ENSG00000233595	1	50482764	50483175
ENSG00000255845	11	60581405	60589212
ENSG00000270839	5	174910598	174911195
ENSG00000234647	6	168643618	168663261
ENSG00000239350	3	72134240	72134438
ENSG00000265947	HSCHR6_MHC_MCF	29169703	29169769
ENSG00000228945	Y	20442064	20446647
ENSG00000223779	1	149239531	149265510
ENSG00000250446	5	73623820	73630591
ENSG00000197813	19	49834874	49843865
ENSG00000222111	5	175055191	175055465
ENSG00000233182	HSCHR6_MHC_MCF	29183173	29184116
ENSG00000198663	6	36839646	36896740
ENSG00000261009	16	33271714	33274156
ENSG00000200648	5	175130901	175131007
ENSG00000255959	11	60603469	60610438
ENSG00000220237	6	107550963	107551356
ENSG00000248673	5	73665201	73832801
ENSG00000258546	12	25245649	25246834
ENSG00000258345	12	56512752	56513723
ENSG00000250820	5	175333942	175385541
ENSG00000230711	6	168687585	168690030
ENSG00000253042	1	202496438	202496555
ENSG00000256813	11	60609279	60618554
ENSG00000236852	X	61998720	61999796
ENSG00000268157	19	49859409	49861026
ENSG00000271704	19	20462311	20462888
ENSG00000226862	1	202573396	202574421
ENSG00000169618	2	68870721	68882708
ENSG00000268484	15	96904487	96904900
ENSG00000021461	7	99425636	99463718
ENSG00000256066	2	131220959	131221267
ENSG00000207336	5	74020924	74021029
ENSG00000224633	HSCHR6_MHC_MCF	29258648	29259590
ENSG00000258317	12	56513817	56523403
ENSG00000230828	1	50580609	50580954
ENSG00000221295	8	43415811	43415916
ENSG00000251973	2	131255316	131255422
ENSG00000257052	11	60674261	60677214
ENSG00000199645	5	74075134	74075238
ENSG00000224417	6	168698749	168702794
ENSG00000268686	19	49871962	49891338
ENSG00000203284	6	107555445	107555703
ENSG00000225620	1	202601556	202602039
ENSG00000258449	12	25249802	25253914
ENSG00000221181	19	20473327	20473432
ENSG00000266083	5	175362212	175362304
ENSG00000253845	8	43527966	43528218
ENSG00000250071	5	74094819	74095925
ENSG00000240429	3	178976816	178979061
ENSG00000213167	6	107558468	107558747
ENSG00000237337	1	50639978	50641540
ENSG00000238517	19	20510081	20510163
ENSG00000225819	2	131273570	131284264
ENSG00000256944	11	60680638	60681524
ENSG00000273189	19	49977843	49990894
ENSG00000235449	1	202736357	202736546
ENSG00000076604	17	27071002	27077974
ENSG00000185594	15	97326619	97328845
ENSG00000253198	8	43529413	43529734
ENSG00000203281	6	107584371	107584617
ENSG00000074706	6	154475631	154677926
ENSG00000201439	12	25557222	25557362
ENSG00000221147	19	20579240	20579322
ENSG00000257809	12	56544580	56552004
ENSG00000273190	3	179055910	179056371
ENSG00000255730	19	41856758	41930906
ENSG00000081052	2	227867427	228028829
ENSG00000257571	HSCHR6_MHC_MCF	29267209	29267748
ENSG00000250801	5	175399614	175412859
ENSG00000234206	6	107831007	107832925
ENSG00000241846	12	25562227	25562379
ENSG00000241248	X	139168014	139168307
ENSG00000261079	16	74401360	74403724
ENSG00000271714	5	74161718	74163679
ENSG00000256196	11	60685941	60692869
ENSG00000269372	19	20585356	20585532
ENSG00000226148	1	202765158	202766222
ENSG00000233407	1	50671756	50688799
ENSG00000230707	X	139173902	139174720
ENSG00000260771	6	168775377	168776035
ENSG00000260743	3	179058110	179059675
ENSG00000258199	12	56556143	56584068
ENSG00000261170	16	74456018	74469152
ENSG00000232435	HSCHR6_MHC_MCF	29297638	29299073
ENSG00000212363	5	74178481	74178608
ENSG00000256079	12	25588515	25589172
ENSG00000207153	11	60752533	60752639
ENSG00000238420	6	108251292	108251386
ENSG00000255915	8	47172182	47172472
ENSG00000252439	Y	20444739	20444833
ENSG00000201675	19	49993222	49993305
ENSG00000256100	11	63742092	63755818
ENSG00000234080	1	50791803	50792682
ENSG00000255905	6	169067733	169068243
ENSG00000249856	5	74213551	74319753
ENSG00000269728	3	179113877	179115965
ENSG00000232778	6	108253004	108253458
ENSG00000256733	11	60823209	60835007
ENSG00000260021	1	202779366	202779957
ENSG00000225341	2	131287848	131294755
ENSG00000233522	Y	20488139	20515096
ENSG00000199631	19	49993872	49993956
ENSG00000231110	X	139298187	139298956
ENSG00000255988	12	25593809	25593986
ENSG00000272476	6	108278617	108281190
ENSG00000268174	19	20599320	20599875
ENSG00000204092	6	40312083	40313890
ENSG00000251953	Y	20508009	20508124
ENSG00000223704	22	27254597	27261749
ENSG00000260539	16	74481325	74483790
ENSG00000202503	19	49994161	49994231
ENSG00000242609	3	72136039	72136876
ENSG00000228288	1	202780082	202781284
ENSG00000224987	6	108306293	108306894
ENSG00000226070	6	40326483	40337213
ENSG00000196390	5	74225705	74226391
ENSG00000256220	11	60994640	61016005
ENSG00000252667	Y	20509921	20510033
ENSG00000253425	8	47460711	47462424
ENSG00000232408	2	131341122	131348036
ENSG00000263204	16	33287358	33287592
ENSG00000235815	6	169116745	169123604
ENSG00000229316	1	50864497	50865445
ENSG00000200259	19	49994432	49994517
ENSG00000251794	16	74490439	74490509
ENSG00000242612	16	451826	462487
ENSG00000249571	HSCHR6_MHC_MCF	29384836	29385782
ENSG00000252767	6	40375592	40375694
ENSG00000240823	11	61211602	61211899
ENSG00000257009	12	25738928	25745862
ENSG00000200530	19	50000977	50001063
ENSG00000207525	16	74497786	74497886
ENSG00000249726	Y	20548860	20551037
ENSG00000253090	6	108306863	108306983
ENSG00000239517	5	74227487	74227642
ENSG00000255931	11	61263912	61267548
ENSG00000236075	6	40469370	40470132
ENSG00000242539	3	179114749	179116979
ENSG00000225879	6	169362705	169364436
ENSG00000205869	11	1605572	1606513
ENSG00000272494	5	175433148	175434390
ENSG00000125363	X	11311533	11318881
ENSG00000231112	6	108307015	108307235
ENSG00000243083	3	72200408	72223483
ENSG00000182383	5	74286014	74286462
ENSG00000242352	1	149261186	149263729
ENSG00000222950	12	25932221	25932503
ENSG00000223243	10	80510359	80510454
ENSG00000266006	11	61276068	61276129
ENSG00000262090	16	33298410	33298560
ENSG00000225093	6	108325561	108326772
ENSG00000249157	5	74302538	74302837
ENSG00000226454	6	40484075	40491672
ENSG00000256686	12	25935640	25967105
ENSG00000164256	5	23507264	23528706
ENSG00000231369	22	27282872	27283511
ENSG00000256443	11	61306988	61309731
ENSG00000251757	2	131380411	131380517
ENSG00000271734	6	108351453	108351922
ENSG00000229720	6	169434292	169435737
ENSG00000263669	2	70302150	70302404
ENSG00000205867	11	1618409	1619524
ENSG00000224596	10	80703085	80827652
ENSG00000250992	5	175467747	175469881
ENSG00000255725	12	25956137	25957460
ENSG00000225671	1	50871102	50871696
ENSG00000224942	X	139479227	139480476
ENSG00000170356	7	143947138	143950050
ENSG00000233060	2	70316853	70323232
ENSG00000238490	6	108382022	108382134
ENSG00000250230	11	61355966	61375022
ENSG00000164074	4	128886461	128960866
ENSG00000260626	16	33336283	33337443
ENSG00000235271	22	27299255	27316574
ENSG00000234519	6	169467913	169469519
ENSG00000257010	2	131414572	131414880
ENSG00000270962	1	149279016	149279311
ENSG00000225174	6	108444719	108480596
ENSG00000250889	5	74343544	74348668
ENSG00000256440	12	25984350	25987116
ENSG00000221826	19	43225790	43244721
ENSG00000175395	10	38238500	38265561
ENSG00000256256	12	26035888	26038788
ENSG00000223485	6	169558187	169563019
ENSG00000234856	HSCHR6_MHC_MCF	29432158	29437368
ENSG00000214081	2	131437623	131449264
ENSG00000226067	1	149284645	149286975
ENSG00000214796	1	202820956	202830748
ENSG00000226362	Y	20552880	20566932
ENSG00000243742	11	61382508	61406921
ENSG00000226505	2	70321026	70330352
ENSG00000252105	1	149286177	149286322
ENSG00000146966	7	140218220	140373793
ENSG00000259040	6	7881755	8064597
ENSG00000235999	1	149287451	149291743
ENSG00000248498	8	47490835	47526145
ENSG00000238974	6	108564659	108564762
ENSG00000227668	HSCHR6_MHC_MCF	29442587	29443633
ENSG00000152520	13	28712643	28869475
ENSG00000233430	1	149305910	149313076
ENSG00000224143	HSCHR6_MHC_SSTO	31839421	31849264
ENSG00000233511	6	108573418	108573604
ENSG00000244479	7	143948357	144053274
ENSG00000006015	19	18699495	18703146
ENSG00000138795	4	108968701	109090112
ENSG00000261039	6	169575401	169582835
ENSG00000200443	22	27431850	27431954
ENSG00000244045	17	26684604	26708716
ENSG00000212044	1	149323331	149323422
ENSG00000212525	6	108573605	108573711
ENSG00000251209	15	98285448	98417780
ENSG00000226445	6	169613349	169639660
ENSG00000237503	1	149340659	149341066
ENSG00000251663	5	74521249	74521493
ENSG00000236858	22	27444106	27456480
ENSG00000230248	6	108596846	108597750
ENSG00000225716	Y	20602683	20603011
ENSG00000206974	6	108613970	108614073
ENSG00000096401	6	44355262	44418163
ENSG00000247372	5	74615980	74632739
ENSG00000238055	6	108639283	108639608
ENSG00000229406	Y	20615036	20634023
ENSG00000225392	2	70329683	70329994
ENSG00000265494	17	13812548	13814529
ENSG00000253193	1	149369294	149378365
ENSG00000233085	6	169686629	169689311
ENSG00000233852	17	13836037	13843911
ENSG00000271815	5	74659585	74660067
ENSG00000255947	11	61422137	61423174
ENSG00000223376	HSCHR6_MHC_MCF	29456833	29457238
ENSG00000266744	17	13861065	13870269
ENSG00000234446	2	222502263	222506533
ENSG00000168038	3	41288090	42003922
ENSG00000251458	5	175551213	175558464
ENSG00000231327	2	70351168	70352449
ENSG00000224999	6	169696566	169698054
ENSG00000238079	6	108693976	108694131
ENSG00000141028	17	13927831	13928805
ENSG00000233868	2	222808942	222809331
ENSG00000252831	5	141913820	141913910
ENSG00000251623	5	175564160	175582741
ENSG00000233135	10	127162255	127162501
ENSG00000231405	22	27539439	27555840
ENSG00000124915	11	61513965	61525127
ENSG00000227072	6	108708716	108709284
ENSG00000225147	5	141946265	141946641
ENSG00000200799	6	108713277	108713381
ENSG00000242198	5	74670288	74670634
ENSG00000227494	Y	20642973	20649286
ENSG00000227886	HSCHR6_MHC_MCF	29465072	29478119
ENSG00000226194	6	169770093	169788480
ENSG00000271608	6	108872221	108872410
ENSG00000142046	19	41856816	41889988
ENSG00000207088	3	129116053	129116191
ENSG00000140450	15	98462784	98517068
ENSG00000221238	2	70480050	70480137
ENSG00000120088	17	43699267	43913194
ENSG00000263377	X	139486264	139486355
ENSG00000070886	1	22890057	22930087
ENSG00000239437	3	129310192	129310488
ENSG00000246695	12	26092262	26112698
ENSG00000228976	6	108939203	108939488
ENSG00000251724	5	74834423	74834483
ENSG00000237675	10	127262940	127267014
ENSG00000238195	22	27600173	27601088
ENSG00000248659	3	129350862	129351335
ENSG00000263881	2	111042430	111042520
ENSG00000225758	X	139553031	139553439
ENSG00000266607	HG962_PATCH	70943224	71114201
ENSG00000272848	6	169826515	169827164
ENSG00000248881	5	74894307	74895205
ENSG00000134115	3	1134260	1445901
ENSG00000202412	3	129537775	129537876
ENSG00000252968	5	142029565	142029647
ENSG00000226666	2	222826456	222828484
ENSG00000252786	3	129538620	129538719
ENSG00000233521	22	27617310	27620688
ENSG00000248596	5	175570088	175626298
ENSG00000261757	5	142083347	142084986
ENSG00000265654	6	170097344	170097429
ENSG00000231414	2	70480987	70481142
ENSG00000203644	3	129565893	129566800
ENSG00000264336	2	111058889	111058970
ENSG00000232640	6	170125187	170125950
ENSG00000233849	2	70528583	70529204
ENSG00000236714	5	142125165	142140563
ENSG00000231500	6	33239787	33244287
ENSG00000203801	6	109072857	109091145
ENSG00000230668	X	139763271	139769870
ENSG00000271270	3	129612714	129637418
ENSG00000227704	6	170125600	170139088
ENSG00000272040	5	74904642	74905808
ENSG00000233857	HSCHR6_MHC_MCF	29496990	29501138
ENSG00000167770	11	63753325	63769283
ENSG00000240929	1	149369722	149399226
ENSG00000226991	2	111116367	111116703
ENSG00000266896	6	170170509	170172138
ENSG00000221081	X	140008337	140008384
ENSG00000234996	1	202830882	202844369
ENSG00000272849	12	122235417	122239878
ENSG00000235289	2	70580142	70583047
ENSG00000229214	6	170188886	170198921
ENSG00000229269	X	140013903	140079613
ENSG00000250643	3	129672948	129688137
ENSG00000256811	12	122294165	122294965
ENSG00000100154	22	28374004	29075853
ENSG00000243113	1	202842422	202843454
ENSG00000254070	8	47583461	47583548
ENSG00000175334	11	65769550	65771620
ENSG00000240118	HSCHR6_MHC_DBB	32789894	32825298
ENSG00000231690	6	170190417	170202969
ENSG00000207333	5	75005320	75005424
ENSG00000234571	1	149372292	149379646
ENSG00000248459	3	129717374	129717779
ENSG00000224361	2	23729913	23747214
ENSG00000239082	12	122346009	122346069
ENSG00000207041	X	140212215	140212321
ENSG00000251078	5	75048395	75049304
ENSG00000255856	12	122445340	122457920
ENSG00000207601	11	61559967	61560033
ENSG00000273213	1	149398877	149400540
ENSG00000226272	5	142239169	142248487
ENSG00000233574	22	27672201	27682310
ENSG00000251470	8	47609252	47610310
ENSG00000222326	11	61582633	61582712
ENSG00000230186	1	149400063	149429348
ENSG00000236173	6	170209414	170210198
ENSG00000112419	6	143857982	144152322
ENSG00000223726	22	27703444	27714499
ENSG00000200898	11	61705366	61705472
ENSG00000252209	Y	20648397	20648558
ENSG00000244176	11	61779223	61780074
ENSG00000230280	1	202880940	202881857
ENSG00000232197	6	170477741	170478251
ENSG00000268074	1	149424566	149424954
ENSG00000109466	4	166128770	166244308
ENSG00000228993	HSCHR6_MHC_MCF	29505274	29506357
ENSG00000213658	16	28996147	29002104
ENSG00000229229	2	70630066	70649810
ENSG00000256546	12	122501212	122506522
ENSG00000260338	16	5651170	5666197
ENSG00000254424	11	61840354	61840524
ENSG00000226741	22	27706612	27713417
ENSG00000214925	X	140232663	140233358
ENSG00000215996	2	70682662	70682756
ENSG00000171357	1	46669006	46686933
ENSG00000144152	2	112895962	112945791
ENSG00000273100	6	170493905	170494884
ENSG00000272699	3	179123236	179123732
ENSG00000248863	4	140347453	140352038
ENSG00000212544	1	149514090	149514256
ENSG00000251419	5	75127080	75128589
ENSG00000199471	1	202884008	202884108
ENSG00000255553	11	61844749	61849656
ENSG00000239255	3	179170183	179170207
ENSG00000232049	HSCHR6_MHC_MCF	29520811	29521758
ENSG00000271594	1	149524787	149525073
ENSG00000230650	2	111118185	111121314
ENSG00000218716	6	170514993	170515482
ENSG00000219565	6	109103329	109108256
ENSG00000234761	1	202955685	202957710
ENSG00000221257	16	5810688	5810789
ENSG00000268544	1	149575345	149575767
ENSG00000270440	16	5888132	5888662
ENSG00000239005	4	140357522	140357648
ENSG00000236607	11	61936765	61937300
ENSG00000181260	3	179182134	179183116
ENSG00000226331	2	222909244	222909713
ENSG00000230051	22	27727748	27775226
ENSG00000240861	16	74586149	74586644
ENSG00000224606	2	70694517	70695627
ENSG00000249302	4	140467420	140467881
ENSG00000188428	6	8013800	8064647
ENSG00000188626	15	28947100	28983530
ENSG00000257180	16	6106976	6142955
ENSG00000231547	1	202968866	202969480
ENSG00000253899	8	26921513	26922795
ENSG00000254404	11	61980899	62028021
ENSG00000272717	4	140477953	140478797
ENSG00000235035	2	70914274	70918956
ENSG00000137876	15	55473004	55489265
ENSG00000270945	16	74646494	74647119
ENSG00000227880	22	27853208	27856021
ENSG00000266023	12	56588931	56589180
ENSG00000200291	X	117048207	117048308
ENSG00000230960	6	170563422	170571657
ENSG00000255213	11	62098418	62099285
ENSG00000268421	10	131308884	131309525
ENSG00000239500	X	117250142	117250763
ENSG00000258260	12	56661577	56663888
ENSG00000261268	4	140539290	140544386
ENSG00000234775	1	203096387	203097082
ENSG00000228984	8	47696422	47697550
ENSG00000249301	5	75206108	75206401
ENSG00000262904	16	74701404	74702604
ENSG00000260835	16	6623768	6627360
ENSG00000223853	HSCHR6_MHC_MCF	29541490	29542417
ENSG00000116030	2	203070903	203103331
ENSG00000269501	1	149575482	149616786
ENSG00000271820	6	170575757	170585850
ENSG00000255118	11	62104383	62105562
ENSG00000257303	12	56693926	56708592
ENSG00000224671	1	203113092	203122028
ENSG00000259963	16	6771787	6771961
ENSG00000179104	12	83080659	83528649
ENSG00000231559	6	109138883	109139129
ENSG00000267034	2	223181961	223183372
ENSG00000249634	Y	20652801	20656181
ENSG00000221623	8	27005221	27005309
ENSG00000263661	16	74781109	74781209
ENSG00000201533	4	140606281	140606581
ENSG00000252080	16	6798909	6798970
ENSG00000253888	8	27041838	27068011
ENSG00000254454	11	62138618	62140640
ENSG00000228034	2	71030289	71030558
ENSG00000178458	4	140619298	140619708
ENSG00000218872	6	109177603	109177940
ENSG00000261458	16	74876485	74877781
ENSG00000240253	2	131447706	131476404
ENSG00000227508	6	170581562	170588975
ENSG00000257740	12	56702652	56703233
ENSG00000200869	16	6923900	6924006
ENSG00000224027	22	27959800	27969534
ENSG00000236523	1	203224871	203225603
ENSG00000133812	11	9800214	10315754
ENSG00000230789	5	142572065	142573731
ENSG00000108826	17	48445218	48450575
ENSG00000212189	16	7054008	7054113
ENSG00000252233	4	140715279	140715587
ENSG00000237458	X	117262711	117262981
ENSG00000252206	12	56746171	56746234
ENSG00000237732	2	223182994	223217708
ENSG00000240419	16	7176294	7176640
ENSG00000227838	22	28072556	28110959
ENSG00000175772	2	111132715	111142019
ENSG00000250698	4	141049169	141055719
ENSG00000265696	11	62140128	62140191
ENSG00000185087	15	98980391	99057611
ENSG00000248684	5	75206390	75207692
ENSG00000259099	12	56774145	56776495
ENSG00000255126	11	62158988	62160844
ENSG00000224293	HSCHR6_MHC_MCF	29545041	29545330
ENSG00000271234	6	170606964	170607463
ENSG00000252405	16	7481218	7481297
ENSG00000264164	17	30410198	30424084
ENSG00000164167	4	147096837	147121152
ENSG00000119778	2	23971534	24149984
ENSG00000247033	16	75142499	75144610
ENSG00000228834	6	109228818	109229076
ENSG00000235170	X	62062012	62062972
ENSG00000261198	16	7664232	7664994
ENSG00000252300	4	141196195	141196266
ENSG00000231386	2	71037930	71038606
ENSG00000105696	19	18718240	18731849
ENSG00000188089	15	42273780	42343388
ENSG00000234770	8	27417791	27446590
ENSG00000255446	11	62189317	62194196
ENSG00000266245	6	170639849	170639932
ENSG00000231479	HSCHR6_MHC_COX	31818512	31834373
ENSG00000261058	16	75153456	75178098
ENSG00000231507	1	203256280	203257929
ENSG00000252138	16	7776843	7776953
ENSG00000228367	5	75216495	75217485
ENSG00000173838	17	60778675	60885705
ENSG00000108001	10	131633547	131762105
ENSG00000196951	4	141204878	141294535
ENSG00000230290	6	109244179	109245306
ENSG00000231579	5	142712170	142712804
ENSG00000261003	6	170723227	170728413
ENSG00000260289	16	7938491	7944397
ENSG00000238861	11	62231107	62231196
ENSG00000213318	16	75226363	75227145
ENSG00000271730	6	109319685	109320328
ENSG00000249429	5	142869420	142910915
ENSG00000231495	22	28103578	28105929
ENSG00000228182	X	62063167	62063776
ENSG00000250659	11	62304784	62309490
ENSG00000222109	16	7949340	7949433
ENSG00000266379	17	30415179	30421952
ENSG00000223349	2	131449816	131451343
ENSG00000226169	22	28112468	28117665
ENSG00000163219	2	68906733	69053965
ENSG00000199944	6	109380712	109380817
ENSG00000257058	11	62313471	62315171
ENSG00000260003	16	8326265	8345702
ENSG00000234570	X	62098281	62104312
ENSG00000226065	2	111140689	111142219
ENSG00000265013	HSCHR6_MHC_MCF	29549832	29549915
ENSG00000233908	6	109609643	109609765
ENSG00000237751	2	71115001	71117089
ENSG00000254964	11	62373633	62373877
ENSG00000229797	2	131501111	131513452
ENSG00000233791	1	203267886	203274437
ENSG00000240338	16	75259972	75262093
ENSG00000206597	11	62432894	62433042
ENSG00000261319	16	8348494	8349774
ENSG00000133895	11	64570982	64578766
ENSG00000222314	10	38712553	38712656
ENSG00000219700	6	109609774	109611706
ENSG00000249777	5	75371356	75371745
ENSG00000249754	4	141235317	141235704
ENSG00000267811	11	62538592	62539078
ENSG00000005302	X	11776278	11793870
ENSG00000264844	16	8359541	8359659
ENSG00000228882	10	38741915	38744293
ENSG00000233368	1	149576594	149577296
ENSG00000175315	11	65779312	65780976
ENSG00000230823	X	62519126	62519552
ENSG00000260058	16	8359964	8407862
ENSG00000270989	5	175630317	175630713
ENSG00000229569	10	80760241	80763560
ENSG00000269176	11	62553498	62554257
ENSG00000234524	X	117280026	117280524
ENSG00000269614	1	149587502	149587988
ENSG00000200822	2	223269704	223269814
ENSG00000241923	4	141287394	141288015
ENSG00000251667	5	175735066	175736016
ENSG00000202300	1	203288124	203288227
ENSG00000203496	10	38742109	38755104
ENSG00000269463	11	62575154	62575535
ENSG00000235426	10	81142084	81169030
ENSG00000259819	16	8419866	8426278
ENSG00000228670	2	223317119	223317845
ENSG00000229652	1	203322493	203322779
ENSG00000229801	1	149590752	149591762
ENSG00000260379	16	8558071	8558587
ENSG00000263369	17	30433349	30441144
ENSG00000235954	22	28315364	28404569
ENSG00000135077	5	156512843	156569880
ENSG00000239064	2	71157470	71157545
ENSG00000138160	10	94353043	94415150
ENSG00000259021	10	81259422	81259740
ENSG00000271588	1	203369394	203369709
ENSG00000253023	5	142922079	142922152
ENSG00000242102	4	141499079	141499374
ENSG00000232151	1	149605640	149633208
ENSG00000252361	11	62583438	62583539
ENSG00000241317	10	81263829	81266037
ENSG00000261066	16	8576551	8582015
ENSG00000258691	14	96671181	96730266
ENSG00000270619	X	117412122	117417330
ENSG00000251205	5	142938784	142942113
ENSG00000239322	2	71168947	71175740
ENSG00000215151	10	38894549	38898740
ENSG00000248621	4	141521555	141521729
ENSG00000264442	11	62584302	62584561
ENSG00000259084	14	96129593	96158967
ENSG00000202016	2	223363010	223363117
ENSG00000085999	1	46713360	46744145
ENSG00000243954	16	8777111	8777406
ENSG00000264567	X	117512907	117513007
ENSG00000272475	10	81270301	81270439
ENSG00000202496	1	149605917	149606079
ENSG00000256690	11	62599706	62601515
ENSG00000232503	2	131534219	131534530
ENSG00000203799	6	109612231	109676266
ENSG00000238417	16	8799313	8799374
ENSG00000249661	4	141562994	141566643
ENSG00000234285	2	223368602	223369562
ENSG00000249881	5	142985193	143208337
ENSG00000235437	X	62563106	62780951
ENSG00000236035	1	203626097	203626888
ENSG00000260764	16	8825273	8825416
ENSG00000271985	10	81286264	81286387
ENSG00000268554	1	149626959	149637707
ENSG00000002726	7	150521715	150558592
ENSG00000207155	4	141621989	141622096
ENSG00000207582	8	135812763	135812850
ENSG00000252101	16	75320610	75320696
ENSG00000233221	2	131588551	131594567
ENSG00000222328	11	62609091	62609281
ENSG00000233404	2	102508955	102511150
ENSG00000248335	4	141633322	141637235
ENSG00000259999	16	75355788	75358946
ENSG00000225638	10	38929039	38931213
ENSG00000199153	8	135817119	135817188
ENSG00000070031	11	626431	627143
ENSG00000232965	10	81303843	81304112
ENSG00000100739	14	96722161	96735304
ENSG00000153822	17	68049570	68131749
ENSG00000261783	16	75413716	75415158
ENSG00000230596	2	111143954	111145740
ENSG00000254028	8	135844990	135846725
ENSG00000273472	4	141677682	141679075
ENSG00000250857	8	47703687	47704686
ENSG00000251342	5	75374491	75375588
ENSG00000219430	10	81342054	81344633
ENSG00000253433	8	135850312	135854880
ENSG00000222613	4	141700193	141700295
ENSG00000261428	2	223431624	223434438
ENSG00000250909	5	175774944	175780587
ENSG00000248747	4	142161893	142199943
ENSG00000272910	3	179301050	179301550
ENSG00000261212	X	140267420	140267773
ENSG00000251218	8	135862178	135894142
ENSG00000260350	16	8941507	8942581
ENSG00000272660	3	179302059	179302198
ENSG00000248127	5	75377771	75380011
ENSG00000213423	X	140355255	140358349
ENSG00000175294	11	65784223	65793988
ENSG00000221118	4	77414400	77414539
ENSG00000251414	5	175781209	175783171
ENSG00000239903	1	149646785	149649302
ENSG00000239096	3	179332563	179332666
ENSG00000238695	4	142218928	142219032
ENSG00000268265	21	34947431	34947645
ENSG00000252305	17	14080448	14080627
ENSG00000260276	16	8941962	8954274
ENSG00000249278	4	77430437	77430872
ENSG00000226186	2	71183029	71183364
ENSG00000268467	11	107462471	107463949
ENSG00000221464	5	175794949	175795034
ENSG00000213165	3	179343366	179345434
ENSG00000231595	17	14113805	14121239
ENSG00000241159	2	71192701	71192995
ENSG00000233751	2	223542396	223543008
ENSG00000244413	8	135991070	135991522
ENSG00000252829	2	131687335	131687457
ENSG00000248810	4	142240604	142253772
ENSG00000252833	5	75387533	75387626
ENSG00000249209	21	34956993	35284635
ENSG00000243977	3	179367282	179367988
ENSG00000230450	2	131935191	131936519
ENSG00000196224	11	1628795	1629693
ENSG00000228384	2	71221573	71229884
ENSG00000254083	8	136246374	136311962
ENSG00000253314	8	47733859	47765929
ENSG00000258729	14	96741383	96743060
ENSG00000140443	15	99192200	99507759
ENSG00000170290	11	107578104	107590419
ENSG00000257301	HSCHR6_MHC_DBB	30461233	30465132
ENSG00000257275	14	96178084	96223993
ENSG00000262786	17	14198829	14200917
ENSG00000261200	16	33344309	33348279
ENSG00000270178	3	179521851	179522154
ENSG00000207307	4	77453375	77453480
ENSG00000221373	5	175878763	175878873
ENSG00000069696	11	637293	640706
ENSG00000266478	5	143059425	143059536
ENSG00000234232	1	149649060	149719362
ENSG00000164902	5	125935960	125962944
ENSG00000251668	5	75466755	75466928
ENSG00000263445	4	77494721	77494785
ENSG00000243959	5	175974436	175974727
ENSG00000243799	3	179593164	179599397
ENSG00000266709	17	14207171	14208822
ENSG00000225869	5	143131655	143132269
ENSG00000207420	5	175983705	175983806
ENSG00000265314	4	77496704	77496779
ENSG00000115590	2	102608306	102645006
ENSG00000163492	2	179694484	179914813
ENSG00000266378	17	14230652	14232791
ENSG00000254893	5	75465911	75470171
ENSG00000225448	2	131938726	131938942
ENSG00000124467	19	43256838	43359843
ENSG00000265266	8	136252033	136252102
ENSG00000231335	4	77558776	77565521
ENSG00000183323	5	68576002	68628636
ENSG00000230647	17	14277456	14324343
ENSG00000263357	14	96317818	96317927
ENSG00000254372	8	136468108	136469195
ENSG00000241598	11	1642188	1643368
ENSG00000266329	5	176056440	176056501
ENSG00000263364	12	96837258	96837327
ENSG00000244302	3	179616017	179639683
ENSG00000258516	14	96321885	96332801
ENSG00000238852	2	223562615	223562719
ENSG00000233860	4	77678113	77679627
ENSG00000230897	17	14608393	14608851
ENSG00000261466	16	33350764	33356875
ENSG00000250189	4	142326326	142328740
ENSG00000258846	12	97294475	97296476
ENSG00000253915	8	136637428	136638224
ENSG00000203531	2	223563342	223564203
ENSG00000224218	4	77679707	77723117
ENSG00000236956	2	131947407	131955066
ENSG00000199652	8	136754586	136754738
ENSG00000272632	4	142351985	142352438
ENSG00000185940	11	1651033	1652160
ENSG00000250366	14	96342729	96391908
ENSG00000250141	4	142491084	142497230
ENSG00000264124	4	77775117	77775213
ENSG00000107651	10	121652223	121702014
ENSG00000253248	8	137059264	137178365
ENSG00000236469	2	71229661	71291873
ENSG00000242134	4	143208070	143208778
ENSG00000270244	4	77807182	77807523
ENSG00000268602	11	107582998	107595135
ENSG00000250835	4	143238391	143238699
ENSG00000261405	16	33365116	33373402
ENSG00000242727	4	77812187	77812598
ENSG00000253839	8	137501691	137542119
ENSG00000226130	17	14629046	14633003
ENSG00000266029	2	71239461	71239537
ENSG00000227779	X	140474987	140475271
ENSG00000251248	4	143435599	143440136
ENSG00000235225	2	223591176	223591553
ENSG00000264627	2	197154133	197154429
ENSG00000266186	2	71240219	71240287
ENSG00000205325	17	14670900	14683520
ENSG00000237168	1	149664577	149664889
ENSG00000214306	11	107643129	107647344
ENSG00000252923	2	197550872	197551054
ENSG00000247271	11	10879806	10928349
ENSG00000249014	5	75537849	75538229
ENSG00000249806	4	143487172	143582103
ENSG00000226574	X	140590843	140738057
ENSG00000225636	2	197879714	197880739
ENSG00000234036	4	77880013	77880322
ENSG00000224442	2	197893435	197894867
ENSG00000254101	8	137543041	137997178
ENSG00000223438	X	140713994	140714863
ENSG00000214305	11	107650219	107652316
ENSG00000250326	4	143854348	144106014
ENSG00000238212	17	14737955	14803871
ENSG00000265812	2	71244154	71244239
ENSG00000131013	6	149825869	149867174
ENSG00000252925	1	149671723	149671868
ENSG00000223759	1	149672997	149677289
ENSG00000231621	2	198062715	198063997
ENSG00000205847	2	71256158	71257023
ENSG00000231190	HSCHR6_MHC_MCF	29550091	29550608
ENSG00000250041	11	10906432	10920869
ENSG00000202368	12	97373306	97373407
ENSG00000066739	14	96747595	96830207
ENSG00000197844	1	149689368	149689854
ENSG00000236205	X	141235648	141236652
ENSG00000224121	2	223769358	223769773
ENSG00000258131	12	97379434	97579387
ENSG00000226156	17	14851058	14851515
ENSG00000236977	2	198115582	198167243
ENSG00000214062	4	78003556	78004279
ENSG00000263825	1	149708860	149708951
ENSG00000234485	2	71264815	71265833
ENSG00000260950	HG990_PATCH	260118	264367
ENSG00000259939	16	8947169	8948204
ENSG00000205864	11	1718425	1718985
ENSG00000129277	17	34430983	34433014
ENSG00000254401	11	11139401	11205158
ENSG00000257470	12	97417799	97444907
ENSG00000226500	1	149725851	149726260
ENSG00000230888	HSCHR6_MHC_MCF	29603636	29603919
ENSG00000232058	17	14918122	14955593
ENSG00000261481	16	8963108	8963889
ENSG00000271676	4	78033648	78034611
ENSG00000251107	5	75576781	75577092
ENSG00000201641	4	78071481	78071590
ENSG00000034053	15	29129629	29410518
ENSG00000259944	17	14934292	14935274
ENSG00000260979	16	9056563	9060847
ENSG00000253828	8	47738850	47740031
ENSG00000230482	2	198127835	198128259
ENSG00000254957	11	11157029	11159205
ENSG00000270669	4	78137569	78138031
ENSG00000251300	4	143966239	143967031
ENSG00000255717	11	62619460	62623386
ENSG00000144015	2	96257766	96265526
ENSG00000250006	4	78232550	78233264
ENSG00000250348	5	75581367	75607287
ENSG00000242663	1	149754433	149783312
ENSG00000225979	2	198176117	198177464
ENSG00000244242	11	1753640	1771821
ENSG00000265163	17	15008554	15009504
ENSG00000248831	4	78271523	78272388
ENSG00000234193	2	223782105	223784081
ENSG00000189180	10	38299578	38354016
ENSG00000206678	8	138117595	138117701
ENSG00000233030	1	149757215	149764576
ENSG00000249036	4	78315645	78415440
ENSG00000264382	2	71266437	71266490
ENSG00000261392	16	9162411	9166269
ENSG00000238806	17	15141102	15141200
ENSG00000270897	11	11203654	11203960
ENSG00000254076	8	138708967	138710710
ENSG00000265621	2	223797312	223797401
ENSG00000213104	2	198244425	198245616
ENSG00000225469	X	141260652	141261775
ENSG00000262944	16	9198705	9200618
ENSG00000234896	2	71282657	71283133
ENSG00000168286	16	67876213	67878097
ENSG00000221711	4	78623900	78623957
ENSG00000265110	17	15154944	15155013
ENSG00000264207	1	149802876	149804109
ENSG00000261321	HG990_PATCH	289769	295730
ENSG00000112242	6	20402398	20493941
ENSG00000243125	2	224113219	224113512
ENSG00000163006	2	109403213	109501933
ENSG00000236926	HSCHR6_MHC_MCF	29675658	29676080
ENSG00000255123	11	11261306	11261827
ENSG00000260349	16	9199691	9201031
ENSG00000266045	5	75627662	75629781
ENSG00000250214	4	78785662	78785958
ENSG00000265445	17	15164332	15169024
ENSG00000253288	8	138821687	139095813
ENSG00000202434	2	198269442	198269578
ENSG00000233299	2	224262985	224263264
ENSG00000206836	2	198312469	198312575
ENSG00000250969	4	144207446	144251011
ENSG00000220323	1	149814608	149815100
ENSG00000263244	16	9201098	9207038
ENSG00000255260	11	11264735	11265262
ENSG00000230971	17	15170778	15175607
ENSG00000249663	HSCHR6_MHC_MCF	29687895	29688885
ENSG00000200049	4	144230619	144230719
ENSG00000261660	HG104_HG975_PATCH	145059323	145094942
ENSG00000231699	2	198398527	198398689
ENSG00000261716	1	149816065	149820591
ENSG00000159337	15	42359207	42386752
ENSG00000272735	2	71294649	71295255
ENSG00000252594	8	47742672	47742778
ENSG00000260707	HG990_PATCH	254332	263814
ENSG00000147789	8	146052849	146072894
ENSG00000248926	4	78879154	78879934
ENSG00000255351	11	11373973	11374854
ENSG00000237377	17	15179879	15182794
ENSG00000272993	1	149817383	149818053
ENSG00000237035	2	199052526	199056245
ENSG00000175229	11	65809423	65816651
ENSG00000254118	8	47749200	47750328
ENSG00000090565	16	475619	573011
ENSG00000178972	4	144256418	144258970
ENSG00000254361	8	138864570	138941287
ENSG00000237705	5	56137843	56157991
ENSG00000233867	10	38934102	38982199
ENSG00000248484	5	176134357	176153244
ENSG00000203819	1	149821760	149822339
ENSG00000228491	HSCHR6_MHC_MCF	29706644	29713883
ENSG00000265623	4	144264613	144264688
ENSG00000262234	HG1063_PATCH	102455853	102538940
ENSG00000200437	17	15214662	15214768
ENSG00000251235	5	75672500	75672974
ENSG00000108010	10	131934663	131982785
ENSG00000255462	11	11591631	11595329
ENSG00000248956	4	78885094	78885665
ENSG00000253988	8	139075511	139085483
ENSG00000251446	5	176153943	176166459
ENSG00000228981	4	144270428	144271270
ENSG00000223945	1	150025846	150027020
ENSG00000236653	2	199164087	199239821
ENSG00000266667	17	15283181	15321195
ENSG00000233594	2	55662292	55662758
ENSG00000250625	X	141282138	141283276
ENSG00000253432	8	140108548	140115073
ENSG00000136807	9	130547958	130553066
ENSG00000266645	11	11678198	11678269
ENSG00000248859	5	176170206	176170872
ENSG00000239888	17	15311701	15312003
ENSG00000248640	4	78909014	78909967
ENSG00000110660	11	107661717	107799019
ENSG00000255309	11	11780648	11780980
ENSG00000231189	2	224363491	224369329
ENSG00000250673	4	147145709	147150208
ENSG00000240047	8	74968117	74968882
ENSG00000251744	8	140120673	140120777
ENSG00000234324	17	15346953	15347505
ENSG00000243175	4	144345906	144347166
ENSG00000255492	11	11878037	11878406
ENSG00000253783	8	140126436	140140196
ENSG00000225421	2	199417919	199637080
ENSG00000264051	2	71352653	71352722
ENSG00000235610	2	224370194	224375651
ENSG00000201000	X	141498839	141498957
ENSG00000251666	5	176478715	176479964
ENSG00000233870	2	71405717	71405903
ENSG00000266187	1	150183930	150184221
ENSG00000254258	8	140472305	140475259
ENSG00000252837	14	58304072	58304378
ENSG00000257589	HSCHR6_MHC_QBL	32974007	32976386
ENSG00000266319	X	141694646	141694731
ENSG00000252511	2	199431369	199431453
ENSG00000069974	15	55495164	55611311
ENSG00000248128	4	78924297	78924593
ENSG00000226539	2	224569338	224570055
ENSG00000200779	2	71606885	71606988
ENSG00000205758	21	34961647	35016232
ENSG00000222222	1	150209315	150209504
ENSG00000259969	14	58460263	58461243
ENSG00000240729	5	176691767	176692242
ENSG00000254156	8	47750410	47750827
ENSG00000253574	8	140923482	140928864
ENSG00000231557	2	199747297	199936514
ENSG00000212485	8	74991772	74991878
ENSG00000238717	5	56152975	56153078
ENSG00000254486	11	12052422	12083332
ENSG00000250540	4	144418565	144419279
ENSG00000271845	1	150227489	150229681
ENSG00000235863	6	33244917	33252609
ENSG00000159840	7	143078173	143088204
ENSG00000233971	2	72211312	72211564
ENSG00000258836	14	58567703	58568292
ENSG00000102898	16	67880635	67906470
ENSG00000270706	5	176692581	176693589
ENSG00000253115	8	75015751	75018979
ENSG00000225230	5	56195868	56206541
ENSG00000249072	4	78929666	78929842
ENSG00000254991	11	12088476	12094561
ENSG00000238526	1	150234093	150234196
ENSG00000230407	2	199973307	199974811
ENSG00000266089	5	176767675	176767919
ENSG00000238474	6	109612458	109612561
ENSG00000253983	8	75111631	75120676
ENSG00000259891	8	141515912	141518142
ENSG00000249565	4	79102020	79103200
ENSG00000271828	5	56223701	56225400
ENSG00000228126	1	150488233	150490508
ENSG00000201023	6	109626697	109626798
ENSG00000239393	5	176773074	176773427
ENSG00000243023	14	58607997	58608378
ENSG00000113615	5	133984479	134063513
ENSG00000239188	X	141961746	141961849
ENSG00000255400	11	12108438	12110988
ENSG00000238698	2	200055782	200055843
ENSG00000218632	6	109648378	109649117
ENSG00000259758	8	141530255	141539600
ENSG00000228802	2	224830418	224832423
ENSG00000243430	HSCHR6_MHC_MCF	29710385	29713963
ENSG00000237781	1	150521040	150530200
ENSG00000238619	2	55678140	55678235
ENSG00000245112	4	144434625	144435788
ENSG00000257045	2	200190033	200194085
ENSG00000253596	8	75259992	75262285
ENSG00000254680	11	12282973	12284720
ENSG00000250574	5	75806265	75806591
ENSG00000243700	14	58646489	58646779
ENSG00000107186	9	13105703	13279589
ENSG00000204959	7	143969538	143991256
ENSG00000238493	2	55683242	55683340
ENSG00000246334	5	176865504	176874700
ENSG00000221183	4	79109490	79109577
ENSG00000169031	2	228029281	228179508
ENSG00000207417	8	75288922	75289028
ENSG00000113522	5	131891711	131980313
ENSG00000258519	14	58651294	58652225
ENSG00000224826	2	225034381	225036254
ENSG00000248117	4	79300351	79300668
ENSG00000254983	11	12325080	12329763
ENSG00000235635	5	56237134	56242979
ENSG00000249713	5	75902433	75904795
ENSG00000266502	8	75460778	75460852
ENSG00000260273	6	109703998	109704869
ENSG00000228202	HSCHR6_MHC_MCF	29713203	29713427
ENSG00000264283	11	12366314	12366408
ENSG00000022556	19	55464498	55512510
ENSG00000263277	16	33379962	33380091
ENSG00000200998	4	79553427	79553539
ENSG00000239160	6	109755377	109755443
ENSG00000253341	8	75515479	75516479
ENSG00000254847	11	12559630	12562514
ENSG00000254324	8	141742663	141742752
ENSG00000223878	17	15410180	15410668
ENSG00000238816	4	79561254	79561356
ENSG00000264646	HSCHR6_MHC_MCF	29715285	29715386
ENSG00000223537	6	109809109	109828003
ENSG00000254688	11	12843982	12845214
ENSG00000228568	2	72515914	72516239
ENSG00000264553	1	150524405	150524490
ENSG00000225953	2	200322423	200341658
ENSG00000252864	8	141950661	141950762
ENSG00000264849	2	55699880	55699977
ENSG00000233298	HSCHR6_MHC_MCF	29715643	29716062
ENSG00000248924	4	144476235	144476736
ENSG00000177030	11	644233	706715
ENSG00000258682	14	58731380	58736399
ENSG00000264508	1	150539040	150539336
ENSG00000239189	2	55727086	55727191
ENSG00000255067	11	12870342	12870980
ENSG00000266538	17	15434087	15434403
ENSG00000253037	6	109825590	109825729
ENSG00000259882	16	33390406	33425011
ENSG00000248796	2	131958715	131960514
ENSG00000254080	8	75521933	75545555
ENSG00000253266	8	142065389	142070695
ENSG00000264584	1	150541449	150541745
ENSG00000252129	17	15477333	15477512
ENSG00000212175	2	55792839	55792986
ENSG00000252329	11	12926364	12926535
ENSG00000253047	1	150573015	150573135
ENSG00000251442	4	79567057	79603853
ENSG00000206931	1	150674342	150674448
ENSG00000233943	5	56271420	56272051
ENSG00000203258	11	12942733	12944472
ENSG00000236713	1	150752748	150753120
ENSG00000102755	13	28874489	29069265
ENSG00000253706	8	75711019	75779174
ENSG00000229194	HSCHR6_MHC_MCF	29755699	29762471
ENSG00000225407	5	75987264	76012040
ENSG00000251381	11	12984057	13011095
ENSG00000224690	1	150772949	150773507
ENSG00000257621	14	58732083	58764852
ENSG00000238688	5	76079921	76080024
ENSG00000236296	4	144480625	144570458
ENSG00000255653	11	94745022	94745696
ENSG00000264391	5	76132727	76133020
ENSG00000239985	7	64498750	64498943
ENSG00000256779	11	94770646	94771620
ENSG00000252684	5	76244616	76244695
ENSG00000257012	11	94773575	94774735
ENSG00000211987	2	225104179	225104273
ENSG00000252122	16	75443230	75443364
ENSG00000253777	8	75716522	75717046
ENSG00000255855	11	94782586	94784109
ENSG00000250615	5	76369706	76370345
ENSG00000272606	2	55845044	55845508
ENSG00000207344	7	64526377	64526510
ENSG00000261476	16	75492150	75493915
ENSG00000200175	1	150785067	150785174
ENSG00000238217	2	200472791	200523855
ENSG00000248996	5	176921996	176930648
ENSG00000207062	7	64530916	64531050
ENSG00000228681	2	225159647	225160470
ENSG00000180771	11	94800056	94804388
ENSG00000224800	1	150853712	150854159
ENSG00000222536	2	72948935	72949132
ENSG00000202344	2	56178789	56179149
ENSG00000254043	8	75803386	75808537
ENSG00000266625	11	12985187	12985238
ENSG00000203472	16	75509794	75529305
ENSG00000227113	7	64535401	64539158
ENSG00000212378	2	72987663	72987731
ENSG00000228960	7	143991573	143998027
ENSG00000272180	2	56179293	56408787
ENSG00000254670	11	13022637	13030706
ENSG00000212512	1	150854927	150855011
ENSG00000250852	2	131975976	132022250
ENSG00000238961	5	76376259	76376396
ENSG00000254238	8	75938663	75941695
ENSG00000262583	16	75533686	75550178
ENSG00000229357	1	150876372	150876689
ENSG00000248652	5	56377572	56377778
ENSG00000272702	2	73340146	73343035
ENSG00000253712	8	76079939	76088891
ENSG00000155890	3	140396881	140419992
ENSG00000226002	7	64544481	64560610
ENSG00000189431	11	13030696	13032647
ENSG00000270689	11	94876801	94878289
ENSG00000249395	8	76135639	76236976
ENSG00000249869	3	129732025	129732384
ENSG00000226702	2	56190326	56274461
ENSG00000242978	7	144131919	144132407
ENSG00000250305	8	12803151	12889012
ENSG00000246448	4	144621410	144786225
ENSG00000259357	1	150937736	150938734
ENSG00000270578	11	94878601	94879168
ENSG00000259992	16	75575297	75642343
ENSG00000227057	6	33246885	33257304
ENSG00000269043	19	20615358	20711421
ENSG00000255558	11	13076162	13156386
ENSG00000156564	6	40359325	40555204
ENSG00000250480	5	56416623	56418451
ENSG00000180770	3	129740396	129741363
ENSG00000221507	7	144148774	144148910
ENSG00000253229	8	76214531	76214809
ENSG00000250345	4	144681552	144683246
ENSG00000255018	11	13173747	13173895
ENSG00000251019	4	79570108	79570396
ENSG00000268335	19	20626021	20626531
ENSG00000272459	5	176981825	176982365
ENSG00000231073	1	150945599	150948010
ENSG00000243746	7	144344279	144345668
ENSG00000201822	3	179879674	179879765
ENSG00000240199	16	75732431	75732728
ENSG00000213938	2	200524274	200525452
ENSG00000222162	11	13374755	13375070
ENSG00000260518	16	33489492	33500971
ENSG00000269110	19	20736598	20844389
ENSG00000154478	10	125425871	125454123
ENSG00000254023	8	76288944	76289249
ENSG00000233760	7	26591441	26596819
ENSG00000261424	16	75742954	75743713
ENSG00000213158	3	179918924	179930896
ENSG00000200759	1	150995222	150995328
ENSG00000247679	5	177038254	177046755
ENSG00000254583	11	13499880	13500584
ENSG00000245552	11	94883703	94967268
ENSG00000233717	1	151084388	151085204
ENSG00000250641	6	31674681	31685695
ENSG00000239793	4	79689653	79689904
ENSG00000120519	4	147175127	147443123
ENSG00000268272	19	20765890	20766453
ENSG00000221029	8	76698600	76698695
ENSG00000255401	11	13510159	13510937
ENSG00000164669	7	64601603	64694600
ENSG00000260278	4	79694808	79697127
ENSG00000264073	22	28316513	28316600
ENSG00000238595	8	76805035	76805139
ENSG00000261313	16	75872528	75894765
ENSG00000246596	5	177046060	177099210
ENSG00000222231	8	77177778	77177967
ENSG00000239249	22	28452143	28452441
ENSG00000213787	7	26961729	26962531
ENSG00000250802	5	76382565	76462734
ENSG00000171532	17	37759789	37766030
ENSG00000201209	22	28628744	28628811
ENSG00000270866	8	77316233	77317326
ENSG00000174501	2	96514587	96657541
ENSG00000266270	4	79741906	79741975
ENSG00000228446	2	225364104	225364817
ENSG00000207548	2	56210102	56210211
ENSG00000087365	11	65818200	65836779
ENSG00000261168	1	151102551	151104086
ENSG00000228901	11	13631910	13632318
ENSG00000268560	19	20794365	20798195
ENSG00000199797	22	28699742	28699838
ENSG00000257920	12	97666470	97669987
ENSG00000176624	18	48700920	48744674
ENSG00000242175	4	79820009	79820306
ENSG00000266503	22	29038969	29039258
ENSG00000269779	19	20874142	20880421
ENSG00000207798	2	56216085	56216194
ENSG00000250644	11	1768897	1780281
ENSG00000265753	1	151273143	151273439
ENSG00000199299	16	75894946	75895055
ENSG00000211520	2	56227849	56227930
ENSG00000254791	11	13690874	13691696
ENSG00000273481	1	151300425	151300905
ENSG00000226059	7	27022387	27022986
ENSG00000185009	10	75881524	75910821
ENSG00000226471	22	29196671	29244547
ENSG00000271167	8	77316293	77319373
ENSG00000260223	16	76141181	76181704
ENSG00000267302	17	58042193	58074333
ENSG00000232732	2	200732119	200775882
ENSG00000207293	5	56464935	56465036
ENSG00000224645	1	151313124	151314442
ENSG00000240454	11	13707046	13707203
ENSG00000239880	3	180040895	180042847
ENSG00000229805	2	56304552	56317517
ENSG00000212199	2	131987180	131987286
ENSG00000266055	7	27062156	27062295
ENSG00000124602	6	40994772	41006928
ENSG00000254300	8	77318889	77436591
ENSG00000255794	12	97825431	97958813
ENSG00000226807	8	142443929	142517330
ENSG00000268416	19	20929729	20938056
ENSG00000237976	1	151319443	151320503
ENSG00000214869	7	27063356	27064526
ENSG00000200685	11	13708097	13708205
ENSG00000200673	7	144546848	144547177
ENSG00000269885	19	20941246	20941758
ENSG00000224877	17	79213039	79215081
ENSG00000248586	5	56613816	56615847
ENSG00000167080	17	47209822	47247351
ENSG00000241696	3	180131962	180140294
ENSG00000263828	2	225875178	225875257
ENSG00000231431	2	132046326	132066641
ENSG00000236343	7	144702151	144703228
ENSG00000255075	11	13777574	13779107
ENSG00000260983	16	76262283	76296263
ENSG00000249307	4	79892902	80229952
ENSG00000271894	2	56374765	56613306
ENSG00000232784	2	226264426	226265304
ENSG00000213786	7	27087788	27088247
ENSG00000250961	5	56690887	56829251
ENSG00000269040	19	20967402	20967958
ENSG00000228206	2	226562970	226563255
ENSG00000244485	16	76268953	76269521
ENSG00000238711	1	151411476	151411571
ENSG00000164318	5	38258511	38465123
ENSG00000253661	8	77403435	77595513
ENSG00000266156	19	20988317	20988400
ENSG00000252840	1	151500307	151500414
ENSG00000206506	HSCHR6_MHC_QBL	29791932	29796106
ENSG00000167487	19	18747775	18781309
ENSG00000232536	1	151512992	151534331
ENSG00000269373	19	21021321	21030223
ENSG00000255088	11	13779658	13779892
ENSG00000252814	16	76321527	76321636
ENSG00000224564	HSCHR6_MHC_MCF	29755878	29757912
ENSG00000207606	1	151518272	151518367
ENSG00000255411	11	13806937	13869549
ENSG00000164116	4	156587863	156653501
ENSG00000264645	16	76413923	76414056
ENSG00000269012	19	21143914	21146176
ENSG00000252022	16	76503405	76503492
ENSG00000233251	2	56400669	56412905
ENSG00000273301	2	226563230	226568370
ENSG00000223861	1	151529922	151530416
ENSG00000269147	19	21147641	21148000
ENSG00000254927	11	13848390	13901046
ENSG00000250514	16	76668895	76692375
ENSG00000272858	22	29210902	29211650
ENSG00000268326	19	21155068	21166016
ENSG00000254930	11	13866409	13892163
ENSG00000224256	22	29231881	29232125
ENSG00000230621	2	226857697	226857913
ENSG00000259995	16	76770239	76962066
ENSG00000137221	6	43445261	43474294
ENSG00000271598	19	21208721	21208847
ENSG00000250734	1	151584514	151585839
ENSG00000233429	7	27135266	27139884
ENSG00000201204	11	95206436	95206538
ENSG00000201856	11	13929031	13929137
ENSG00000266426	16	76902833	76902916
ENSG00000259930	HSCHR6_MHC_MCF	29765075	29767083
ENSG00000121898	10	125465723	125699783
ENSG00000250390	11	95215570	95230717
ENSG00000265650	19	21238809	21238886
ENSG00000254438	11	13942997	13946410
ENSG00000206635	1	151601800	151601906
ENSG00000213953	2	187361840	187365393
ENSG00000260797	16	76912171	76912833
ENSG00000268598	19	21246730	21247067
ENSG00000250308	5	56718291	56720218
ENSG00000177108	14	77597613	77609077
ENSG00000117984	11	1773982	1785222
ENSG00000227045	1	151673502	151680862
ENSG00000132128	1	46726868	46769280
ENSG00000255605	11	95431250	95433787
ENSG00000253681	8	77488786	77491580
ENSG00000201035	19	21295934	21296042
ENSG00000249849	5	177109295	177140970
ENSG00000268846	2	187367219	187367356
ENSG00000255552	6	31679548	31681842
ENSG00000125447	17	73232694	73258444
ENSG00000256240	19	21301321	21301529
ENSG00000264748	5	56777647	56777730
ENSG00000248943	5	177228205	177230345
ENSG00000256885	11	95556681	95557336
ENSG00000254305	8	77515475	77516087
ENSG00000206980	1	151720073	151720176
ENSG00000235070	2	227044760	227050087
ENSG00000248294	5	56869854	56910168
ENSG00000261063	16	77235371	77283854
ENSG00000269621	1	151728017	151732387
ENSG00000222578	11	95573181	95573288
ENSG00000268357	19	21306620	21306991
ENSG00000069943	15	55611158	55647846
ENSG00000226348	16	77254303	77255155
ENSG00000242993	11	95696383	95696788
ENSG00000263363	2	227523426	227523509
ENSG00000236940	1	151730135	151730918
ENSG00000154920	17	48450581	48458844
ENSG00000199395	2	56462352	56462465
ENSG00000272622	2	227664862	227675745
ENSG00000253416	8	77816827	77825635
ENSG00000240522	19	21332451	21333241
ENSG00000231570	2	56977435	56977698
ENSG00000235786	22	29388709	29414608
ENSG00000249436	5	56910216	56913258
ENSG00000152268	11	13983914	14289646
ENSG00000266192	11	96074602	96074690
ENSG00000261379	2	227668752	227669777
ENSG00000250334	4	80413570	80497614
ENSG00000266712	8	77879004	77879086
ENSG00000255679	11	96180296	96239990
ENSG00000177993	22	29420987	29427464
ENSG00000212391	2	227833705	227833838
ENSG00000238690	2	57243196	57243299
ENSG00000253952	8	77925987	77926264
ENSG00000221608	2	227988959	227989074
ENSG00000271115	2	57275485	57276471
ENSG00000114120	3	140660672	140698775
ENSG00000249602	1	151735860	151741977
ENSG00000222334	8	78199052	78199131
ENSG00000226772	22	29495029	29507671
ENSG00000200411	11	96207736	96207856
ENSG00000252988	2	73525811	73525915
ENSG00000221195	5	56938722	56938813
ENSG00000244355	6	31683133	31685581
ENSG00000268995	19	21371401	21371756
ENSG00000270569	2	57656683	57657828
ENSG00000170089	5	177236408	177377733
ENSG00000269883	14	77607026	77609339
ENSG00000254366	8	78311308	78449526
ENSG00000235696	HSCHR6_MHC_SSTO	31879619	31905301
ENSG00000214484	2	73597147	73598020
ENSG00000256684	11	96241589	96247912
ENSG00000232937	1	151738185	151738865
ENSG00000143401	1	150190717	150208504
ENSG00000233982	HSCHR6_MHC_MCF	29767855	29768651
ENSG00000268892	19	21404447	21405548
ENSG00000236432	2	228085768	228189917
ENSG00000257576	12	56904786	56906487
ENSG00000249646	4	80508456	80509284
ENSG00000249198	5	57047019	57047544
ENSG00000254587	11	96461317	96584822
ENSG00000268288	1	151738962	151739476
ENSG00000173372	1	22962999	22966101
ENSG00000200871	22	29530002	29530108
ENSG00000269839	19	21407900	21428043
ENSG00000171094	2	29415640	30144432
ENSG00000214297	10	127355444	127356519
ENSG00000266864	5	57168766	57168873
ENSG00000251952	22	29587685	29587796
ENSG00000230002	2	73683891	73686611
ENSG00000188817	3	63638344	63664696
ENSG00000254001	8	79060336	79066148
ENSG00000255376	11	96513671	96514225
ENSG00000212168	2	57771670	57771734
ENSG00000109066	17	72772622	72835918
ENSG00000123374	12	56360553	56366568
ENSG00000242291	19	21416137	21416454
ENSG00000237015	22	29656878	29658026
ENSG00000203288	1	151763280	151766878
ENSG00000201579	12	56982302	56982405
ENSG00000251399	4	80517696	80518327
ENSG00000271615	2	57982563	57993187
ENSG00000207031	12	57038811	57038885
ENSG00000233592	HSCHR6_MHC_MCF	29777227	29777358
ENSG00000221087	2	73715706	73715787
ENSG00000252935	8	79310750	79310857
ENSG00000265574	17	30438581	30439609
ENSG00000228021	10	127371798	127398627
ENSG00000232122	HSCHR6_MHC_MCF	29792044	29793023
ENSG00000255205	11	96871274	96871711
ENSG00000241217	12	57064236	57064530
ENSG00000269489	1	151770530	151771078
ENSG00000163016	2	73872046	73912703
ENSG00000249584	5	57186154	57194989
ENSG00000263985	17	30462748	30462833
ENSG00000153721	6	154708638	154831793
ENSG00000254266	8	79338338	79470738
ENSG00000268747	19	21458825	21459134
ENSG00000258679	12	57216769	57268052
ENSG00000201134	1	151814212	151814313
ENSG00000270753	11	96957160	96957682
ENSG00000163138	4	20697905	20754530
ENSG00000248408	4	80584915	80617991
ENSG00000273216	22	29712733	29713209
ENSG00000265293	17	30477452	30478523
ENSG00000234614	1	151814353	151822861
ENSG00000198185	20	45129701	45142198
ENSG00000238899	5	57366015	57366118
ENSG00000255039	11	97093644	97130987
ENSG00000262971	HG686_PATCH	95610280	95610386
ENSG00000251321	4	80748625	80798924
ENSG00000268521	19	21472356	21472800
ENSG00000251738	2	58289716	58289800
ENSG00000239127	22	29729152	29729247
ENSG00000268322	19	21500963	21501521
ENSG00000223810	1	151921999	151923388
ENSG00000199315	11	97528464	97528582
ENSG00000266282	17	30554909	30555127
ENSG00000234364	HSCHR6_MHC_MCF	29816995	29817123
ENSG00000248132	5	57403909	57418168
ENSG00000255502	11	97749781	97813762
ENSG00000242156	22	29815144	29819182
ENSG00000268731	19	21564022	21564723
ENSG00000212620	4	80764256	80764382
ENSG00000263674	17	30607406	30607972
ENSG00000266382	2	228336848	228336903
ENSG00000225120	HSCHR6_MHC_MCF	29846327	29847295
ENSG00000260398	8	79518187	79521940
ENSG00000236530	4	81000686	81002276
ENSG00000262689	HG686_PATCH	95632416	95711088
ENSG00000204872	2	73927754	73928432
ENSG00000236116	2	228481714	228482506
ENSG00000258816	12	57249478	57249670
ENSG00000254555	11	97779253	97779537
ENSG00000229021	1	151967007	152015250
ENSG00000207782	19	50004042	50004125
ENSG00000273063	2	58468484	58468821
ENSG00000165553	14	77731826	77737655
ENSG00000265794	17	30651450	30687719
ENSG00000225465	22	29832818	29874164
ENSG00000254352	8	79636031	79636371
ENSG00000159189	1	22970123	22974603
ENSG00000216073	11	97783797	97783889
ENSG00000224023	10	127389005	127408135
ENSG00000273245	2	73977383	73977913
ENSG00000268681	19	50005689	50005896
ENSG00000250599	2	228497685	228513322
ENSG00000168907	15	42433332	42448839
ENSG00000233426	2	58478575	58479703
ENSG00000255380	11	98000967	98001926
ENSG00000253919	8	79672377	79674666
ENSG00000271536	2	74104693	74105989
ENSG00000212383	12	57255159	57255292
ENSG00000213976	19	21565667	21569979
ENSG00000261618	8	79749764	79752757
ENSG00000247700	HSCHR6_MHC_MCF	29846785	29849507
ENSG00000248271	5	57457024	57457579
ENSG00000237883	2	74174769	74208568
ENSG00000240667	1	151991138	151994984
ENSG00000142459	19	7895119	7929862
ENSG00000207073	19	50069929	50070029
ENSG00000254939	11	98435804	98437557
ENSG00000264969	8	80009598	80009688
ENSG00000248874	5	23951457	24178372
ENSG00000233661	X	62569525	62572057
ENSG00000268636	19	50129251	50129696
ENSG00000253659	8	80209952	80226706
ENSG00000264413	19	50185328	50185411
ENSG00000237098	HSCHR6_MHC_MCF	29855591	29856722
ENSG00000265139	17	30655460	30656414
ENSG00000253391	8	80432380	80432884
ENSG00000268119	19	21627043	21646710
ENSG00000135637	2	74699113	74710535
ENSG00000225226	2	58503012	58523683
ENSG00000268677	19	50192110	50193830
ENSG00000104059	15	29412457	29862927
ENSG00000102076	X	153409698	153424507
ENSG00000234208	22	29909878	29931379
ENSG00000254097	2	90028797	90029031
ENSG00000231729	X	62890076	62891382
ENSG00000201876	2	74195250	74195333
ENSG00000263767	3	129752301	129752388
ENSG00000231924	19	43370616	43383974
ENSG00000240540	8	80483388	80484570
ENSG00000248483	5	93070508	93077343
ENSG00000235499	2	74212259	74213470
ENSG00000233010	22	30004889	30005490
ENSG00000243829	19	50222755	50223338
ENSG00000206331	HSCHR6_MHC_QBL	32073755	32079766
ENSG00000236813	X	62986755	62987280
ENSG00000232678	1	152050428	152050687
ENSG00000103326	16	577717	604636
ENSG00000255989	2	74213653	74220867
ENSG00000254599	11	98547121	98554465
ENSG00000178922	1	43916824	43919660
ENSG00000272021	5	95185013	95185559
ENSG00000236265	HSCHR6_MHC_MCF	29865562	29865928
ENSG00000254830	11	98809642	98815809
ENSG00000257800	2	74347807	74350345
ENSG00000222532	X	63005882	63005967
ENSG00000233723	2	58654934	59290901
ENSG00000257599	12	29542227	29640421
ENSG00000223269	11	98990906	98991220
ENSG00000234134	10	127407340	127407934
ENSG00000226716	1	152095010	152097541
ENSG00000254345	2	90048212	90048737
ENSG00000092148	14	31569318	31677010
ENSG00000232396	22	30101245	30115848
ENSG00000266616	11	99295669	99295736
ENSG00000272138	8	80680377	80715077
ENSG00000232794	X	63264185	63264938
ENSG00000239390	5	143520444	143520729
ENSG00000233792	1	152096914	152097556
ENSG00000255547	11	100207588	100208357
ENSG00000225439	2	74375136	74377188
ENSG00000263749	17	30670793	30671143
ENSG00000268658	19	21666176	21686040
ENSG00000249605	5	143748897	143764873
ENSG00000256894	12	26278088	26279550
ENSG00000157637	17	79218800	79269347
ENSG00000206599	19	50267781	50267887
ENSG00000232649	HSCHR6_MHC_MCF	29866801	29867663
ENSG00000269194	19	50312190	50312995
ENSG00000207928	17	30677128	30677221
ENSG00000272774	3	72227430	72227961
ENSG00000242165	11	100512709	100513004
ENSG00000236991	10	127433296	127440679
ENSG00000237975	1	152140601	152339163
ENSG00000228921	HSCHR6_MHC_MCF	29988824	29989335
ENSG00000038358	16	67906926	67918406
ENSG00000250972	5	143818769	143819041
ENSG00000266385	17	30738236	30739439
ENSG00000255059	11	100537190	100537693
ENSG00000242618	3	72252095	72259043
ENSG00000239446	22	30107809	30115703
ENSG00000250362	5	95197490	95210223
ENSG00000268006	19	50341896	50354933
ENSG00000256234	12	26364097	26488789
ENSG00000173369	1	22979255	22988031
ENSG00000249328	8	80681607	80783994
ENSG00000264083	17	30757986	30759860
ENSG00000273471	2	111143988	111191250
ENSG00000236746	HSCHR6_MHC_MCF	30002851	30004812
ENSG00000248027	11	100554893	100558686
ENSG00000271358	14	96485821	96486102
ENSG00000255750	12	26383752	26472653
ENSG00000257767	12	112191694	112229222
ENSG00000268047	19	50356144	50358224
ENSG00000221236	14	96603188	96603280
ENSG00000200976	22	30154747	30154848
ENSG00000253365	2	90049551	90049994
ENSG00000213488	5	143901703	143902551
ENSG00000258412	14	96677197	96681155
ENSG00000265208	11	100665172	100665266
ENSG00000207455	22	30295576	30295682
ENSG00000265954	19	50357848	50357908
ENSG00000238884	8	80712368	80712430
ENSG00000129566	14	20833826	20881588
ENSG00000200047	11	100710361	100710677
ENSG00000222316	5	76433792	76433901
ENSG00000235600	HSCHR6_MHC_MCF	30017032	30018695
ENSG00000238388	11	100805005	100805109
ENSG00000272518	8	80868700	80869616
ENSG00000212070	3	72311473	72311579
ENSG00000251566	5	76442393	76442990
ENSG00000183571	15	99511459	99551024
ENSG00000164615	5	134074191	134087847
ENSG00000255504	11	101018881	101080322
ENSG00000269352	19	50360227	50362546
ENSG00000260670	3	72370202	72373178
ENSG00000138448	2	187454792	187545628
ENSG00000244345	3	72553957	72599703
ENSG00000233841	HSCHR6_MHC_COX	31227577	31230958
ENSG00000263885	11	101390551	101390636
ENSG00000251400	5	76586093	76587625
ENSG00000272264	8	80944959	80945535
ENSG00000133315	11	63766030	63933578
ENSG00000221736	22	30340198	30340285
ENSG00000254205	8	81035087	81039905
ENSG00000271257	5	57799122	57799527
ENSG00000254506	11	101455026	101465887
ENSG00000251314	5	95297705	95966789
ENSG00000201810	3	180260489	180260624
ENSG00000261155	HG536_PATCH	69624992	69633792
ENSG00000244019	5	76841222	76842091
ENSG00000241550	8	81116841	81117135
ENSG00000227117	22	30404731	30476469
ENSG00000101203	20	61924538	61966203
ENSG00000265699	5	57825870	57825936
ENSG00000184115	2	111160491	111192743
ENSG00000244363	5	76878198	76879010
ENSG00000265588	8	81153624	81153708
ENSG00000260348	HG536_PATCH	69723952	69725762
ENSG00000236427	1	152178334	152179533
ENSG00000241746	8	81177763	81178390
ENSG00000220793	16	9250219	9250761
ENSG00000248475	5	58037408	58112926
ENSG00000260679	HG536_PATCH	69736406	69741581
ENSG00000221479	12	97885678	97885761
ENSG00000145491	5	10441636	10472141
ENSG00000254534	11	101636666	101640692
ENSG00000260819	HG536_PATCH	69800644	69830583
ENSG00000227415	1	152346430	152417932
ENSG00000267896	19	50363139	50363771
ENSG00000179331	11	107799229	107834208
ENSG00000251844	12	97945915	97946006
ENSG00000253238	8	81178389	81252075
ENSG00000261547	HG536_PATCH	69829626	69835827
ENSG00000229798	2	74533855	74535135
ENSG00000264694	16	9407692	9407761
ENSG00000226490	8	142524738	142528837
ENSG00000207586	12	97957590	97957689
ENSG00000138029	2	26466038	26513336
ENSG00000240412	5	58118330	58119541
ENSG00000263462	19	50391432	50391487
ENSG00000183586	1	152372053	152372245
ENSG00000185261	5	93488671	93954309
ENSG00000266492	16	9407764	9407831
ENSG00000213791	8	81213104	81213716
ENSG00000260980	HG536_PATCH	69870998	69880139
ENSG00000257157	12	98073657	98073825
ENSG00000265438	19	50436321	50436394
ENSG00000252214	2	74546526	74546628
ENSG00000261617	16	9449445	9501950
ENSG00000139197	12	7341281	7371170
ENSG00000248733	5	58142712	58159241
ENSG00000221125	19	50452574	50452784
ENSG00000226947	1	152616869	152617193
ENSG00000234632	2	74577196	74578136
ENSG00000260606	HG536_PATCH	69887202	69890201
ENSG00000176834	12	118501398	118573831
ENSG00000185115	15	29560353	29562033
ENSG00000234599	HSCHR6_MHC_MCF	30021353	30024652
ENSG00000253765	2	90085628	90085889
ENSG00000261397	16	9535151	9538842
ENSG00000131016	6	151561134	151679692
ENSG00000176075	1	152627953	152629280
ENSG00000247345	5	58335588	58359330
ENSG00000254220	2	90091427	90092218
ENSG00000176542	3	113367232	113415493
ENSG00000216937	10	32735068	32863492
ENSG00000206649	8	81229174	81229304
ENSG00000262538	HG536_PATCH	69890131	69890237
ENSG00000213763	5	77080705	77081827
ENSG00000265092	10	127508309	127508391
ENSG00000251306	5	58824687	58825077
ENSG00000075420	3	171757418	172119455
ENSG00000261075	16	9539867	9549362
ENSG00000253237	8	81263367	81263651
ENSG00000252679	11	101927694	101927748
ENSG00000253572	5	77238581	77242262
ENSG00000215972	10	127531513	127531598
ENSG00000227389	HSCHR6_MHC_MCF	30039453	30039849
ENSG00000178894	2	90137998	90138233
ENSG00000161643	19	50472857	50479071
ENSG00000239154	11	101929036	101929139
ENSG00000222629	10	127579135	127579247
ENSG00000227201	22	30442265	30443182
ENSG00000229713	1	152709994	152710344
ENSG00000260071	16	9560512	9611421
ENSG00000225658	2	74578261	74578546
ENSG00000252884	8	81317751	81317844
ENSG00000202601	5	58999432	58999529
ENSG00000260008	11	101978617	101980573
ENSG00000233819	1	152716775	152717082
ENSG00000267889	2	203104292	203104435
ENSG00000163531	1	204797779	204991950
ENSG00000144161	2	112969102	113012713
ENSG00000236113	HSCHR6_MHC_MCF	30040681	30041558
ENSG00000251867	8	81396796	81397854
ENSG00000250955	5	95300703	95322015
ENSG00000234016	10	127648777	127648975
ENSG00000224308	1	152902516	152921686
ENSG00000248935	5	59317076	59328847
ENSG00000226573	22	30501083	30501397
ENSG00000253558	5	77337703	77339962
ENSG00000254422	11	102100582	102101653
ENSG00000200468	16	9658247	9658354
ENSG00000173660	1	46769303	46782448
ENSG00000254162	8	81447241	81451370
ENSG00000201423	5	143914917	143915233
ENSG00000252920	1	152984958	152985090
ENSG00000252927	16	9693954	9694085
ENSG00000243777	11	102165791	102166537
ENSG00000212365	11	14156532	14156646
ENSG00000111275	12	112204691	112247782
ENSG00000249229	5	144381416	144385352
ENSG00000254292	2	90160638	90161416
ENSG00000234262	1	152996438	152996736
ENSG00000260432	16	9847272	9851895
ENSG00000122335	6	158530536	158589312
ENSG00000231043	2	58687427	58689167
ENSG00000052802	4	166248775	166264312
ENSG00000254418	11	14284392	14295237
ENSG00000260317	8	81453535	81455339
ENSG00000164741	8	12940870	13373167
ENSG00000270868	11	102176843	102177002
ENSG00000229035	1	153112967	153113185
ENSG00000244002	4	81082283	81083165
ENSG00000255074	11	14462333	14463223
ENSG00000271600	11	102179288	102179528
ENSG00000229699	1	153146994	153164152
ENSG00000261810	16	10127541	10131154
ENSG00000262446	HSCHR1_2_CTG31	155219647	155229865
ENSG00000212466	11	102184453	102184560
ENSG00000248719	4	81104434	81111323
ENSG00000221467	5	144577338	144577422
ENSG00000237737	2	74612613	74621009
ENSG00000109072	17	26691290	26700110
ENSG00000182253	15	99638420	99675798
ENSG00000009830	14	77741299	77787227
ENSG00000255337	11	102323650	102332739
ENSG00000188856	8	81471105	81471992
ENSG00000261647	16	10205239	10206742
ENSG00000251031	5	144602173	144608545
ENSG00000232691	HSCHR6_MHC_MCF	30047255	30107921
ENSG00000232327	4	81307332	81309870
ENSG00000261580	16	33571888	33572146
ENSG00000230779	1	153197556	153198482
ENSG00000251991	11	14500438	14500499
ENSG00000161992	16	610422	615528
ENSG00000266439	16	10315634	10315930
ENSG00000215325	5	144608374	144609617
ENSG00000223544	17	15492166	15492398
ENSG00000255040	11	14695152	14696101
ENSG00000260756	16	10445297	10446609
ENSG00000213716	5	95308745	95309150
ENSG00000260308	16	33573502	33573715
ENSG00000256916	11	102477647	102498801
ENSG00000171045	8	143293441	143484601
ENSG00000264305	16	10499800	10500074
ENSG00000266261	17	15554904	15557803
ENSG00000253179	11	14929064	14929532
ENSG00000261153	16	33611245	33613234
ENSG00000253760	8	81480285	81480741
ENSG00000199482	16	10590129	10590231
ENSG00000156535	6	74405508	74538040
ENSG00000202017	5	59599874	59599978
ENSG00000108452	17	15578790	15578957
ENSG00000250640	11	15009217	15010240
ENSG00000213896	5	59725730	59726103
ENSG00000260468	16	10608699	10622059
ENSG00000233966	17	15607546	15608214
ENSG00000253906	2	90218730	90219428
ENSG00000251059	4	82086094	82114549
ENSG00000250842	5	144717495	144761233
ENSG00000270924	16	33650943	33651111
ENSG00000222030	2	59444843	59506535
ENSG00000223327	8	81497820	81498008
ENSG00000260916	15	55632230	55700708
ENSG00000256013	16	10623297	10625939
ENSG00000254181	8	81507050	81507938
ENSG00000248125	5	144809431	144830662
ENSG00000253072	11	15503354	15503439
ENSG00000207321	1	153304098	153304204
ENSG00000233002	17	15638337	15652506
ENSG00000271691	16	33654252	33654536
ENSG00000254946	11	15574401	15612644
ENSG00000222085	5	77352448	77352570
ENSG00000260310	16	10670356	10672040
ENSG00000237008	1	153352297	153353275
ENSG00000243424	8	81525779	81526061
ENSG00000214244	5	59755675	59756566
ENSG00000090372	19	47222764	47250251
ENSG00000249372	5	77518008	77518341
ENSG00000227574	2	111206819	111208641
ENSG00000254789	11	15593569	15643937
ENSG00000254331	8	81557174	81557408
ENSG00000255282	11	102617699	102707497
ENSG00000055044	2	203130439	203168389
ENSG00000144619	3	2140497	3099645
ENSG00000263279	16	10785130	10786830
ENSG00000251605	5	77603327	77603738
ENSG00000249363	5	145107923	145108912
ENSG00000254695	11	15665431	15726914
ENSG00000121579	3	113435307	113465147
ENSG00000212429	8	81661796	81661928
ENSG00000250551	5	95385819	95551223
ENSG00000243951	8	81688901	81689197
ENSG00000207065	4	82255457	82255572
ENSG00000263241	16	10812490	10813619
ENSG00000260312	16	33660402	33661331
ENSG00000200331	5	77610740	77610849
ENSG00000152931	5	59783540	59843484
ENSG00000267227	17	15652017	15652629
ENSG00000125779	20	3869486	3907605
ENSG00000254645	11	15723509	15780444
ENSG00000231583	2	111257677	111257812
ENSG00000206714	5	77612860	77612961
ENSG00000255858	12	26468648	26470746
ENSG00000236516	2	132056793	132058017
ENSG00000233193	17	15664928	15667083
ENSG00000270318	16	33661363	33661819
ENSG00000262107	16	10813690	10813872
ENSG00000224784	1	153369067	153369247
ENSG00000251331	4	82523951	82965397
ENSG00000245556	5	77638189	77656331
ENSG00000265818	6	8015959	8102763
ENSG00000227255	17	15668017	15668978
ENSG00000189099	4	152198323	152212605
ENSG00000239774	3	180284506	180319723
ENSG00000261904	16	10813872	10815321
ENSG00000203781	1	153399496	153400877
ENSG00000260525	16	33677506	33677935
ENSG00000133216	1	23037332	23241818
ENSG00000227817	2	132085749	132088430
ENSG00000186509	11	57791353	57949088
ENSG00000248493	5	145376781	145377566
ENSG00000237677	2	90294146	90294339
ENSG00000235430	17	15672031	15674740
ENSG00000254661	11	15932503	15948989
ENSG00000199986	3	180298845	180298951
ENSG00000255968	12	26471886	26574395
ENSG00000263841	1	153472943	153473240
ENSG00000241946	3	180307675	180307835
ENSG00000234047	2	90300126	90300402
ENSG00000262322	16	10815555	10816925
ENSG00000251556	5	145478969	145499975
ENSG00000238279	1	153506079	153507591
ENSG00000254878	11	16044736	16053061
ENSG00000251829	17	15685655	15685769
ENSG00000243187	3	180397872	180418237
ENSG00000256185	12	26488797	26489883
ENSG00000207578	5	95414842	95414916
ENSG00000231536	2	111368493	111369981
ENSG00000221556	11	16145862	16145942
ENSG00000248282	4	82654539	82655361
ENSG00000227018	17	15686602	15687621
ENSG00000225678	11	102621801	102625674
ENSG00000242811	3	180454196	180454491
ENSG00000234521	2	74640147	74640608
ENSG00000213785	11	16505631	16506218
ENSG00000269091	19	50546453	50554319
ENSG00000242068	3	180490538	180491702
ENSG00000260781	16	33709886	33739634
ENSG00000196796	16	29049923	29064047
ENSG00000239602	5	145517318	145517944
ENSG00000253210	8	142136143	142140060
ENSG00000241943	11	16598398	16598682
ENSG00000271853	1	153598808	153606816
ENSG00000233155	2	74645249	74645569
ENSG00000262259	16	10816922	10817212
ENSG00000237474	2	90512495	90512771
ENSG00000199883	11	16863800	16864134
ENSG00000138709	4	128982423	129144086
ENSG00000248448	4	82841148	82841540
ENSG00000225971	22	30532662	30533670
ENSG00000204666	19	50553846	50570050
ENSG00000251928	11	16995968	16996035
ENSG00000237261	2	90532368	90532626
ENSG00000263196	16	10817281	10817623
ENSG00000253307	8	142262385	142263391
ENSG00000241473	3	180538332	180539400
ENSG00000244398	11	16996240	16996560
ENSG00000224425	2	132109787	132110812
ENSG00000179277	17	15689932	15690889
ENSG00000216867	2	111391524	111391910
ENSG00000206997	5	95545825	95545931
ENSG00000227264	10	38989555	38991356
ENSG00000253516	8	81724377	81724816
ENSG00000252762	4	82849466	82849592
ENSG00000254197	8	142288327	142302961
ENSG00000225676	22	30580633	30603098
ENSG00000124802	6	8073593	8102811
ENSG00000266493	11	17029425	17029515
ENSG00000248543	4	82931818	82934248
ENSG00000269540	19	50562139	50563489
ENSG00000264373	17	30761958	30762047
ENSG00000254291	8	142336229	142337236
ENSG00000235881	2	111467152	111474172
ENSG00000262158	16	10817693	10818474
ENSG00000239516	3	180545765	180547638
ENSG00000254060	8	81949199	81953066
ENSG00000117481	1	46805849	46830824
ENSG00000232530	22	30635183	30636527
ENSG00000184669	11	17035545	17074583
ENSG00000265519	17	15691101	15691519
ENSG00000055118	7	150642049	150675403
ENSG00000169933	X	12156585	12742642
ENSG00000249746	5	95549050	95550779
ENSG00000202100	17	30790392	30790500
ENSG00000268705	19	21704145	21704698
ENSG00000239317	5	145518334	145518571
ENSG00000253595	8	142350648	142354720
ENSG00000155974	12	66741211	67197966
ENSG00000233087	2	132118066	132121731
ENSG00000254177	8	81970758	81979979
ENSG00000266718	17	30822554	30826351
ENSG00000236330	2	111725411	111726296
ENSG00000183248	19	7933605	7939326
ENSG00000271955	2	59445815	60327335
ENSG00000226615	2	91635931	91636149
ENSG00000267890	19	50578380	50579159
ENSG00000268812	22	30641984	30642987
ENSG00000268081	19	21737442	21752039
ENSG00000262381	16	10818477	10819153
ENSG00000257501	12	98107190	98155637
ENSG00000253214	8	82066514	82076834
ENSG00000213157	3	180605465	180605863
ENSG00000268555	19	21753624	21770124
ENSG00000088053	19	55525073	55549632
ENSG00000238374	5	145624754	145624816
ENSG00000265222	17	30836972	30850442
ENSG00000227004	2	200736895	200737101
ENSG00000234541	10	39006326	39012360
ENSG00000108599	17	19807615	19881656
ENSG00000250826	4	83049688	83050809
ENSG00000262488	16	10934241	10935401
ENSG00000261655	8	142363503	142365465
ENSG00000250025	5	145686661	145756526
ENSG00000241528	22	30770930	30773862
ENSG00000264378	11	17076459	17076554
ENSG00000267815	19	50813279	50813796
ENSG00000233891	2	59465851	59960531
ENSG00000263717	17	30839887	30846368
ENSG00000244998	8	142400039	142402674
ENSG00000123810	19	41860326	41870078
ENSG00000227679	10	39055226	39055622
ENSG00000221322	11	17095499	17095582
ENSG00000085365	5	77656339	77776562
ENSG00000254014	8	82156391	82156573
ENSG00000262151	16	10958771	10982609
ENSG00000272034	11	17096201	17096291
ENSG00000116096	2	73114489	73119287
ENSG00000250158	5	95583480	95614455
ENSG00000273350	22	30816501	30816901
ENSG00000266599	17	30845971	30858510
ENSG00000233832	10	39076135	39076239
ENSG00000271959	8	142444645	142448054
ENSG00000268240	19	21770234	21777430
ENSG00000240302	2	200765806	200766100
ENSG00000201403	11	17097326	17097415
ENSG00000233285	2	132126635	132127284
ENSG00000222915	22	30817034	30817137
ENSG00000201649	2	201237898	201237992
ENSG00000163631	4	74262831	74287129
ENSG00000229485	10	42644758	42644997
ENSG00000263013	16	11032743	11033901
ENSG00000204581	2	111855922	111873165
ENSG00000201586	11	17137199	17137310
ENSG00000238854	8	142457575	142457649
ENSG00000272689	22	30817195	30817525
ENSG00000265337	17	30856026	30857067
ENSG00000264798	2	201251898	201251987
ENSG00000253605	8	142469175	142470131
ENSG00000165816	10	115999018	116051272
ENSG00000262222	16	11034576	11036878
ENSG00000240808	11	17159523	17159812
ENSG00000272030	1	153603914	153606873
ENSG00000219041	2	91679087	91679734
ENSG00000202485	4	83095700	83095806
ENSG00000149635	20	45169585	45179213
ENSG00000271182	19	21817635	21817977
ENSG00000273428	22	30831531	30832234
ENSG00000234568	4	83196224	83197753
ENSG00000221123	8	143026860	143026986
ENSG00000196900	5	125967414	125971979
ENSG00000229917	16	11120881	11121620
ENSG00000213779	11	17215036	17215855
ENSG00000203606	22	30831531	30832231
ENSG00000007541	16	616995	634136
ENSG00000271724	5	145755154	145755782
ENSG00000254183	8	143049452	143050202
ENSG00000142937	1	45240923	45244451
ENSG00000261710	8	143171188	143172980
ENSG00000244301	2	201542956	201603504
ENSG00000230499	2	111953540	111964071
ENSG00000242565	1	153676564	153676859
ENSG00000268278	19	21820776	21839102
ENSG00000265247	8	143257700	143257779
ENSG00000273156	4	83266029	83266693
ENSG00000230137	22	30835824	30836305
ENSG00000254206	16	29392675	29415350
ENSG00000238518	5	95925896	95925980
ENSG00000227275	2	132127358	132127874
ENSG00000262020	16	11160353	11164959
ENSG00000235015	1	153689779	153690823
ENSG00000266992	17	58053370	58079745
ENSG00000248842	5	145780544	145786922
ENSG00000254008	8	143279717	143290364
ENSG00000268433	19	21860352	21861023
ENSG00000214161	22	30877298	30877898
ENSG00000206505	HSCHR6_MHC_QBL	29898417	29903057
ENSG00000266008	19	21880209	21880317
ENSG00000263033	16	11290034	11318373
ENSG00000268535	19	21892324	21892993
ENSG00000272677	4	83295454	83305180
ENSG00000197149	11	17249817	17250698
ENSG00000181123	22	30879341	30888791
ENSG00000131401	19	50837053	50848024
ENSG00000268117	19	21902603	21902837
ENSG00000199565	1	153698728	153698829
ENSG00000263179	16	11336510	11337409
ENSG00000264129	5	96030235	96030335
ENSG00000181472	6	151685252	151712683
ENSG00000243613	1	153719327	153723703
ENSG00000253602	8	143328948	143329227
ENSG00000269845	19	21933549	21936240
ENSG00000206728	3	23315298	23315401
ENSG00000183878	Y	15360259	15592553
ENSG00000261693	8	143485013	143488389
ENSG00000265084	19	21935813	21935885
ENSG00000228171	3	23431152	23431400
ENSG00000271620	16	33740804	33741266
ENSG00000233222	1	153723459	153724652
ENSG00000212549	12	26526531	26526666
ENSG00000227114	2	91685386	91685524
ENSG00000212228	16	11367970	11368093
ENSG00000225774	22	30938523	30940292
ENSG00000221506	3	23440991	23441060
ENSG00000268184	19	21951574	21976662
ENSG00000251303	5	59926341	59926800
ENSG00000164142	4	152330368	152584784
ENSG00000234428	12	26776302	26802412
ENSG00000261607	16	33750745	33751015
ENSG00000265645	3	23521988	23522069
ENSG00000260196	11	17402196	17405078
ENSG00000249180	5	96076783	96078402
ENSG00000261740	16	29454551	29465972
ENSG00000223831	22	30994296	31002674
ENSG00000232722	8	143648621	143653366
ENSG00000269136	19	21983282	21984068
ENSG00000252562	3	23655152	23655250
ENSG00000256640	12	26953776	26954235
ENSG00000212269	3	23682980	23683083
ENSG00000268438	19	22009315	22010081
ENSG00000223892	HSCHR6_MHC_MCF	30052365	30053360
ENSG00000172965	2	111953927	112252677
ENSG00000256404	5	59960257	59960333
ENSG00000238511	1	153726600	153726703
ENSG00000238672	3	23809102	23809195
ENSG00000259842	16	33752443	33752887
ENSG00000250318	22	31049864	31050801
ENSG00000207039	1	153758196	153758297
ENSG00000235080	2	132127994	132129648
ENSG00000223791	3	23845515	23848396
ENSG00000261044	8	143701734	143702425
ENSG00000221653	2	59468756	59468837
ENSG00000136877	9	130556876	130576606
ENSG00000247903	12	27124519	27132515
ENSG00000231827	1	153767649	153774567
ENSG00000132963	13	29233241	29253062
ENSG00000250148	5	60039390	60040797
ENSG00000257002	11	62677018	62685833
ENSG00000269615	19	22123622	22124335
ENSG00000253753	8	143719949	143722027
ENSG00000231395	3	23920472	23920989
ENSG00000203344	2	91693219	91693945
ENSG00000265012	12	27138867	27138918
ENSG00000271418	12	27246856	27247156
ENSG00000241082	11	62703456	62703706
ENSG00000226586	HSCHR6_MHC_MCF	30052827	30056200
ENSG00000202473	X	142178133	142178463
ENSG00000255035	11	17457219	17457728
ENSG00000224074	3	24137760	24144729
ENSG00000271095	19	22180450	22181642
ENSG00000255038	11	65834748	65837090
ENSG00000237592	10	42680787	42681239
ENSG00000256041	11	62799975	62800575
ENSG00000253803	8	47782524	47783667
ENSG00000145996	6	20534688	21232635
ENSG00000256226	12	27258084	27314326
ENSG00000231815	2	59662348	59669396
ENSG00000254586	11	17716569	17719018
ENSG00000101911	X	12809474	12842341
ENSG00000199878	X	142285034	142285377
ENSG00000253547	11	62814257	62815598
ENSG00000223599	1	153824582	153825890
ENSG00000269504	19	22200761	22219117
ENSG00000227303	X	142372754	142604631
ENSG00000270447	2	59742025	59742259
ENSG00000242109	3	24138003	24138851
ENSG00000271650	10	42705438	42705831
ENSG00000256625	12	27274843	27300597
ENSG00000269199	19	22226302	22232807
ENSG00000272308	5	60162284	60162762
ENSG00000253745	8	47834183	47840454
ENSG00000264398	10	42730351	42730423
ENSG00000234616	8	143738874	143763386
ENSG00000242808	3	180707558	181554668
ENSG00000229756	3	24472239	24472598
ENSG00000269742	19	22248630	22249200
ENSG00000252455	2	59760119	59760210
ENSG00000239924	11	62883352	62883810
ENSG00000236327	1	153863071	153863341
ENSG00000238283	17	58085798	58094859
ENSG00000248734	5	96120481	96121703
ENSG00000224822	3	24496627	24500925
ENSG00000228755	10	42775182	42777267
ENSG00000215032	5	60187762	60189404
ENSG00000256863	11	63005429	63006586
ENSG00000226064	X	142431769	142432378
ENSG00000104067	15	29991571	30261068
ENSG00000155868	5	156564423	156586030
ENSG00000269505	19	22311429	22314736
ENSG00000228791	3	24535578	24541833
ENSG00000089041	12	121570622	121623876
ENSG00000171017	19	7953390	7966901
ENSG00000253782	8	47842462	47846068
ENSG00000249160	5	10505108	10522196
ENSG00000200101	2	59874756	59874858
ENSG00000263422	17	58119722	58119803
