ENSG00000112149	6	14117872	14137149
ENSG00000205955	3	183833140	183835686
ENSG00000213269	X	73595960	73596720
ENSG00000117407	1	44398992	44402913
ENSG00000262875	HG414_PATCH	76777976	76835592
ENSG00000259813	16	88762909	88765018
ENSG00000273181	3	183850730	183851349
ENSG00000252337	5	105882366	105882504
ENSG00000265672	16	88782686	88782745
ENSG00000149809	11	64879317	64883856
ENSG00000239745	X	73610527	73610822
ENSG00000135917	2	228549926	228582728
ENSG00000234218	HSCHR6_MHC_COX	31453328	31466366
ENSG00000113648	5	134669590	134735604
ENSG00000251027	5	106150898	106346715
ENSG00000226504	Y	23069230	23069448
ENSG00000232945	HSCHR6_MHC_DBB	29141329	29142369
ENSG00000070540	17	66417089	66453654
ENSG00000230045	8	7114426	7117436
ENSG00000256286	12	127359367	127360778
ENSG00000150201	10	43867090	43871783
ENSG00000254488	Y	23200175	23206610
ENSG00000237777	HSCHR6_MHC_DBB	29274457	29275573
ENSG00000257021	12	127396580	127396868
ENSG00000124466	19	43964939	43969812
ENSG00000089199	20	5892076	5906007
ENSG00000236431	2	96201865	96202243
ENSG00000133119	13	34392186	34540695
ENSG00000270874	10	88614453	88615993
ENSG00000142197	21	37529080	37666572
ENSG00000237427	Y	23292756	23293067
ENSG00000076928	19	42387228	42434302
ENSG00000269223	20	62474779	62475273
ENSG00000174938	16	29882480	29910868
ENSG00000221910	7	143632259	143633372
ENSG00000200176	10	88649326	88649490
ENSG00000233312	HSCHR6_MHC_SSTO	31941653	31962310
ENSG00000183260	20	62492566	62494341
ENSG00000250273	5	106530857	106531033
ENSG00000242022	HSCHR6_MHC_DBB	29341259	29417808
ENSG00000249345	12	127399766	127544946
ENSG00000272734	10	88725102	88731068
ENSG00000273305	2	96203717	96204217
ENSG00000213215	7	143657027	143658108
ENSG00000188157	1	955503	991496
ENSG00000273413	10	88729994	88730583
ENSG00000240027	12	64154138	64154392
ENSG00000230665	X	73616706	73619385
ENSG00000268858	20	62492879	62493217
ENSG00000221813	7	143701022	143702068
ENSG00000227446	HSCHR6_MHC_DBB	29364252	29365320
ENSG00000255850	12	64202625	64215936
ENSG00000249959	5	107035536	107052542
ENSG00000271880	10	88730498	88769883
ENSG00000232634	Y	23382992	23383975
ENSG00000149534	11	59855734	59863444
ENSG00000255642	12	64215801	64217675
ENSG00000213695	X	73629353	73629935
ENSG00000265796	12	64224534	64224603
ENSG00000151322	14	33404139	34273382
ENSG00000242087	12	64265519	64265824
ENSG00000102158	X	77081861	77151090
ENSG00000252999	14	20558289	20558386
ENSG00000264531	X	73673458	73673691
ENSG00000233037	2	96208478	96208978
ENSG00000258641	14	20561512	20562422
ENSG00000231206	X	73692852	73693788
ENSG00000152778	10	91174343	91180758
ENSG00000251885	14	20614276	20614314
ENSG00000259074	14	20617391	20617904
ENSG00000264520	7	30565347	30573229
ENSG00000240573	3	78136555	78141421
ENSG00000144713	3	12875984	12883087
ENSG00000086712	X	16804550	16862642
ENSG00000129422	8	17501304	17658426
ENSG00000133661	10	81697496	81742370
ENSG00000132781	1	45794835	45806142
ENSG00000226874	7	30583669	30584047
ENSG00000233132	8	7122048	7132680
ENSG00000168992	2	96212279	96213315
ENSG00000105887	7	135611509	135662101
ENSG00000240089	10	88752010	88760192
ENSG00000092529	15	42640301	42704516
ENSG00000107833	10	103541082	103543170
ENSG00000272721	3	183851807	183853026
ENSG00000162374	1	50513686	50669458
ENSG00000115009	2	228678558	228682272
ENSG00000228205	3	183867492	183868223
ENSG00000131018	6	152442819	152958936
ENSG00000125630	2	113299492	113334635
ENSG00000248827	5	107060662	107062818
ENSG00000221120	3	183959193	183959277
ENSG00000146233	6	46517541	46620523
ENSG00000111537	12	68548548	68553527
ENSG00000226600	X	120077421	120080733
ENSG00000266859	11	71616153	71616240
ENSG00000178031	9	18473892	18910948
ENSG00000186815	12	113658855	113736390
ENSG00000152137	12	119616447	119658936
ENSG00000255296	11	71649717	71650590
ENSG00000230673	X	73802923	73803381
ENSG00000269810	15	100038447	100038578
ENSG00000226918	Y	23473154	23480781
ENSG00000199885	X	73899888	73899994
ENSG00000232717	2	96240647	96246512
ENSG00000133636	12	86268073	86276770
ENSG00000089195	20	5917881	5931182
ENSG00000271589	X	73989474	73989633
ENSG00000251143	11	71725337	71731956
ENSG00000229661	X	74421326	74421625
ENSG00000259095	14	20641791	20641972
ENSG00000144366	2	189156396	189460653
ENSG00000206783	11	71758919	71758997
ENSG00000258468	14	20647348	20648315
ENSG00000249005	8	7129670	7132680
ENSG00000256001	12	127629617	127631077
ENSG00000263742	11	71783274	71783348
ENSG00000258625	14	20677399	20678369
ENSG00000212089	11	71789376	71789466
ENSG00000266336	14	20685313	20685398
ENSG00000238768	11	71815120	71815216
ENSG00000199601	X	74422538	74422644
ENSG00000258768	14	20728639	20732467
ENSG00000257075	11	71842328	71842953
ENSG00000232186	X	74546607	74547834
ENSG00000183060	15	100255902	100273766
ENSG00000101150	20	62496596	62522898
ENSG00000233254	X	74604181	74604663
ENSG00000238091	2	114204992	114205429
ENSG00000256518	11	71869866	71870905
ENSG00000239708	5	107070476	107070767
ENSG00000239776	12	127650616	127650672
ENSG00000230830	3	35691689	35693453
ENSG00000251732	5	107146330	107146625
ENSG00000212158	3	184043484	184043559
ENSG00000236338	7	135611542	135613214
ENSG00000244245	5	107929310	107929668
ENSG00000260121	16	88785023	88786867
ENSG00000223885	8	7137292	7140766
ENSG00000064651	5	127419458	127525380
ENSG00000227509	3	184222901	184226187
ENSG00000256762	17	44076616	44077060
ENSG00000258459	14	20773889	20774970
ENSG00000184492	2	114256661	114258728
ENSG00000224888	16	88797588	88807826
ENSG00000230347	X	120082282	120085594
ENSG00000230215	3	184264502	184274706
ENSG00000207625	3	35785968	35786051
ENSG00000204971	11	71874366	71920285
ENSG00000272970	3	184451863	184456737
ENSG00000267697	7	135612022	135612198
ENSG00000256292	12	127759012	127768828
ENSG00000255860	11	71883483	71889086
ENSG00000273403	3	184459725	184460250
ENSG00000260617	16	88808039	88808775
ENSG00000272523	5	108063526	108063961
ENSG00000135473	12	56710007	56727837
ENSG00000272922	3	184460606	184461072
ENSG00000182376	16	88809175	88812156
ENSG00000230083	2	96256717	96256954
ENSG00000229433	3	184474177	184490943
ENSG00000169604	2	69240310	69476459
ENSG00000223637	Y	23556877	23563471
ENSG00000228286	11	71960900	71962332
ENSG00000237089	X	74757382	74758537
ENSG00000115507	2	63277192	63284971
ENSG00000213365	11	71991195	71992222
ENSG00000177335	8	144120626	144141359
ENSG00000224775	X	74802511	74805341
ENSG00000259881	16	88947446	88953544
ENSG00000066468	10	123237848	123357972
ENSG00000258809	14	64825486	64846036
ENSG00000011007	1	24069645	24088549
ENSG00000249921	5	108119799	108121253
ENSG00000255843	11	72013183	72014009
ENSG00000215373	8	7144914	7148476
ENSG00000123977	2	228735770	228789060
ENSG00000228517	X	120087142	120090454
ENSG00000169926	15	31619058	31727868
ENSG00000201565	7	66762640	66762741
ENSG00000271511	14	64828110	64828355
ENSG00000143369	1	150480538	150486265
ENSG00000151303	10	88752163	88769960
ENSG00000256739	11	72062391	72064254
ENSG00000236026	2	96272672	96272900
ENSG00000183273	12	119772517	119978852
ENSG00000258824	14	64889653	64915275
ENSG00000261226	16	89003187	89006059
ENSG00000255672	11	72065560	72074599
ENSG00000106610	7	66767608	66786513
ENSG00000272909	14	64907087	64908956
ENSG00000272508	10	88753189	88784489
ENSG00000256403	11	72121760	72123123
ENSG00000259989	16	89050440	89061777
ENSG00000272828	14	64929946	64930175
ENSG00000237408	11	72189265	72190281
ENSG00000181072	7	136553416	136705002
ENSG00000256982	16	89112580	89119373
ENSG00000135956	2	96914254	96931732
ENSG00000163486	1	206516200	206637783
ENSG00000238048	11	72231030	72232777
ENSG00000214819	17	20483037	20484224
ENSG00000110077	11	59939081	59952139
ENSG00000261546	16	89179583	89181687
ENSG00000207176	12	32548984	32549081
ENSG00000250383	5	108153742	108166491
ENSG00000253063	12	32630316	32630405
ENSG00000180422	16	89225554	89230653
ENSG00000271003	2	96272821	96282340
ENSG00000257643	12	32845438	32845782
ENSG00000115145	2	152973315	153032506
ENSG00000214397	15	100255908	100258029
ENSG00000253250	8	91970865	91997485
ENSG00000201563	12	32858337	32858440
ENSG00000215105	X	74960541	74966749
ENSG00000259116	14	64980872	65007086
ENSG00000243477	3	50333833	50336852
ENSG00000141219	17	71228372	71245091
ENSG00000257511	12	32879317	32880321
ENSG00000244743	12	33016052	33016367
ENSG00000259363	15	100347228	100417353
ENSG00000233063	X	75104381	75104971
ENSG00000207404	5	108227138	108227247
ENSG00000257316	12	33138772	33140004
ENSG00000270193	2	96282240	96282981
ENSG00000182050	12	86372516	87232681
ENSG00000196277	3	6811688	7783215
ENSG00000205212	17	20739760	20799453
ENSG00000250441	5	108230048	108230329
ENSG00000226753	X	75108535	75108723
ENSG00000204699	2	96285392	96296321
ENSG00000233295	8	7152536	7155546
ENSG00000079308	2	218664512	218867718
ENSG00000237957	X	120092019	120100198
ENSG00000206593	5	108350535	108350641
ENSG00000117408	1	44412611	44433694
ENSG00000176857	5	108387013	108388158
ENSG00000255752	X	75119639	75119715
ENSG00000227804	HSCHR6_MHC_DBB	30558418	30576630
ENSG00000261667	8	144161874	144164418
ENSG00000169918	15	31775329	32162992
ENSG00000259160	14	65002420	65002597
ENSG00000229215	HSCHR6_MHC_APD	29845529	29850151
ENSG00000102854	16	810762	818865
ENSG00000235959	2	96305929	96306352
ENSG00000137463	4	140187317	140201492
ENSG00000259076	14	65019412	65063254
ENSG00000249476	5	108572821	108662070
ENSG00000176531	19	43979106	44009087
ENSG00000223358	3	184880659	184909743
ENSG00000176956	8	144239331	144242128
ENSG00000136295	7	2671585	2704436
ENSG00000236750	2	96307382	96307728
ENSG00000140470	15	100511794	100882210
ENSG00000248867	5	108784050	108784764
ENSG00000257093	7	141356528	141401953
ENSG00000264813	17	61562184	61599209
ENSG00000102054	X	16857406	16888537
ENSG00000255498	11	45927492	45928012
ENSG00000235584	2	96331832	96334463
ENSG00000226854	X	75122940	75124693
ENSG00000263539	11	46134673	46134769
ENSG00000254653	11	46138129	46138869
ENSG00000168619	8	39442008	39587583
ENSG00000232332	X	75249730	75250165
ENSG00000144134	2	114384806	114400973
ENSG00000251367	5	108803054	108803653
ENSG00000057757	1	24104895	24114722
ENSG00000254871	11	46164267	46165145
ENSG00000255314	11	46193498	46198656
ENSG00000237510	2	96455402	96465914
ENSG00000169813	10	43881065	43904614
ENSG00000155099	8	92006024	92053292
ENSG00000008324	3	42623332	42636606
ENSG00000215374	8	7159133	7212876
ENSG00000222489	14	20791338	20791485
ENSG00000188372	7	76026835	76071388
ENSG00000238344	14	20794609	20794685
ENSG00000255269	11	46235372	46237409
ENSG00000259001	14	20811207	20811844
ENSG00000039139	5	13690440	13944652
ENSG00000254639	11	46259933	46260818
ENSG00000255007	11	46277906	46296098
ENSG00000264102	11	46397952	46398034
ENSG00000259010	14	65066961	65068362
ENSG00000237252	X	75443036	75443496
ENSG00000254846	14	20812392	20815047
ENSG00000145439	4	169784921	169931426
ENSG00000244313	11	46450163	46450700
ENSG00000186575	22	29999545	30094587
ENSG00000206034	8	7170368	7177473
ENSG00000200225	14	20883146	20883257
ENSG00000173991	17	37820440	37822808
ENSG00000248876	5	108806544	108807287
ENSG00000263155	15	57884139	57977562
ENSG00000259162	14	20906141	20909427
ENSG00000261465	16	19073821	19079013
ENSG00000256571	12	64272567	64273254
ENSG00000248440	5	108833578	108834809
ENSG00000265014	11	46473355	46473439
ENSG00000120071	17	44107282	44302733
ENSG00000263540	11	46774675	46774742
ENSG00000256399	12	64281159	64282378
ENSG00000214794	5	108924039	108925293
ENSG00000252427	11	46780316	46780423
ENSG00000212135	11	46783939	46784049
ENSG00000255780	12	64426192	64426445
ENSG00000154611	18	23713816	23773319
ENSG00000247675	11	46867963	46895947
ENSG00000266090	5	109021281	109021393
ENSG00000271849	5	109023503	109024030
ENSG00000202512	5	109035201	109035535
ENSG00000271350	11	47062578	47063496
ENSG00000273419	7	149555489	149559581
ENSG00000232931	2	96472866	96481963
ENSG00000159256	21	37692487	37758446
ENSG00000255520	11	47144655	47152352
ENSG00000261357	16	19077313	19078016
ENSG00000229704	3	184963248	184964229
ENSG00000241127	7	39605975	39649919
ENSG00000270060	11	47189832	47191114
ENSG00000204934	7	149564786	149577699
ENSG00000260430	16	19098178	19109432
ENSG00000264614	3	184970998	184971060
ENSG00000172568	5	156768608	156772729
ENSG00000243802	11	47212732	47213093
ENSG00000229638	3	185135283	185136566
ENSG00000261759	16	19131298	19132951
ENSG00000249068	5	109175829	109176393
ENSG00000266540	11	47227396	47227672
ENSG00000239146	3	185160007	185160107
ENSG00000005059	4	110481361	110609874
ENSG00000124422	17	20902910	20947073
ENSG00000253224	5	109220311	109221124
ENSG00000256897	11	47241769	47243302
ENSG00000249459	17	18561742	18585575
ENSG00000221436	5	109849530	109849616
ENSG00000256746	11	47292208	47293661
ENSG00000243039	2	96670313	96670601
ENSG00000207177	5	110020495	110020628
ENSG00000109390	4	140188034	140223705
ENSG00000141744	17	37824234	37826728
ENSG00000231584	2	96676299	96689128
ENSG00000255197	11	47404699	47430741
ENSG00000008083	6	15246527	15522252
ENSG00000213361	7	104885099	104885417
ENSG00000226023	X	120092025	120095337
ENSG00000244490	7	104941969	104942533
ENSG00000125885	20	5931298	5975852
ENSG00000264257	19	55297807	55301770
ENSG00000242154	7	104944724	104947089
ENSG00000199308	19	55380394	55380500
ENSG00000064607	19	19101697	19144832
ENSG00000224910	19	36088809	36092403
ENSG00000174080	11	66330934	66336312
ENSG00000268734	19	55402039	55402786
ENSG00000201179	7	104973237	104973343
ENSG00000258515	14	20919464	20920077
ENSG00000267502	19	55463002	55463961
ENSG00000223886	7	105170656	105171118
ENSG00000267626	19	36099187	36103568
ENSG00000101152	20	62526518	62567384
ENSG00000258908	14	20942948	20945248
ENSG00000243494	19	55485185	55485785
ENSG00000266455	19	36155398	36155724
ENSG00000272604	7	105211530	105214107
ENSG00000258456	14	20992446	20993581
ENSG00000226510	19	36158850	36164193
ENSG00000258863	14	20996274	20997118
ENSG00000231167	7	105222705	105223703
ENSG00000267190	19	36174680	36175103
ENSG00000273293	7	149578448	149578669
ENSG00000230594	X	120101746	120105058
ENSG00000273011	7	149587828	149588505
ENSG00000142700	1	50883222	50889172
ENSG00000265910	11	47407633	47407733
ENSG00000205015	16	89232791	89235555
ENSG00000258573	14	21055803	21075296
ENSG00000264583	11	47422521	47422593
ENSG00000226624	7	105459938	105460547
ENSG00000252327	11	47461557	47461617
ENSG00000265467	11	47507374	47507465
ENSG00000242562	7	105765817	105767146
ENSG00000259877	16	89281638	89284061
ENSG00000270072	11	47535157	47536441
ENSG00000267265	19	55517561	55559454
ENSG00000260659	16	89293215	89295100
ENSG00000201796	7	105848613	105848713
ENSG00000265559	11	47579088	47579385
ENSG00000273320	7	105925926	105926772
ENSG00000200376	11	47598023	47598140
ENSG00000260637	16	89323587	89333938
ENSG00000115155	2	26680071	26781566
ENSG00000223187	11	47636450	47636546
ENSG00000260279	16	89363916	89364724
ENSG00000200090	11	47748446	47748544
ENSG00000243438	7	105955671	105956189
ENSG00000264729	17	16707941	16709021
ENSG00000136449	17	48585745	48608862
ENSG00000252447	11	47749098	47749189
ENSG00000105663	19	36208921	36229779
ENSG00000206491	HSCHR6_MHC_QBL	30514170	30521007
ENSG00000271543	11	47817721	47817931
ENSG00000267149	19	55538961	55565296
ENSG00000264892	17	16715761	16715965
ENSG00000252941	11	47825848	47825954
ENSG00000111452	12	131438452	131626014
ENSG00000243797	7	106012697	106410653
ENSG00000261253	16	89387541	89391518
ENSG00000252874	11	47841755	47841844
ENSG00000011009	1	24117460	24122029
ENSG00000182851	8	144295068	144299044
ENSG00000271557	11	47862876	47863234
ENSG00000137166	6	41514164	41570122
ENSG00000226145	17	16721297	16725893
ENSG00000254780	11	47926875	47927159
ENSG00000177595	11	799179	809753
ENSG00000254879	11	48035958	48037407
ENSG00000267507	19	55630618	55631751
ENSG00000227467	11	72281704	72284273
ENSG00000270779	5	110243983	110244412
ENSG00000261574	16	89458783	89478972
ENSG00000267577	19	55670307	55688908
ENSG00000263693	11	48118334	48118410
ENSG00000248966	5	110283728	110286479
ENSG00000243289	10	46717127	46733073
ENSG00000255514	11	48248981	48249862
ENSG00000261692	16	89486483	89488634
ENSG00000248428	5	110306650	110344598
ENSG00000256633	11	72295616	72299023
ENSG00000252887	16	89509726	89509832
ENSG00000239137	19	55678539	55678642
ENSG00000270832	16	89525278	89525845
ENSG00000272036	11	72326107	72326174
ENSG00000267649	19	55728028	55732984
ENSG00000261118	16	89558425	89570868
ENSG00000155100	8	92082424	92099323
ENSG00000251919	11	72332810	72332871
ENSG00000255808	11	72354281	72370451
ENSG00000114857	3	42642106	42690227
ENSG00000135074	5	156822542	157002783
ENSG00000229412	HSCHR6_MHC_DBB	29384997	29408664
ENSG00000252579	16	89599924	89599962
ENSG00000163795	2	27600098	27603657
ENSG00000256007	11	72396120	72404853
ENSG00000200084	16	89627842	89627925
ENSG00000198399	2	24425733	24583583
ENSG00000266462	19	55745495	55745564
ENSG00000245148	11	72411519	72416652
ENSG00000261373	16	89778264	89784573
ENSG00000251627	5	110319262	110320165
ENSG00000268729	19	55823397	55823863
ENSG00000244134	11	72419231	72419610
ENSG00000269275	19	55888947	55889493
ENSG00000221836	7	143747461	143748473
ENSG00000253613	5	110412619	110427813
ENSG00000267048	16	89972565	89984641
ENSG00000204177	10	46737612	46761205
ENSG00000181638	8	144328991	144344875
ENSG00000267093	19	55911113	55911787
ENSG00000256390	16	89985273	89987375
ENSG00000202522	11	72477049	72477161
ENSG00000221933	7	143771275	143772288
ENSG00000261011	10	88761393	88769662
ENSG00000269859	19	55987350	55987849
ENSG00000265064	11	72494575	72494637
ENSG00000267730	19	56088136	56088780
ENSG00000206638	11	72580589	72580695
ENSG00000229969	10	88769542	88775539
ENSG00000201826	X	75465367	75465473
ENSG00000234751	11	72651543	72652157
ENSG00000221858	7	143792141	143793186
ENSG00000162949	2	30945637	31043408
ENSG00000230549	8	7189909	7191501
ENSG00000271573	10	88786941	88787234
ENSG00000108448	17	18601311	18639431
ENSG00000213684	X	75555240	75556244
ENSG00000250728	5	110490942	110491850
ENSG00000267523	19	56173267	56186081
ENSG00000200253	10	88800995	88801098
ENSG00000256568	11	72887739	72892741
ENSG00000166526	7	99661656	99680171
ENSG00000237280	10	88873711	88875280
ENSG00000221989	7	143806607	143807657
ENSG00000215841	11	72926043	72926958
ENSG00000266323	10	88913843	88914126
ENSG00000267096	19	56181998	56183435
ENSG00000236125	8	7194637	7196229
ENSG00000260401	11	72950020	72953380
ENSG00000172497	5	80625824	80689998
ENSG00000211571	19	56196138	56196282
ENSG00000175344	15	32322691	32464722
ENSG00000221938	7	143826151	143827162
ENSG00000223259	X	75875410	75875528
ENSG00000155875	9	18927656	19033251
ENSG00000256347	11	72959824	72960912
ENSG00000267117	19	56205484	56205924
ENSG00000235778	8	7199348	7200464
ENSG00000129990	19	55682567	55691809
ENSG00000257762	12	103941572	103953593
ENSG00000235447	X	75875899	75876960
ENSG00000257038	11	73018280	73020406
ENSG00000267183	19	56207251	56209196
ENSG00000259006	16	89986235	89989070
ENSG00000252497	14	65376206	65376498
ENSG00000255529	15	57884231	58074960
ENSG00000225932	7	143880559	143883146
ENSG00000261317	16	90036199	90038952
ENSG00000215371	8	7230636	7235022
ENSG00000114378	3	50337320	50349812
ENSG00000214784	5	110527924	110528740
ENSG00000267018	19	56207681	56208795
ENSG00000212594	12	103985890	103986021
ENSG00000223482	10	88963632	89102369
ENSG00000207995	X	76225829	76225926
ENSG00000235895	Y	6361017	6364798
ENSG00000203305	19	56208088	56208594
ENSG00000272158	14	65470043	65470485
ENSG00000266866	11	73068180	73068286
ENSG00000185104	1	50905150	51425935
ENSG00000255128	8	7276513	7278068
ENSG00000264620	14	65481433	65481532
ENSG00000115520	2	198318147	198340032
ENSG00000267689	19	56217344	56217538
ENSG00000256928	11	73106604	73107481
ENSG00000266531	14	65511406	65511487
ENSG00000213214	7	143883176	143991230
ENSG00000268593	19	56218707	56219330
ENSG00000256448	11	73116342	73121727
ENSG00000201447	X	76287130	76287248
ENSG00000257737	12	104048558	104051773
ENSG00000154227	15	100940600	101085200
ENSG00000234404	X	76594675	76601782
ENSG00000257766	12	104062353	104063184
ENSG00000143466	1	206643791	206670223
ENSG00000255786	11	73163065	73163389
ENSG00000228873	2	96811341	96812751
ENSG00000232620	Y	6388504	6388970
ENSG00000267865	19	56220176	56220486
ENSG00000138794	4	110609785	110624739
ENSG00000144711	3	12938719	13114617
ENSG00000256148	11	73221703	73221865
ENSG00000269574	19	56220529	56220899
ENSG00000249318	5	110601507	110605787
ENSG00000236126	X	120106606	120109918
ENSG00000146049	6	24357131	24358512
ENSG00000222524	19	56248651	56248966
ENSG00000212807	7	143929004	143929936
ENSG00000216194	8	7315478	7315572
ENSG00000231726	11	73291298	73291562
ENSG00000255886	12	64432342	64491398
ENSG00000204685	2	96874154	96908359
ENSG00000238914	12	104114720	104114822
ENSG00000255238	19	56288919	56290266
ENSG00000260089	16	49551673	49552512
ENSG00000248944	8	7406575	7409584
ENSG00000154447	4	170015407	170192256
ENSG00000224953	Y	6587003	6587221
ENSG00000270323	11	73351524	73352082
ENSG00000267522	19	56578050	56590167
ENSG00000255817	12	64502543	64514269
ENSG00000155876	9	19049372	19051019
ENSG00000243896	7	143955700	143956815
ENSG00000252732	11	73375560	73375642
ENSG00000221134	16	49713131	49713212
ENSG00000236660	8	7414222	7417234
ENSG00000255629	12	64540168	64541637
ENSG00000255928	11	73433394	73433739
ENSG00000260024	16	49741917	49742154
ENSG00000223060	19	56616785	56616879
ENSG00000257681	12	104140093	104162636
ENSG00000259978	16	49798365	49798599
ENSG00000212298	12	64598573	64598679
ENSG00000242411	19	56728537	56729146
ENSG00000256034	11	73471608	73472115
ENSG00000265708	16	49850596	49850695
ENSG00000186994	19	8387468	8408146
ENSG00000267298	19	56823297	56823855
ENSG00000265282	17	61507829	61509572
ENSG00000244693	7	143963794	143966381
ENSG00000199975	11	73543427	73543735
ENSG00000071282	3	8543393	8609805
ENSG00000261751	16	49954641	49958065
ENSG00000243024	12	64616117	64790845
ENSG00000130385	X	50653784	50659607
ENSG00000256681	11	73561514	73562256
ENSG00000265971	17	61532354	61533178
ENSG00000267549	19	56826072	56852656
ENSG00000256898	11	73632710	73633241
ENSG00000226489	3	35913358	35913690
ENSG00000228979	17	61548965	61549456
ENSG00000244551	16	49968939	49969263
ENSG00000243957	3	78164309	78164606
ENSG00000256360	11	73639578	73641417
ENSG00000237106	X	76983344	76983557
ENSG00000222574	3	78210849	78211143
ENSG00000255847	11	73674702	73681332
ENSG00000261301	HG7_PATCH	141618617	141619709
ENSG00000259843	16	50080340	50100135
ENSG00000223959	16	90038994	90068569
ENSG00000240241	3	78316090	78343881
ENSG00000224353	17	61584417	61597167
ENSG00000200906	X	77092786	77092892
ENSG00000263410	X	77140874	77141127
ENSG00000122824	X	51075083	51080377
ENSG00000248503	X	77166238	77220387
ENSG00000162006	16	819428	833370
ENSG00000200646	19	56827893	56828005
ENSG00000258472	17	26782770	26941215
ENSG00000239226	3	78574251	78574635
ENSG00000213014	19	56828546	56829377
ENSG00000248268	5	110613215	110638265
ENSG00000198276	20	62571186	62587769
ENSG00000236158	3	36211259	36211940
ENSG00000197681	17	36337711	36358166
ENSG00000266907	19	56831159	56833679
ENSG00000246859	5	110847924	111075423
ENSG00000267145	19	56849657	56850017
ENSG00000234749	8	7421320	7440175
ENSG00000260501	HG79_PATCH	136223749	136226961
ENSG00000266932	19	56853801	56854788
ENSG00000169891	X	16964814	17171395
ENSG00000267429	19	56858450	56859552
ENSG00000240752	3	78808124	78808524
ENSG00000203791	10	126436718	126480439
ENSG00000267606	19	56865862	56879422
ENSG00000234347	HSCHR6_MHC_DBB	29393220	29424782
ENSG00000105419	19	47906381	47922780
ENSG00000240964	3	78987155	78987442
ENSG00000172915	13	35516424	36247159
ENSG00000265193	3	79557037	79557119
ENSG00000068120	17	40713485	40718295
ENSG00000216116	3	79633742	79633834
ENSG00000230747	2	96973001	96987469
ENSG00000106976	9	130965658	131017527
ENSG00000243877	3	80006716	80007292
ENSG00000133678	10	81838402	81852313
ENSG00000132470	17	73717408	73753899
ENSG00000267439	19	36237958	36244316
ENSG00000261180	HG7_PATCH	141627157	141646807
ENSG00000238405	10	46742028	46742143
ENSG00000221310	5	110891593	110891678
ENSG00000271389	3	80212477	80213945
ENSG00000227194	10	46772794	46778894
ENSG00000267328	19	36245467	36246391
ENSG00000151023	10	25270908	25305089
ENSG00000145604	5	36152091	36184421
ENSG00000267049	19	36260046	36261930
ENSG00000132768	1	44435672	44439041
ENSG00000182791	11	66357640	66360554
ENSG00000239699	3	80265411	80266384
ENSG00000264668	8	144329280	144358573
ENSG00000159259	21	37757676	37791313
ENSG00000147874	9	19053141	19103117
ENSG00000225872	19	36279778	36288787
ENSG00000242586	3	80491231	80491455
ENSG00000113971	3	132276986	132441303
ENSG00000223592	X	77421193	77427919
ENSG00000242828	3	80810193	80838114
ENSG00000187690	X	51149767	51151687
ENSG00000167244	11	2150342	2170833
ENSG00000124532	6	24403153	24425810
ENSG00000224755	X	77775090	77775683
ENSG00000105894	7	136912088	137028611
ENSG00000242781	3	80814048	80838505
ENSG00000260696	HG7_PATCH	141672431	141673573
ENSG00000240225	19	56879468	56891197
ENSG00000221970	7	144015218	144016150
ENSG00000163121	2	97163383	97173846
ENSG00000243694	3	81043019	81144798
ENSG00000243968	19	36372792	36373053
ENSG00000235061	X	77809909	77810248
ENSG00000267786	19	36438017	36450094
ENSG00000196368	X	51232863	51239448
ENSG00000271433	X	77954881	77955388
ENSG00000242145	3	81257344	81258065
ENSG00000182810	16	68055179	68057770
ENSG00000267113	19	36448023	36448284
ENSG00000215365	8	7429517	7432528
ENSG00000267388	19	36451414	36454965
ENSG00000241593	3	81295730	81346496
ENSG00000248101	19	36499540	36505137
ENSG00000258864	5	112162910	112203279
ENSG00000109610	4	24791534	24802464
ENSG00000100084	22	19318221	19435224
ENSG00000173992	11	66360292	66373490
ENSG00000250571	8	144349603	144359101
ENSG00000232984	HSCHR6_MHC_DBB	29424892	29432039
ENSG00000227645	X	78018723	78019396
ENSG00000081051	4	74296855	74321891
ENSG00000244281	3	81416141	81417172
ENSG00000222389	3	81558627	81558815
ENSG00000200560	17	61650603	61650706
ENSG00000241737	8	7437166	7440175
ENSG00000267698	19	36505410	36536874
ENSG00000241319	3	81661389	81661956
ENSG00000270587	17	61688132	61688544
ENSG00000227322	HSCHR6_MHC_COX	33082997	33090260
ENSG00000263883	17	61713961	61714473
ENSG00000240404	3	81661941	81662223
ENSG00000242190	3	81811857	81813907
ENSG00000270760	19	36634983	36639250
ENSG00000007376	16	834974	838397
ENSG00000267005	19	36664308	36664755
ENSG00000242009	3	81889698	81972012
ENSG00000264276	19	36680096	36680380
ENSG00000231382	3	36657498	36678949
ENSG00000200179	19	36694249	36694361
ENSG00000239327	14	21084803	21085150
ENSG00000236489	3	185324363	185324661
ENSG00000199461	14	21147570	21147671
ENSG00000267053	19	36795482	36803570
ENSG00000265470	3	185485635	185485692
ENSG00000239440	3	82035289	82512826
ENSG00000231925	6	33267471	33282164
ENSG00000182545	14	20973696	20979328
ENSG00000232168	X	78340433	78341345
ENSG00000050327	7	144052381	144077725
ENSG00000153291	6	46620678	46645930
ENSG00000249619	5	110907799	110907936
ENSG00000135617	2	73455134	73460366
ENSG00000271005	X	78432697	78433165
ENSG00000112559	6	41604620	41621984
ENSG00000215097	10	46773447	46775206
ENSG00000225025	X	78578943	78580714
ENSG00000100580	14	77801364	77843452
ENSG00000137714	11	110300607	110335605
ENSG00000170627	12	54849734	54867386
ENSG00000228745	10	46790404	46791522
ENSG00000095739	10	28966271	28971868
ENSG00000232677	19	36803969	36822620
ENSG00000251099	5	110907933	110908095
ENSG00000261791	HG7_PATCH	141811549	141921088
ENSG00000214787	11	59968726	60010561
ENSG00000253057	5	111055466	111055758
ENSG00000233176	8	7449528	7450438
ENSG00000249439	5	111181747	111182263
ENSG00000254796	8	7458526	7458789
ENSG00000140471	15	101099574	101143435
ENSG00000230761	10	46797868	46809021
ENSG00000181982	4	24807739	24981826
ENSG00000167772	19	8428173	8439257
ENSG00000204410	6	31707725	31732622
ENSG00000206490	HSCHR6_MHC_QBL	30528662	30554466
ENSG00000250095	5	111248205	111353006
ENSG00000251788	12	64622340	64622455
ENSG00000170035	2	181831975	181941312
ENSG00000162888	1	206664449	206671061
ENSG00000185730	8	144371846	144380231
ENSG00000222730	19	36821351	36821449
ENSG00000266973	19	36868930	36869734
ENSG00000129873	Y	19989290	19992100
ENSG00000189369	X	51486481	51489324
ENSG00000188655	14	21024252	21029090
ENSG00000174276	11	64883875	64885170
ENSG00000267363	19	36870253	36871814
ENSG00000125046	3	8661086	8786726
ENSG00000267142	19	36912438	36913436
ENSG00000100583	14	77843032	77857840
ENSG00000267309	19	36980551	36981942
ENSG00000096092	6	52535907	52551386
ENSG00000187772	6	105404923	105531207
ENSG00000140009	14	64550950	64804830
ENSG00000267091	19	36987818	36989061
ENSG00000256192	12	64660193	64660546
ENSG00000235480	2	97193677	97198043
ENSG00000171658	3	185677732	185698658
ENSG00000228629	19	37019220	37026137
ENSG00000141384	18	23805900	23971649
ENSG00000165805	12	88373816	88427814
ENSG00000006451	7	39663082	39747723
ENSG00000123080	1	51426417	51440305
ENSG00000256189	11	73702328	73703225
ENSG00000198142	2	110371911	110376563
ENSG00000233527	19	37063972	37085610
ENSG00000237330	1	1006346	1009687
ENSG00000136653	1	206680879	206762616
ENSG00000256723	11	73706017	73707196
ENSG00000258451	14	21161639	21175279
ENSG00000105755	19	44010871	44031396
ENSG00000256098	11	73853196	73853403
ENSG00000256293	12	64731958	64732577
ENSG00000200649	11	73909793	73909899
ENSG00000206913	11	73963459	73963597
ENSG00000259144	14	21188901	21191286
ENSG00000272869	5	112196885	112228776
ENSG00000144381	2	198351305	198381461
ENSG00000246211	11	74022407	74035750
ENSG00000266935	19	37119695	37121092
ENSG00000197150	7	150725510	150744869
ENSG00000165555	14	77860364	77889860
ENSG00000149806	11	64888100	64889945
ENSG00000166938	15	66585555	66626236
ENSG00000164134	4	140222609	140341187
ENSG00000260736	HG7_PATCH	141951963	141957878
ENSG00000257435	12	33141697	33146688
ENSG00000159261	21	37832919	37948867
ENSG00000123739	4	110631145	110651233
ENSG00000224032	5	111496223	111499973
ENSG00000239213	3	136560568	136580896
ENSG00000238911	12	33194659	33194755
ENSG00000188477	16	19316203	19322269
ENSG00000251863	12	33515518	33515590
ENSG00000259937	12	33557810	33558831
ENSG00000212961	11	74065488	74066765
ENSG00000259871	16	19326486	19327848
ENSG00000265029	12	33565465	33565546
ENSG00000259925	16	19354969	19413015
ENSG00000254631	11	74108594	74196787
ENSG00000241367	3	82368323	82369430
ENSG00000112276	6	105544697	105585049
ENSG00000260681	16	19422051	19422984
ENSG00000264402	11	74110282	74110378
ENSG00000244067	6	52614897	52628367
ENSG00000080031	19	55692616	55720874
ENSG00000224982	12	120031264	120079363
ENSG00000255440	11	74120105	74127424
ENSG00000260309	HG7_PATCH	142000747	142001255
ENSG00000171813	10	134210672	134231367
ENSG00000260592	16	19488238	19499221
ENSG00000254928	11	74166393	74167870
ENSG00000143951	2	63348518	64054977
ENSG00000222750	16	19509932	19510069
ENSG00000260222	HG7_PATCH	142008365	142008871
ENSG00000214283	3	136617918	136618918
ENSG00000260934	16	19513011	19513608
ENSG00000255444	11	74193295	74193587
ENSG00000249407	3	136677967	136701038
ENSG00000254974	11	74196625	74197096
ENSG00000261312	16	19717673	19726705
ENSG00000115607	2	103035149	103069025
ENSG00000201325	3	137236976	137237097
ENSG00000254837	11	74204411	74209578
ENSG00000188158	X	17393543	17754114
ENSG00000204006	1	51567906	51613752
ENSG00000261195	16	19772494	19777421
ENSG00000267976	21	37858165	37860058
ENSG00000241095	3	82855666	82857172
ENSG00000254500	11	74363681	74363956
ENSG00000223202	11	74396269	74396550
ENSG00000242195	3	83986196	83987387
ENSG00000064300	17	47572655	47592379
ENSG00000174945	7	2719156	2815134
ENSG00000185162	11	74409389	74409869
ENSG00000261939	16	19830826	19830950
ENSG00000243660	10	43932282	43991517
ENSG00000212277	11	74427732	74427794
ENSG00000265524	16	19901823	19901919
ENSG00000261835	16	50080407	50081709
ENSG00000015568	2	110550335	110615272
ENSG00000265902	11	74431313	74431382
ENSG00000144021	2	96931870	96939087
ENSG00000263253	16	20220247	20220847
ENSG00000174325	2	189598882	189654831
ENSG00000241097	11	74449523	74449841
ENSG00000227624	16	20250294	20250569
ENSG00000162302	11	64126620	64139687
ENSG00000267776	19	56888073	56888653
ENSG00000176472	19	44029649	44040282
ENSG00000227615	11	74456761	74457159
ENSG00000263237	16	20397279	20402486
ENSG00000260298	16	50092061	50093142
ENSG00000267459	19	56888406	56889161
ENSG00000256496	12	127802254	127804531
ENSG00000261941	HG414_PATCH	76813883	76814375
ENSG00000267781	19	56897595	56898059
ENSG00000123091	1	51701943	51739127
ENSG00000262995	16	20451588	20458322
ENSG00000179111	17	8023908	8027410
ENSG00000065883	7	39989636	40136733
ENSG00000267192	19	56898781	56899793
ENSG00000264095	11	74464519	74464629
ENSG00000157680	7	137065783	137531838
ENSG00000221380	3	84339263	84339404
ENSG00000262925	HG414_PATCH	76835714	76837198
ENSG00000242999	11	74556955	74557251
ENSG00000205089	5	132083137	132089856
ENSG00000266652	3	84545727	84545814
ENSG00000267052	7	106211393	106239354
ENSG00000202124	16	50132175	50132269
ENSG00000159263	21	38071433	38122218
ENSG00000241170	11	74587331	74631067
ENSG00000260381	16	50134250	50155854
ENSG00000177820	7	106300345	106301342
ENSG00000137727	11	110447766	110583912
ENSG00000260201	16	20592210	20598006
ENSG00000242641	3	84687557	84930830
ENSG00000267454	19	56905025	56910541
ENSG00000266461	14	101280828	101280911
ENSG00000260031	16	50185191	50185488
ENSG00000258663	14	101300769	101327363
ENSG00000091164	18	54264439	54318831
ENSG00000228742	7	106415457	106436010
ENSG00000168090	7	99686577	99689823
ENSG00000255114	11	118914899	118916205
ENSG00000260762	16	20597872	20618429
ENSG00000252526	16	50185553	50185642
ENSG00000271751	11	118935974	118936388
ENSG00000238544	16	50386100	50386203
ENSG00000272186	11	118938085	118938409
ENSG00000265344	11	74657026	74657123
ENSG00000261393	16	50402491	50405391
ENSG00000200152	11	74679234	74679337
ENSG00000251978	7	106422046	106422161
ENSG00000261092	16	50424827	50429044
ENSG00000234611	11	74782193	74783097
ENSG00000243193	7	106717671	106774178
ENSG00000260573	16	50441612	50442424
ENSG00000224016	7	149588280	149606793
ENSG00000152779	10	91190051	91316398
ENSG00000243886	3	137254414	137254984
ENSG00000213333	11	74790310	74791176
ENSG00000252077	16	50532072	50532141
ENSG00000185236	19	8454865	8469318
ENSG00000242070	3	137442616	137443385
ENSG00000235443	HSCHR6_MHC_APD	29963516	29969520
ENSG00000260029	16	50585735	50587851
ENSG00000224914	10	89102493	89117639
ENSG00000260555	7	149697841	149702213
ENSG00000266631	19	56907685	56907770
ENSG00000255395	11	74810217	74851193
ENSG00000183475	15	101142739	101191910
ENSG00000072736	16	68118654	68263162
ENSG00000205414	16	50639987	50647595
ENSG00000264756	17	61917343	61917644
ENSG00000254475	11	74842183	74842925
ENSG00000239513	3	137490791	137499720
ENSG00000260510	16	20754985	20777942
ENSG00000214954	8	92114060	92231464
ENSG00000184307	3	113666748	113684248
ENSG00000166770	19	56988619	57012035
ENSG00000261685	16	50679720	50683160
ENSG00000200893	16	20795831	20795937
ENSG00000160695	11	118938403	118952688
ENSG00000263331	16	21132079	21141429
ENSG00000255136	11	74919099	74952218
ENSG00000240280	17	61926652	61941739
ENSG00000262983	16	21206168	21217298
ENSG00000153820	2	228844666	229046361
ENSG00000260249	16	50700122	50705550
ENSG00000089248	12	112451120	112461255
ENSG00000175003	6	160542821	160579750
ENSG00000115241	2	27604061	27632554
ENSG00000267848	20	62585007	62585495
ENSG00000168542	2	189839046	189877472
ENSG00000189149	16	21312170	21329912
ENSG00000270120	16	50746755	50747500
ENSG00000131591	1	1017198	1051741
ENSG00000143486	1	206744620	206785904
ENSG00000256070	12	33607280	33608387
ENSG00000261644	16	50769624	50774627
ENSG00000249931	15	32684983	32695396
ENSG00000007216	17	26800311	26824799
ENSG00000253089	12	127805900	127806074
ENSG00000212475	12	33729030	33729135
ENSG00000128918	15	58245622	58790065
ENSG00000256362	12	127808700	127824617
ENSG00000270807	12	33870788	33871152
ENSG00000233634	Y	6705748	6706293
ENSG00000207026	12	34076309	34076415
ENSG00000236615	Y	23567656	23567881
ENSG00000260929	16	50774821	50776726
ENSG00000201624	12	34135400	34135501
ENSG00000245482	12	34175216	34199352
ENSG00000127586	16	838046	850737
ENSG00000073050	19	44047192	44084625
ENSG00000264947	16	50776216	50776288
ENSG00000179222	X	51546103	51645453
ENSG00000257403	16	21358460	21363459
ENSG00000264446	12	34180203	34180297
ENSG00000165874	10	46897592	46939143
ENSG00000260616	16	50817770	50837249
ENSG00000227300	17	16733313	16736147
ENSG00000259533	17	61963211	61963411
ENSG00000256538	12	34190373	34209675
ENSG00000229685	HSCHR6_MHC_DBB	33010288	33026494
ENSG00000161395	17	37827375	37853050
ENSG00000259333	17	61978003	61978239
ENSG00000257754	12	104213388	104215863
ENSG00000196700	20	62588055	62680113
ENSG00000255628	12	34302774	34315173
ENSG00000263489	17	62050280	62066782
ENSG00000261703	16	50840579	50841540
ENSG00000256986	12	34315397	34315903
ENSG00000158482	16	21391313	21403412
ENSG00000237701	Y	6768794	6769413
ENSG00000131174	X	77154935	77162870
ENSG00000260042	16	50890525	50913189
ENSG00000250788	12	34317708	34319889
ENSG00000199771	16	50903366	50903486
ENSG00000047634	X	17755588	17773105
ENSG00000263082	16	50914120	50918012
ENSG00000228515	HSCHR6_MHC_DBB	29454408	29455672
ENSG00000125445	17	73257755	73262454
ENSG00000261241	16	50918120	50934962
ENSG00000260380	HG1032_PATCH	190861943	190884359
ENSG00000117410	1	44440159	44443967
ENSG00000255652	12	34343972	34371788
ENSG00000264977	10	46900386	46900669
ENSG00000132182	3	13357737	13461809
ENSG00000118160	19	47931274	47975425
ENSG00000272430	10	46914145	46917230
ENSG00000272435	12	34358634	34358752
ENSG00000258794	12	34361350	34362610
ENSG00000229927	10	46914151	46914706
ENSG00000214198	12	104237527	104323989
ENSG00000236371	X	120111460	120119642
ENSG00000256614	12	34402416	34402893
ENSG00000131885	17	16744057	16749197
ENSG00000261637	16	51051669	51069688
ENSG00000257794	12	37935814	37936188
ENSG00000229227	10	46937463	46951699
ENSG00000257899	12	37938087	37938386
ENSG00000180747	16	21458004	21531765
ENSG00000259808	HG1032_PATCH	190945506	190948412
ENSG00000257933	12	37938409	37938600
ENSG00000146192	6	36973422	36996846
ENSG00000260605	16	51069029	51072675
ENSG00000138442	2	203739505	203879521
ENSG00000180251	2	103089762	103150431
ENSG00000129965	11	2153768	2182439
ENSG00000173826	17	61600695	61626338
ENSG00000124357	2	71291474	71306935
ENSG00000242362	X	120111466	120114778
ENSG00000259118	14	65548752	65560930
ENSG00000159267	21	38123189	38362536
ENSG00000232583	Y	6968774	6974543
ENSG00000260155	HG1032_PATCH	190992387	190993946
ENSG00000110079	11	60048014	60076445
ENSG00000205312	17	16750949	16756091
ENSG00000164402	5	132086509	132142933
ENSG00000261755	HG1032_PATCH	190995680	190997180
ENSG00000256502	12	127828803	127828947
ENSG00000099725	Y	7142013	7249589
ENSG00000162298	11	64889252	64902004
ENSG00000260376	HG1032_PATCH	190998973	191000255
ENSG00000100314	22	30116073	30127828
ENSG00000237269	Y	23592583	23599131
ENSG00000130590	20	62605466	62611361
ENSG00000165240	X	77166194	77305892
ENSG00000184254	15	101417919	101456831
ENSG00000249715	2	97308474	97370624
ENSG00000113555	5	141323150	141349304
ENSG00000132429	6	105606155	105627870
ENSG00000260665	HG1032_PATCH	191002273	191003549
ENSG00000214102	7	141408153	141431071
ENSG00000233314	HSCHR6_MHC_APD	29971320	29974944
ENSG00000261784	HG1032_PATCH	191005567	191007067
ENSG00000091073	7	76090993	76135312
ENSG00000255945	12	128082713	128084260
ENSG00000134504	18	24034874	24237365
ENSG00000199584	12	128103881	128103992
ENSG00000204365	10	29135337	29170827
ENSG00000235719	Y	23627270	23629049
ENSG00000260620	16	51088639	51090310
ENSG00000260129	HG1032_PATCH	191008860	191010142
ENSG00000261282	16	51141482	51141932
ENSG00000228019	7	66772592	66773343
ENSG00000100319	22	30126945	30163000
ENSG00000257035	12	128108698	128110812
ENSG00000258368	12	37969251	37970186
ENSG00000261201	HG1032_PATCH	191012160	191013719
ENSG00000241776	3	84740832	84741742
ENSG00000261238	16	51183150	51183730
ENSG00000261047	16	51277965	51278034
ENSG00000169849	Y	23630044	23632569
ENSG00000222985	14	65591070	65591260
ENSG00000260818	16	51311763	51313023
ENSG00000112499	6	160592093	160698670
ENSG00000255002	14	65679611	65689065
ENSG00000272072	7	106833004	106833745
ENSG00000179094	17	8043790	8059824
ENSG00000147872	9	19108373	19149288
ENSG00000174939	16	29911696	29931185
ENSG00000242339	3	84934087	84942530
ENSG00000221356	7	106935330	106935396
ENSG00000256022	12	128115793	128121012
ENSG00000228341	7	107090528	107090807
ENSG00000135624	2	73460548	73480149
ENSG00000265072	12	104324203	104324333
ENSG00000260596	HG1032_PATCH	191094929	191107097
ENSG00000268156	14	77882741	77883115
ENSG00000266025	3	84954830	84954896
ENSG00000258878	14	65701233	65701819
ENSG00000272854	7	107220002	107220502
ENSG00000215976	12	104378889	104378982
ENSG00000264084	3	85434860	85434942
ENSG00000216285	12	104424557	104425321
ENSG00000238832	7	107243808	107243952
ENSG00000129521	14	34393437	34931980
ENSG00000156671	10	76859344	76941881
ENSG00000260850	16	51388367	51390443
ENSG00000182415	Y	20137667	20140477
ENSG00000225975	19	37176342	37178351
ENSG00000258963	14	21202737	21203170
ENSG00000085377	6	105725440	105850959
ENSG00000120563	10	29577990	29607257
ENSG00000263683	7	30589833	30591185
ENSG00000184076	22	30163358	30166402
ENSG00000258810	14	21252047	21252452
ENSG00000144962	3	172607148	172859058
ENSG00000238954	16	21468647	21468750
ENSG00000222249	11	119160272	119160387
ENSG00000169811	Y	23655405	23663854
ENSG00000260730	HG1032_PATCH	190701490	190861426
ENSG00000223419	7	30782047	30782434
ENSG00000265462	16	21517370	21517456
ENSG00000252119	11	119194003	119194119
ENSG00000252633	Y	7192338	7192636
ENSG00000259130	14	21338437	21341751
ENSG00000238440	12	64749542	64749645
ENSG00000263488	17	34437543	34437838
ENSG00000245385	11	119206959	119208019
ENSG00000091157	18	54318574	54698828
ENSG00000251996	Y	7209572	7209683
ENSG00000258186	16	21531151	21531686
ENSG00000261492	HG1032_PATCH	190894754	190895002
ENSG00000255566	12	64836290	64837110
ENSG00000252155	Y	7246713	7246820
ENSG00000267118	17	34443570	34504870
ENSG00000267353	19	37264614	37266810
ENSG00000143382	1	150521884	150533413
ENSG00000252472	Y	7291095	7291199
ENSG00000261027	HG1032_PATCH	190903678	190906026
ENSG00000254740	11	119243416	119252323
ENSG00000229263	7	30836307	30843026
ENSG00000258642	14	21342464	21343927
ENSG00000257639	16	21544266	21561694
ENSG00000199415	12	104519014	104519134
ENSG00000254647	11	2181009	2182571
ENSG00000232887	7	31158898	31159186
ENSG00000267254	19	37288420	37319017
ENSG00000256199	12	64900946	64927418
ENSG00000263086	HG1032_PATCH	190936293	190936410
ENSG00000238073	Y	7539784	7544065
ENSG00000267181	17	34488982	34490296
ENSG00000147606	8	92221722	92410378
ENSG00000221751	7	31356612	31356738
ENSG00000106028	7	141438121	141487722
ENSG00000263308	HG1032_PATCH	190938851	190938969
ENSG00000258918	14	21366144	21404414
ENSG00000271027	7	31370325	31370510
ENSG00000245248	11	119252488	119397374
ENSG00000258772	14	21384925	21396739
ENSG00000231418	7	31454259	31460900
ENSG00000267488	17	34510615	34523870
ENSG00000101161	20	62612488	62664453
ENSG00000257193	12	104564173	104571437
ENSG00000136315	14	21387500	21388458
ENSG00000236967	HSCHR6_MHC_APD	29974877	29980498
ENSG00000223070	7	31833862	31833959
ENSG00000257732	12	104656092	104674500
ENSG00000198457	HSCHR6_MHC_SSTO	31965200	32001297
ENSG00000182533	3	8775486	8883492
ENSG00000236460	7	31980874	31981196
ENSG00000223422	Y	7546940	7549069
ENSG00000206669	19	37349129	37349231
ENSG00000088766	20	5986736	6020699
ENSG00000243817	14	21431738	21432024
ENSG00000226468	7	32496575	32497370
ENSG00000255460	11	74939367	74939702
ENSG00000172468	Y	20708557	20750849
ENSG00000243297	19	37392644	37393019
ENSG00000258599	14	21451314	21453225
ENSG00000267330	17	34552690	34554250
ENSG00000177600	11	809647	812880
ENSG00000254429	11	74971171	74972069
ENSG00000213442	12	104659056	104659669
ENSG00000267086	17	34569147	34569252
ENSG00000258471	14	21463996	21467322
ENSG00000211574	14	101318727	101318824
ENSG00000254963	11	74975333	74976214
ENSG00000226421	7	32511125	32512021
ENSG00000201315	3	36726531	36726860
ENSG00000267043	17	34746595	34747203
ENSG00000242384	17	34581086	34808061
ENSG00000207989	14	101335397	101335485
ENSG00000199090	11	75046136	75046230
ENSG00000267345	19	37566015	37569507
ENSG00000183145	21	38378450	38391959
ENSG00000201792	17	34773400	34773506
ENSG00000199151	14	101340830	101340922
ENSG00000206941	11	75111435	75111582
ENSG00000230067	3	36808608	36825658
ENSG00000252912	17	34847043	34847166
ENSG00000229358	7	32620561	32801399
ENSG00000233812	15	32694108	32695493
ENSG00000254590	11	119273502	119274798
ENSG00000267672	19	37582243	37583466
ENSG00000207445	11	75115465	75115610
ENSG00000272291	14	101341370	101341441
ENSG00000241449	7	149737610	149773744
ENSG00000267437	19	37619581	37632542
ENSG00000050165	11	11984653	12031316
ENSG00000254460	11	75217982	75219436
ENSG00000208001	14	101347344	101347457
ENSG00000236002	17	34930301	34931164
ENSG00000236435	Y	7555780	7557589
ENSG00000207569	14	101348220	101348343
ENSG00000254892	11	119274673	119274937
ENSG00000267882	20	45947246	45949467
ENSG00000255326	11	75294241	75305710
ENSG00000207608	14	101349316	101349412
ENSG00000263873	11	119288661	119289824
ENSG00000226686	19	37742814	37756437
ENSG00000272458	14	101350820	101350913
ENSG00000255434	11	75307189	75308315
ENSG00000166926	11	60102304	60164069
ENSG00000261305	7	150038860	150039696
ENSG00000207942	14	101351034	101351125
ENSG00000270268	X	78624861	78625662
ENSG00000255377	11	119315701	119316229
ENSG00000254630	11	75346928	75349632
ENSG00000013561	5	141337893	141369856
ENSG00000240449	7	150060866	150069679
ENSG00000085831	1	51752930	51810788
ENSG00000257173	12	38472331	38472801
ENSG00000230716	11	119473587	119475018
ENSG00000258111	12	104907807	104908217
ENSG00000254889	8	7554352	7554615
ENSG00000255280	11	75353645	75353934
ENSG00000239377	7	150076943	150080973
ENSG00000264295	12	104985411	104985494
ENSG00000237004	7	32768181	32768623
ENSG00000167110	9	131018108	131038274
ENSG00000206127	15	32737307	32747835
ENSG00000215104	X	79528830	79565669
ENSG00000258399	14	101361107	101402336
ENSG00000263993	11	75453174	75453469
ENSG00000267067	17	34990527	34991156
ENSG00000258278	12	38475848	38477884
ENSG00000261157	HG1032_PATCH	190942562	190943820
ENSG00000222019	16	90106169	90114181
ENSG00000247867	11	75469500	75479692
ENSG00000260709	HG1032_PATCH	190959071	190959554
ENSG00000254561	11	119479135	119529994
ENSG00000242258	7	150130742	150145228
ENSG00000267499	17	35041203	35041578
ENSG00000220023	GL000219.1	53831	99642
ENSG00000261162	HG1032_PATCH	190962497	190964569
ENSG00000131831	X	17818169	17879457
ENSG00000241648	3	85849137	85877200
ENSG00000111536	12	68595131	68619601
ENSG00000267785	17	35078894	35082651
ENSG00000254826	11	75486949	75487974
ENSG00000122859	10	71331454	71332994
ENSG00000261591	HG1032_PATCH	190979057	190984160
ENSG00000184428	8	144386554	144442149
ENSG00000254715	8	7562704	7564413
ENSG00000239519	3	86041333	86077157
ENSG00000099785	19	8478154	8503901
ENSG00000254814	11	75511922	75514460
ENSG00000199843	12	38555268	38555384
ENSG00000255509	17	35218935	35293960
ENSG00000199217	11	119527021	119527126
ENSG00000243915	3	86061711	86064270
ENSG00000201708	12	38557205	38557317
ENSG00000180089	19	55738007	55741647
ENSG00000255247	11	119580630	119584635
ENSG00000267605	19	37756841	37762420
ENSG00000271582	7	150181149	150182223
ENSG00000254381	12	38595368	38597594
ENSG00000185875	10	25305587	25315593
ENSG00000266404	HG1032_PATCH	190981535	190981630
ENSG00000223294	12	64969445	64969521
ENSG00000236690	Y	7558552	7560719
ENSG00000260020	HG1032_PATCH	190986386	190987070
ENSG00000189393	8	7572965	7575975
ENSG00000254854	11	119600293	119610333
ENSG00000213205	7	150209647	150210927
ENSG00000256670	12	64992858	65003239
ENSG00000255507	11	75514476	75526451
ENSG00000221077	14	101369934	101370053
ENSG00000261806	HG1032_PATCH	190989171	190990605
ENSG00000222579	12	105245602	105245696
ENSG00000243853	7	150238842	150239186
ENSG00000224542	HSCHR6_MHC_APD	30015058	30017715
ENSG00000265054	12	105345538	105345624
ENSG00000207546	12	65016289	65016385
ENSG00000258760	14	65703198	65785508
ENSG00000271568	7	150300649	150301732
ENSG00000171224	10	71390007	71393352
ENSG00000261914	HG1032_PATCH	191116882	191117345
ENSG00000225520	Y	7567398	7569288
ENSG00000250474	7	107268998	107269943
ENSG00000225195	12	65022124	65023756
ENSG00000267682	19	37828138	37828645
ENSG00000254406	11	119692013	119692838
ENSG00000201410	3	86174366	86174437
ENSG00000256314	12	65047840	65048799
ENSG00000267381	19	37978901	37979554
ENSG00000257758	12	105370527	105371805
ENSG00000258613	14	65733356	65734408
ENSG00000185808	21	38431470	38445470
ENSG00000251773	3	86284471	86284574
ENSG00000232361	7	150311149	150311852
ENSG00000143479	1	206808881	206857764
ENSG00000272191	17	35297346	35300755
ENSG00000225935	7	107283210	107283468
ENSG00000239767	3	86313705	86316511
ENSG00000215159	12	65153301	65173098
ENSG00000260528	16	90168679	90244752
ENSG00000254863	11	119858663	119865746
ENSG00000270990	7	150373921	150375006
ENSG00000214759	14	65735547	65735816
ENSG00000153012	4	25000469	25032501
ENSG00000222934	3	86411282	86411624
ENSG00000261146	3	137510815	137515520
ENSG00000267306	17	35337466	35337721
ENSG00000224578	16	51679667	51681043
ENSG00000233705	7	107294421	107302596
ENSG00000234795	Y	7581026	7677302
ENSG00000266916	19	37988063	37997948
ENSG00000241328	3	86531093	86546146
ENSG00000152782	10	91342745	91405215
ENSG00000241478	3	137599137	137601079
ENSG00000259078	14	65745985	65747884
ENSG00000177590	7	150443981	150444816
ENSG00000267798	17	35355897	35357333
ENSG00000241293	3	87100342	87101888
ENSG00000187959	17	71244588	71258491
ENSG00000123338	12	54891495	54937726
ENSG00000106410	7	144094333	144107320
ENSG00000272609	3	137723491	137723964
ENSG00000234073	3	36921675	36922220
ENSG00000180914	3	8792094	8811314
ENSG00000266141	17	35391042	35391110
ENSG00000207573	7	32772593	32772689
ENSG00000255216	11	119879313	119882867
ENSG00000240668	3	137820320	137821759
ENSG00000264119	3	87275339	87275427
ENSG00000267479	17	35391965	35400550
ENSG00000241764	7	107383262	107385026
ENSG00000273014	7	32798494	32798965
ENSG00000266740	14	65801835	65801901
ENSG00000200256	11	75546260	75546368
ENSG00000239829	3	87372418	87373873
ENSG00000264954	17	62073431	62077259
ENSG00000199362	11	75548589	75548690
ENSG00000259541	11	120120468	120136641
ENSG00000180662	14	65934525	65935059
ENSG00000250756	7	32827946	32828054
ENSG00000240902	3	87643988	87644526
ENSG00000241134	7	150446824	150487837
ENSG00000255255	11	75622248	75622672
ENSG00000266895	17	35402760	35410075
ENSG00000263936	GL000219.1	47191	47266
ENSG00000251999	7	32831426	32831558
ENSG00000271609	16	21549808	21550115
ENSG00000207781	14	65937820	65937904
ENSG00000240255	3	87679451	87680769
ENSG00000177324	X	18181051	18239024
ENSG00000267115	19	37994808	37995367
ENSG00000229626	7	107449179	107450013
ENSG00000252798	16	21598948	21599185
ENSG00000260692	HG79_PATCH	136227290	136232211
ENSG00000255081	11	75625245	75626257
ENSG00000182575	17	47653220	47661189
ENSG00000239572	3	87780552	87842779
ENSG00000231952	7	32852369	32878182
ENSG00000258980	14	65995548	65996292
ENSG00000261596	16	21638063	21638723
ENSG00000273055	7	107582561	107583185
ENSG00000230247	X	79784536	79785526
ENSG00000223013	11	75645980	75646083
ENSG00000180458	19	38036372	38040073
ENSG00000239581	17	35497536	35498349
ENSG00000238592	12	65154648	65154753
ENSG00000207248	16	21653375	21653481
ENSG00000238297	7	107640237	107640427
ENSG00000254915	11	75653173	75653479
ENSG00000243020	12	65261736	65262479
ENSG00000258629	14	66346310	66347788
ENSG00000207042	16	21653615	21653721
ENSG00000172782	17	72873428	72889708
ENSG00000255006	11	120490643	120490976
ENSG00000216085	7	107677291	107677381
ENSG00000165660	10	126490354	126525239
ENSG00000151025	10	25463991	25891155
ENSG00000228051	X	79815645	79817553
ENSG00000260306	16	21805416	21807080
ENSG00000223168	16	51705147	51705474
ENSG00000266112	7	107998751	107998849
ENSG00000177105	11	3848208	3862213
ENSG00000255421	11	75848359	75848775
ENSG00000258960	14	66367650	66368169
ENSG00000168303	7	40165622	40174258
ENSG00000255693	12	65277174	65371302
ENSG00000231006	7	108150677	108151420
ENSG00000166927	11	60145955	60163424
ENSG00000117308	1	24122089	24127271
ENSG00000235645	10	71444655	71452208
ENSG00000228612	X	79827370	79830106
ENSG00000260057	16	51796430	51807084
ENSG00000254933	11	75901769	75906115
ENSG00000250493	11	120738642	120765506
ENSG00000238876	14	66478359	66478451
ENSG00000225647	7	108238819	108254711
ENSG00000254735	11	120806811	120807363
ENSG00000145687	5	80708840	81047616
ENSG00000174715	3	138362716	138363536
ENSG00000224861	14	66479548	66480507
ENSG00000255362	11	75922000	75927069
ENSG00000225715	X	79965427	79966204
ENSG00000248124	16	21807951	21831731
ENSG00000267470	19	38039816	38078249
ENSG00000270425	7	108361052	108362045
ENSG00000254515	11	121109013	121109397
ENSG00000075131	15	66628544	66679084
ENSG00000111846	6	10492456	10629601
ENSG00000248995	12	65314625	65376304
ENSG00000100325	22	30184597	30234271
ENSG00000239207	3	138496674	138497652
ENSG00000229603	7	108549510	108592723
ENSG00000272301	11	76100692	76101172
ENSG00000261470	16	52112534	52114401
ENSG00000224496	HSCHR6_MHC_APD	30040743	30053350
ENSG00000258502	14	66578299	66592565
ENSG00000199005	14	101377476	101377550
ENSG00000110931	12	121675497	121736111
ENSG00000242321	3	138515693	138516082
ENSG00000244400	11	121120979	121121687
ENSG00000271757	11	76103240	76103949
ENSG00000251769	14	101382173	101382230
ENSG00000260268	16	52116977	52119021
ENSG00000260507	16	90171503	90172724
ENSG00000252873	14	101383915	101383982
ENSG00000201756	11	76115184	76115296
ENSG00000202191	14	101391161	101391229
ENSG00000127318	12	68642022	68647387
ENSG00000261172	16	90176982	90234633
ENSG00000255135	11	76152382	76155700
ENSG00000268759	15	32774822	32780287
ENSG00000232460	11	121232559	121233574
ENSG00000231656	8	7580613	7591823
ENSG00000127588	16	848041	850733
ENSG00000254755	11	76302067	76302255
ENSG00000179604	17	71279763	71308314
ENSG00000222359	16	90211000	90211103
ENSG00000151445	14	77893018	77924295
ENSG00000174943	16	29916333	29938356
ENSG00000168917	3	136537489	136574734
ENSG00000154518	2	176040986	176049335
ENSG00000271022	11	121297354	121298125
ENSG00000261749	16	52119192	52132979
ENSG00000133641	12	88427623	88443937
ENSG00000257886	12	105466264	105467799
ENSG00000246790	11	121318040	121323722
ENSG00000239150	GL000219.1	163853	163928
ENSG00000260975	16	52231924	52261868
ENSG00000238303	GL000219.1	164278	164360
ENSG00000153037	5	112196919	112205485
ENSG00000257999	12	105496250	105500957
ENSG00000266402	17	62223330	62223836
ENSG00000260478	16	52271994	52303352
ENSG00000103569	15	58430368	58478110
ENSG00000252556	11	121875063	121875159
ENSG00000238600	GL000219.1	168106	168180
ENSG00000181908	11	64216546	64219126
ENSG00000239060	GL000219.1	171364	171439
ENSG00000257642	12	105698645	105720795
ENSG00000114853	3	42695176	42709072
ENSG00000269730	HSCHR6_MHC_COX	31471969	31472444
ENSG00000199753	17	62223443	62223512
ENSG00000232653	15	32885657	32896179
ENSG00000238664	GL000219.1	173994	174069
ENSG00000264749	12	105721684	105721770
ENSG00000256358	17	62385676	62386050
ENSG00000109016	17	21026677	21096578
ENSG00000226923	HSCHR6_MHC_COX	31483952	31485467
ENSG00000237048	Y	7672965	7678724
ENSG00000251949	14	101392317	101392388
ENSG00000239306	11	66384053	66394818
ENSG00000257859	12	106097981	106137840
ENSG00000256826	17	62487640	62487906
ENSG00000212384	14	101393679	101393750
ENSG00000201700	14	101396256	101396328
ENSG00000153823	2	229715242	230136001
ENSG00000169760	3	173114074	174004434
ENSG00000167945	16	855443	863861
ENSG00000201672	14	101402828	101402902
ENSG00000255248	11	121899063	121987031
ENSG00000215603	Y	7721727	7722917
ENSG00000117411	1	44444615	44456840
ENSG00000237703	HSCHR6_MHC_APD	30056560	30065548
ENSG00000221564	12	65332803	65332897
ENSG00000210181	3	37009682	37009807
ENSG00000267224	19	57046668	57047132
ENSG00000272334	3	37014608	37015163
ENSG00000019995	10	126630692	126676758
ENSG00000236165	3	37017807	37018331
ENSG00000102098	X	18257434	18372847
ENSG00000257773	12	106409675	106410784
ENSG00000162889	1	206858289	206907628
ENSG00000225746	14	101403738	101426536
ENSG00000070950	3	8817088	9005457
ENSG00000267421	19	57047525	57049944
ENSG00000244246	Y	7781463	7782131
ENSG00000271835	3	37026534	37026975
ENSG00000229745	Y	7801038	7805681
ENSG00000272127	3	37027357	37028273
ENSG00000146477	6	160769300	160876014
ENSG00000257890	12	106444739	106452032
ENSG00000167323	11	3875757	4114439
ENSG00000169953	Y	20893326	20990548
ENSG00000269808	19	55738587	55741647
ENSG00000168065	11	64323098	64340347
ENSG00000239008	X	80112575	80112701
ENSG00000269696	19	57056935	57078780
ENSG00000272905	7	32885006	32885673
ENSG00000212623	X	80156256	80156363
ENSG00000225454	HSCHR6_MHC_DBB	30889843	30890665
ENSG00000073905	X	80184999	80185846
ENSG00000125872	20	6021424	6034695
ENSG00000122376	10	88853918	88951225
ENSG00000268847	19	57100863	57101649
ENSG00000187957	2	230222345	230579274
ENSG00000212546	X	80191933	80192039
ENSG00000205763	7	32956427	32982788
ENSG00000264374	X	80496319	80496400
ENSG00000118162	19	47978401	47987525
ENSG00000237710	HSCHR6_MHC_DBB	33021645	33032912
ENSG00000231875	X	80618767	80619669
ENSG00000237112	HSCHR6_MHC_DBB	29523343	29600923
ENSG00000268036	19	57125178	57125319
ENSG00000224523	X	80664437	80682775
ENSG00000259060	14	21051051	21077954
ENSG00000242259	22	19338891	19435755
ENSG00000254982	17	35500531	35501387
ENSG00000268352	19	57183636	57196021
ENSG00000268568	19	57183942	57185269
ENSG00000111231	12	110890289	110907073
ENSG00000124151	20	46130601	46285621
ENSG00000105063	19	55741148	55770363
ENSG00000265695	17	62496891	62496957
ENSG00000237740	10	89136653	89138238
ENSG00000266241	17	62497332	62497431
ENSG00000269793	19	57202054	57311014
ENSG00000104755	8	39601254	39695808
ENSG00000266566	17	62526893	62526975
ENSG00000271779	17	62568947	62569199
ENSG00000151655	10	7745232	7791483
ENSG00000232251	HSCHR6_MHC_DBB	30899496	30912715
ENSG00000180176	11	2185159	2193107
ENSG00000236417	10	89146442	89149960
ENSG00000203883	20	62679076	62680994
ENSG00000270714	17	62743382	62743610
ENSG00000166035	15	58702768	58861151
ENSG00000171885	18	24432002	24445782
ENSG00000207971	11	121970465	121970552
ENSG00000121067	17	47676246	47755596
ENSG00000153347	5	94727048	94786158
ENSG00000103227	16	903634	1031318
ENSG00000198975	11	122017229	122017301
ENSG00000198671	12	65411248	65413586
ENSG00000155903	3	141205889	141334184
ENSG00000215769	17	62745781	62778117
ENSG00000127362	7	141463897	141464997
ENSG00000207994	11	122022937	122023016
ENSG00000207099	12	65489529	65489635
ENSG00000265070	19	57230571	57230655
ENSG00000227968	7	108634088	108635086
ENSG00000255700	12	65528468	65529053
ENSG00000268067	19	57272301	57272583
ENSG00000180066	10	134257831	134262912
ENSG00000175600	7	40174575	40900362
ENSG00000241200	Y	7859028	7859847
ENSG00000173464	14	21051054	21078043
ENSG00000200860	14	66644245	66644353
ENSG00000230941	7	108962377	108966372
ENSG00000255090	11	122026130	122293579
ENSG00000124564	6	25833294	25882514
ENSG00000268407	19	57304416	57304617
ENSG00000258561	14	66679528	66976112
ENSG00000101311	20	6055492	6104191
ENSG00000234273	7	109162038	109237223
ENSG00000257438	12	106496941	106499943
ENSG00000229477	8	7588261	7591271
ENSG00000173933	11	66384097	66434153
ENSG00000268654	19	57352270	57359924
ENSG00000230192	7	109300151	109300859
ENSG00000158092	3	136581050	136668665
ENSG00000163617	3	113682984	113775460
ENSG00000127364	7	141478242	141479235
ENSG00000269786	19	57433386	57433581
ENSG00000137601	4	170314426	170533780
ENSG00000164327	5	38938021	39074510
ENSG00000182040	17	72912176	72919351
ENSG00000266820	17	62746036	62754721
ENSG00000224710	8	7595909	7598918
ENSG00000180660	13	36047926	36050832
ENSG00000255479	11	76336506	76337878
ENSG00000268483	19	57576702	57577507
ENSG00000172548	5	156887027	156901725
ENSG00000255363	11	76339140	76341407
ENSG00000127366	7	141490017	141491166
ENSG00000243955	6	52656462	52668708
ENSG00000254810	11	76365213	76367756
ENSG00000255015	11	122165646	122172471
ENSG00000228055	10	89156780	89184549
ENSG00000182890	X	120181462	120183794
ENSG00000236304	11	76368100	76374910
ENSG00000255219	11	122165898	122178727
ENSG00000252683	19	57645418	57645635
ENSG00000270293	19	57661881	57662346
ENSG00000252776	11	122319918	122320039
ENSG00000185608	22	19419425	19423598
ENSG00000231569	10	89167801	89168015
ENSG00000254975	11	76386123	76414239
ENSG00000253035	11	122322182	122322307
ENSG00000270790	19	57662955	57663228
ENSG00000223265	11	122449913	122450015
ENSG00000257611	12	106563782	106566215
ENSG00000222192	10	89322845	89322943
ENSG00000268379	19	57686601	57689289
ENSG00000223761	10	89351364	89365781
ENSG00000254572	11	122484152	122485194
ENSG00000239893	Y	7936937	7938764
ENSG00000225913	10	89367742	89419036
ENSG00000273448	7	66798034	66799370
ENSG00000268713	19	57772722	57774106
ENSG00000196566	10	89369920	89419760
ENSG00000254935	11	122489559	122489982
ENSG00000233446	X	80855571	80856805
ENSG00000235475	7	66800963	66805011
ENSG00000196553	14	66953072	66965271
ENSG00000267871	19	57778588	57791702
ENSG00000239079	11	122596916	122597019
ENSG00000265600	7	66821667	66821766
ENSG00000199709	11	122797742	122797881
ENSG00000268205	19	57815673	57819930
ENSG00000068001	3	50355221	50360337
ENSG00000197321	10	29746267	30025710
ENSG00000258355	12	106639391	106640734
ENSG00000226392	7	67092818	67093006
ENSG00000254944	11	122831035	122831794
ENSG00000260745	HG7_PATCH	142013007	142013489
ENSG00000238609	12	106676705	106676767
ENSG00000242429	17	35519530	35520053
ENSG00000047579	6	15523032	15663289
ENSG00000237466	7	67093009	67093336
ENSG00000257711	12	107074536	107078478
ENSG00000268723	19	57828576	57828930
ENSG00000206826	X	81256669	81256776
ENSG00000213184	11	122888346	122889369
ENSG00000233423	7	67156045	67162016
ENSG00000260227	HG7_PATCH	142020496	142021363
ENSG00000235259	HSCHR6_MHC_APD	30067805	30077295
ENSG00000228041	X	81753118	81753373
ENSG00000268678	19	57862216	57863380
ENSG00000136634	1	206940947	206945839
ENSG00000223948	7	67234616	67235455
ENSG00000108946	17	66507921	66547460
ENSG00000008086	X	18443703	18671749
ENSG00000243669	11	122906575	122906932
ENSG00000268545	19	57971280	57971488
ENSG00000260923	16	90252405	90289086
ENSG00000233813	HSCHR6_MHC_DBB	30575727	30584413
ENSG00000225209	7	67485240	67497677
ENSG00000146535	7	2767746	2883958
ENSG00000261506	HG7_PATCH	142028121	142028610
ENSG00000268266	19	57989017	57994364
ENSG00000213653	X	81761883	81762261
ENSG00000266942	17	35743821	35744861
ENSG00000244641	11	122920495	122921061
ENSG00000227204	Y	7995171	8012244
ENSG00000267613	17	35768023	35768681
ENSG00000268392	19	58136400	58138318
ENSG00000236531	7	67556210	67584196
ENSG00000260407	HG7_PATCH	142032006	142032527
ENSG00000267562	17	35814273	35815033
ENSG00000099783	19	8509651	8553998
ENSG00000232975	7	67562724	67563237
ENSG00000178053	3	158288952	158325041
ENSG00000233541	11	122921869	122922109
ENSG00000269097	19	58175648	58176407
ENSG00000198408	10	103544200	103578696
ENSG00000259829	HG7_PATCH	142045252	142045816
ENSG00000264453	19	58249833	58249918
ENSG00000267542	17	35969787	35973886
ENSG00000200879	11	122928785	122928869
ENSG00000115216	2	27650657	27665126
ENSG00000268361	19	44058844	44097188
ENSG00000226829	7	67615270	67753220
ENSG00000269304	19	58337829	58338146
ENSG00000207118	11	122929617	122929703
ENSG00000260885	HG7_PATCH	142049015	142049495
ENSG00000267668	17	36002976	36044255
ENSG00000202252	11	122930043	122930130
ENSG00000267319	19	38184181	38184465
ENSG00000237754	7	67706624	67707254
ENSG00000255342	11	123006631	123007084
ENSG00000267152	19	38219487	38221544
ENSG00000259825	HG7_PATCH	142062481	142062934
ENSG00000223535	8	7603556	7614766
ENSG00000225959	7	67731306	67731846
ENSG00000267380	17	36009162	36010922
ENSG00000254710	11	123059510	123098985
ENSG00000259549	17	36105206	36108563
ENSG00000261626	HG7_PATCH	142070668	142071148
ENSG00000267422	19	38270326	38283505
ENSG00000133083	13	36345478	36705443
ENSG00000228429	7	68105785	68106571
ENSG00000137145	9	19230433	19374139
ENSG00000237184	17	36158869	36162759
ENSG00000200496	11	123172098	123172231
ENSG00000224858	3	37058011	37058505
ENSG00000102119	X	153607557	153609883
ENSG00000261785	HG7_PATCH	142074311	142074850
ENSG00000254823	11	123184382	123185478
ENSG00000267671	17	36187925	36244363
ENSG00000068383	10	134351324	134596979
ENSG00000222428	7	68188898	68189035
ENSG00000234465	19	44080952	44088116
ENSG00000267640	19	38307999	38317278
ENSG00000233689	7	68505139	68511790
ENSG00000261287	HG7_PATCH	142102303	142102758
ENSG00000171703	20	62681189	62703700
ENSG00000206645	3	37134624	37134725
ENSG00000149792	11	64889655	64894843
ENSG00000200189	7	68590257	68590363
ENSG00000175029	10	126676421	126849739
ENSG00000198670	6	160952515	161087407
ENSG00000254407	11	123210882	123211422
ENSG00000225558	3	37176149	37176593
ENSG00000236839	7	68652820	68654305
ENSG00000260080	HG7_PATCH	142105845	142106351
ENSG00000265655	7	68655128	68655211
ENSG00000225718	7	68689683	68895909
ENSG00000257918	12	107108702	107126844
ENSG00000181652	7	150709297	150721586
ENSG00000261237	HG7_PATCH	142110713	142111179
ENSG00000265357	11	123252148	123252220
ENSG00000258436	14	21058352	21058982
ENSG00000255414	11	123325106	123331118
ENSG00000261031	HG7_PATCH	142113402	142113923
ENSG00000258604	14	21492331	21497430
ENSG00000225868	19	38314362	38345855
ENSG00000230654	7	68795684	68796364
ENSG00000254449	11	123468654	123470160
ENSG00000198826	15	32907345	32932150
ENSG00000261700	HG7_PATCH	142121373	142121890
ENSG00000229031	7	68796821	68798619
ENSG00000181803	14	21108855	21109850
ENSG00000258714	14	21558546	21560491
ENSG00000254467	11	123539207	123542345
ENSG00000125675	X	122318006	122624766
ENSG00000112695	6	75947391	75960039
ENSG00000183034	17	72920370	72930007
ENSG00000178107	14	21576202	21584862
ENSG00000225996	1	150521897	150524367
ENSG00000202183	X	81816650	81816796
ENSG00000266814	11	123579381	123579478
ENSG00000260437	HG7_PATCH	142129179	142129643
ENSG00000023892	6	35265595	35289548
ENSG00000200197	11	123634635	123634797
ENSG00000236365	X	82130657	82130893
ENSG00000252423	7	68866188	68866289
ENSG00000254613	11	123711714	123712584
ENSG00000258722	14	21578454	21581631
ENSG00000200857	7	68972496	68972608
ENSG00000266210	7	69001035	69001303
ENSG00000260546	HG7_PATCH	142146452	142146952
ENSG00000090006	19	41098789	41135725
ENSG00000229481	19	38320191	38322797
ENSG00000254430	11	123732530	123733229
ENSG00000232735	X	82253707	82254244
ENSG00000165076	7	141536086	141541287
ENSG00000234215	7	69060944	69062434
ENSG00000256922	12	128278072	128305728
ENSG00000268051	19	38454493	38455430
ENSG00000261412	HG7_PATCH	142172447	142172948
ENSG00000142224	1	206972215	207016324
ENSG00000258818	14	21152259	21168761
ENSG00000226461	11	123880362	123880719
ENSG00000272066	X	82761031	82764222
ENSG00000255757	12	128361544	128362061
ENSG00000221258	19	38544518	38544605
ENSG00000236978	7	70302724	70302999
ENSG00000200102	14	21581798	21581904
ENSG00000150750	11	111126707	111157126
ENSG00000268764	19	38599140	38600173
ENSG00000272294	X	82766304	82767135
ENSG00000203804	1	150533480	150533969
ENSG00000259913	HG7_PATCH	142176673	142177134
ENSG00000259102	14	21630672	21631902
ENSG00000256597	12	128366162	128367536
ENSG00000103994	15	42705021	42783321
ENSG00000269653	19	38675016	38676905
ENSG00000265878	7	70772658	70772742
ENSG00000157119	3	42727011	42734036
ENSG00000260843	HG7_PATCH	142184418	142185083
ENSG00000196511	7	144149034	144533488
ENSG00000268499	19	38690476	38691574
ENSG00000258906	14	21652500	21653118
ENSG00000266688	7	70775445	70775537
ENSG00000070010	22	19437433	19466738
ENSG00000199940	7	71150437	71150732
ENSG00000137845	15	58887403	59042177
ENSG00000266428	19	38690874	38691170
ENSG00000256193	12	128399917	128436097
ENSG00000201014	7	71378723	71378841
ENSG00000257119	12	107295061	107295762
ENSG00000200209	19	38785184	38785276
ENSG00000237122	8	7611204	7614214
ENSG00000260116	HG7_PATCH	142191056	142191532
ENSG00000235581	7	71407244	71407453
ENSG00000258441	14	21668238	21675059
ENSG00000268913	19	38822274	38822716
ENSG00000240631	12	107304535	107304887
ENSG00000269867	19	58378406	58379540
ENSG00000238838	19	38839649	38839750
ENSG00000228769	7	71568166	71569194
ENSG00000260329	12	107347807	107349275
ENSG00000260732	HG7_PATCH	142204064	142204535
ENSG00000266963	19	38852435	38853124
ENSG00000236870	X	82814904	82815320
ENSG00000266772	7	72138047	72138146
ENSG00000257548	12	107487076	107517092
ENSG00000132773	1	45805342	45809647
ENSG00000270804	19	58379253	58380202
ENSG00000215102	X	83003833	83004947
ENSG00000264494	7	72162874	72162949
ENSG00000234192	10	89402364	89402711
ENSG00000105676	19	19144384	19170563
ENSG00000167378	19	44088521	44100287
ENSG00000267090	19	38876162	38877399
ENSG00000260429	HG7_PATCH	142209379	142209811
ENSG00000257444	12	107665171	107665623
ENSG00000270694	7	72187850	72188054
ENSG00000267473	19	38888821	38890521
ENSG00000226784	X	77223458	77225135
ENSG00000196167	11	111164114	111175770
ENSG00000270555	7	72233812	72234205
ENSG00000260216	HG7_PATCH	142213648	142214185
ENSG00000269445	19	39017594	39019195
ENSG00000095777	10	26223196	26501456
ENSG00000237962	HSCHR6_MHC_DBB	30942199	30948389
ENSG00000223820	10	89577685	89605369
ENSG00000266569	7	72293477	72293750
ENSG00000243234	19	58464526	58465127
ENSG00000229749	17	16757249	16757623
ENSG00000268055	19	39026157	39027768
ENSG00000132388	17	4172554	4269923
ENSG00000260106	HG7_PATCH	142221545	142222051
ENSG00000102104	X	18658030	18690229
ENSG00000267291	19	39086986	39092334
ENSG00000265853	17	16796512	16796743
ENSG00000059804	12	8071826	8088871
ENSG00000225648	7	72300004	72307909
ENSG00000235974	19	58523957	58537294
ENSG00000261463	HG7_PATCH	142228898	142229326
ENSG00000243782	10	89592578	89592855
ENSG00000268660	19	58555960	58558137
ENSG00000133816	11	12115543	12285334
ENSG00000167566	12	50184929	50222533
ENSG00000224745	10	89638449	89640184
ENSG00000267375	19	39174513	39184246
ENSG00000184923	10	88985205	88996665
ENSG00000270837	19	58560414	58560714
ENSG00000128438	17	16826229	16838153
ENSG00000261022	HG7_PATCH	142233142	142233643
ENSG00000267892	19	39228924	39230503
ENSG00000213613	10	89705259	89705781
ENSG00000243642	19	58581338	58581607
ENSG00000214290	11	111169565	111179460
ENSG00000268293	19	58648080	58648421
ENSG00000261484	HG7_PATCH	142241604	142242070
ENSG00000143384	1	150547032	150552066
ENSG00000162891	1	207038699	207042568
ENSG00000196220	3	9022275	9404737
ENSG00000260074	HG7_PATCH	142248910	142249342
ENSG00000261571	HG7_PATCH	142253486	142254008
ENSG00000269236	19	58677533	58678512
ENSG00000266135	7	72312017	72312305
ENSG00000162571	1	1109264	1133315
ENSG00000197467	10	71561644	71724031
ENSG00000179994	7	72333321	72341076
ENSG00000198286	7	2945775	3083579
ENSG00000228881	HSCHR6_MHC_APD	30089025	30118001
ENSG00000261563	HG7_PATCH	142261249	142262208
ENSG00000124444	19	44100544	44105309
ENSG00000250814	5	9854489	9890049
ENSG00000260890	HG7_PATCH	142270879	142271415
ENSG00000204710	11	64937625	64940715
ENSG00000230709	17	16879313	16884667
ENSG00000085832	1	51819935	51985000
ENSG00000171931	17	18647326	18682662
ENSG00000260143	HG7_PATCH	142277448	142277943
ENSG00000230969	17	16891643	16893491
ENSG00000122194	6	161123270	161174347
ENSG00000180113	6	46655612	46672056
ENSG00000166928	11	60146003	60185161
ENSG00000200897	12	107768524	107768604
ENSG00000260328	17	16915228	16918304
ENSG00000222302	12	107880288	107880412
ENSG00000261601	HG7_PATCH	142285819	142286316
ENSG00000205403	4	110661852	110723335
ENSG00000261361	HG79_PATCH	136232087	136236704
ENSG00000225442	17	16979352	16981066
ENSG00000197891	11	64358113	64369820
ENSG00000224184	2	11988748	12718474
ENSG00000125457	17	73262309	73267308
ENSG00000260705	HG7_PATCH	142296465	142296947
ENSG00000263624	17	17071260	17088868
ENSG00000269047	16	1031252	1031663
ENSG00000110777	11	111222977	111326355
ENSG00000182938	17	72931814	72946087
ENSG00000206859	17	17073397	17073503
ENSG00000260904	HG7_PATCH	142302038	142302543
ENSG00000243370	17	17081729	17082020
ENSG00000153827	2	230628554	230787955
ENSG00000169032	15	66679155	66784650
ENSG00000266498	17	17138747	17139432
ENSG00000165389	14	34901995	34931562
ENSG00000005513	16	1031808	1036979
ENSG00000259824	HG7_PATCH	142305349	142305854
ENSG00000226359	17	17145324	17146200
ENSG00000175854	9	131037658	131051269
ENSG00000163536	3	167453031	167543356
ENSG00000178307	17	21100593	21117937
ENSG00000115616	2	103236166	103327777
ENSG00000213013	19	58727546	58727927
ENSG00000162892	1	207070788	207077484
ENSG00000268866	19	58735872	58736835
ENSG00000200891	10	89754375	89754452
ENSG00000227905	10	89807892	89809580
ENSG00000236104	6	33282183	33285719
ENSG00000201548	10	90345395	90345490
ENSG00000268516	19	58768639	58790174
ENSG00000238363	5	111497182	111497314
ENSG00000237205	10	90377980	90378691
ENSG00000271408	10	90459440	90460158
ENSG00000213182	11	123925577	123926414
ENSG00000226358	10	90487242	90488671
ENSG00000254614	11	64945077	64949305
ENSG00000186268	11	123964289	123965239
ENSG00000129518	14	34985135	35008916
ENSG00000257579	12	108003811	108011498
ENSG00000213181	11	123975807	123976675
ENSG00000196403	11	124029128	124030063
ENSG00000102144	X	77320685	77384793
ENSG00000225809	Y	8132490	8145229
ENSG00000268201	19	58778001	58779051
ENSG00000239426	11	124077890	124078822
ENSG00000265109	17	17145878	17145961
ENSG00000144320	2	176788620	176867567
ENSG00000162009	16	1122756	1131454
ENSG00000109118	17	27232268	27278789
ENSG00000250882	5	111509267	111511245
ENSG00000215030	17	17286691	17287326
ENSG00000255425	11	124085346	124086394
ENSG00000224573	7	32991038	32991268
ENSG00000227158	17	17325995	17327018
ENSG00000104760	8	17721889	17767874
ENSG00000252821	7	33041562	33041666
ENSG00000142396	19	58816715	58827023
ENSG00000229054	7	33075824	33075994
ENSG00000241429	3	138543905	138545171
ENSG00000222160	12	108044566	108044669
ENSG00000113552	5	141371314	141392606
ENSG00000100749	14	97263641	97398059
ENSG00000181214	11	124095437	124096365
ENSG00000240441	12	108113376	108113910
ENSG00000241420	7	33085412	33085702
ENSG00000100330	22	30279144	30426855
ENSG00000249807	5	10137250	10138477
ENSG00000111725	12	120105558	120119435
ENSG00000252706	7	33155178	33155242
ENSG00000250280	12	65675437	65680508
ENSG00000258136	12	108130332	108153745
ENSG00000184471	16	1140005	1146244
ENSG00000228015	7	33168600	33168755
ENSG00000242244	3	138608097	138608799
ENSG00000254845	11	124109121	124110228
ENSG00000222741	7	33217352	33217450
ENSG00000215208	12	65812511	65813807
ENSG00000086717	X	18694029	18846039
ENSG00000251187	5	111527717	111545836
ENSG00000244578	3	138654031	138662862
ENSG00000255116	11	124143866	124144477
ENSG00000254976	11	124194767	124195685
ENSG00000255225	11	124208679	124209558
ENSG00000154080	18	24495595	24765281
ENSG00000260515	5	10195233	10197740
ENSG00000151553	10	116581503	116659591
ENSG00000250748	12	65860600	66036152
ENSG00000255030	11	124227456	124228365
ENSG00000251137	3	138800496	138801219
ENSG00000227737	11	124235530	124236447
ENSG00000232416	3	138823027	138844009
ENSG00000229254	11	124246773	124247697
ENSG00000268211	9	131062367	131064212
ENSG00000271998	5	10195299	10197734
ENSG00000272656	3	139067866	139068213
ENSG00000251076	5	111563980	111593006
ENSG00000196193	5	10201621	10201960
ENSG00000252245	3	139107119	139107206
ENSG00000257292	12	38599188	38599814
ENSG00000078081	3	182840001	182881627
ENSG00000258360	12	38600033	38600994
ENSG00000248932	3	139108657	139302161
ENSG00000117305	1	24128375	24165110
ENSG00000244607	3	42734155	42814745
ENSG00000272417	5	10203712	10204152
ENSG00000207296	19	39287642	39287749
ENSG00000253016	12	38668250	38668351
ENSG00000268756	19	39310806	39313863
ENSG00000248968	5	10248437	10250027
ENSG00000265298	17	62746538	62747429
ENSG00000266333	12	38715368	38715462
ENSG00000167112	9	131071382	131085021
ENSG00000269688	19	39335369	39336139
ENSG00000256878	12	38866646	38866722
ENSG00000221515	16	52289363	52289461
ENSG00000269050	19	39360799	39364403
ENSG00000260887	16	52292476	52314211
ENSG00000248350	5	111699153	111699363
ENSG00000003400	2	202047604	202094129
ENSG00000257645	12	38926697	38926852
ENSG00000272843	7	72394956	72395663
ENSG00000269486	19	39425976	39429272
ENSG00000238503	2	12170429	12170498
ENSG00000267992	19	39521076	39521963
ENSG00000248790	3	139185272	139185637
ENSG00000249231	16	52586002	52686017
ENSG00000271980	5	10264709	10267258
ENSG00000112293	6	24424793	24495433
ENSG00000178631	3	139212651	139213779
ENSG00000251709	19	39540545	39540607
ENSG00000260830	14	21852451	21853079
ENSG00000269172	19	39625522	39627103
ENSG00000189129	10	81891438	81905115
ENSG00000120669	13	36742345	36871979
ENSG00000248430	5	111788400	111788686
ENSG00000199436	14	21860309	21860412
ENSG00000257335	7	141607613	141806547
ENSG00000268510	19	39727073	39727933
ENSG00000264089	2	12339256	12339327
ENSG00000200785	14	21865451	21865560
ENSG00000106133	7	72418120	72425329
ENSG00000111554	12	68666223	68726161
ENSG00000207183	2	12551524	12551627
ENSG00000241035	14	21867084	21867441
ENSG00000260481	HG7_PATCH	142322555	142323065
ENSG00000070759	1	45809555	45956872
ENSG00000213926	19	39745556	39745909
ENSG00000260963	16	52641261	52647820
ENSG00000258870	14	21887779	21888119
ENSG00000248643	11	66384097	66413940
ENSG00000128923	15	59063391	59154099
ENSG00000272311	19	39755022	39756457
ENSG00000174446	15	66782473	66790151
ENSG00000263621	14	21897669	21897965
ENSG00000260915	HG7_PATCH	142329504	142329995
ENSG00000271715	5	10269601	10270030
ENSG00000268262	19	39805291	39811498
ENSG00000214274	14	21152336	21167130
ENSG00000257096	14	21989234	21990794
ENSG00000167325	11	4115937	4160106
ENSG00000251014	5	111882670	111883202
ENSG00000256737	14	22031950	22033215
ENSG00000269246	19	39832413	39832585
ENSG00000261414	HG7_PATCH	142334564	142335109
ENSG00000079557	4	74347400	74369691
ENSG00000256971	12	128425140	128434705
ENSG00000110944	12	56732663	56734193
ENSG00000256081	14	22053414	22054404
ENSG00000241983	19	39859793	39860086
ENSG00000223360	2	12739113	12745271
ENSG00000182670	21	38445526	38575413
ENSG00000256643	12	128508333	128511711
ENSG00000266670	3	185699825	185700083
ENSG00000266559	19	39900263	39900318
ENSG00000260028	HG7_PATCH	142339652	142340105
ENSG00000260393	16	52641674	52642070
ENSG00000234197	3	185796959	185798736
ENSG00000269410	19	39916575	39919055
ENSG00000112561	6	41651716	41703997
ENSG00000169202	14	22070049	22070976
ENSG00000242393	Y	23670185	23672356
ENSG00000261261	16	52656027	52665000
ENSG00000261112	HG7_PATCH	142343262	142343994
ENSG00000269792	19	40023052	40025062
ENSG00000252341	5	10292153	10292260
ENSG00000271368	7	109403631	109404414
ENSG00000230865	17	17359741	17360573
ENSG00000234548	3	186158134	186168485
ENSG00000269584	19	40025103	40025661
ENSG00000237064	7	109599275	109600241
ENSG00000256385	14	22080078	22080535
ENSG00000260204	HG7_PATCH	142357299	142357998
ENSG00000252671	5	10337389	10337498
ENSG00000115232	2	182321929	182400914
ENSG00000256551	12	128571530	128602677
ENSG00000232199	7	109638491	109639681
ENSG00000234337	16	52689216	52689962
ENSG00000250358	5	111964133	111967797
ENSG00000261117	2	12855541	12856353
ENSG00000269588	19	40043674	40045996
ENSG00000255664	14	22117944	22118553
ENSG00000147403	X	153618315	153637504
ENSG00000226965	7	110072296	110174811
ENSG00000260424	HG7_PATCH	142360432	142361115
ENSG00000259171	14	21152746	21168735
ENSG00000133265	19	55773599	55791749
ENSG00000170558	18	25530930	25757410
ENSG00000180636	14	22138203	22139150
ENSG00000269188	19	40074682	40077129
ENSG00000228540	7	110364215	110365881
ENSG00000260050	HG7_PATCH	142368231	142368981
ENSG00000260326	16	52968725	52969547
ENSG00000181035	19	19174808	19223697
ENSG00000259802	5	10352813	10353713
ENSG00000100714	14	64854749	64926722
ENSG00000221279	7	110568374	110568453
ENSG00000228257	Y	23693725	23695897
ENSG00000173914	11	66432469	66445392
ENSG00000238922	7	110749324	110749413
ENSG00000260076	HG7_PATCH	142387533	142388029
ENSG00000243621	7	111034931	111035099
ENSG00000181562	14	21214051	21216539
ENSG00000260258	16	52976051	52977376
ENSG00000256350	14	22167176	22167373
ENSG00000256659	12	128602762	128606497
ENSG00000226614	HSCHR6_MHC_COX	33089852	33093846
ENSG00000227948	7	111051375	111051939
ENSG00000260767	HG7_PATCH	142396838	142397350
ENSG00000014216	11	64948037	64979477
ENSG00000248358	14	22183018	22184486
ENSG00000260939	16	53044307	53045198
ENSG00000227989	Y	23717738	23719956
ENSG00000225572	7	111448572	111461829
ENSG00000240954	14	22218553	22219830
ENSG00000264370	2	12877493	12877570
ENSG00000261913	HG7_PATCH	142406772	142408166
ENSG00000250045	5	112113327	112113858
ENSG00000265061	12	128729051	128729118
ENSG00000261550	16	53069602	53086785
ENSG00000149932	16	29952206	29984373
ENSG00000260486	HG7_PATCH	142411213	142411717
ENSG00000212370	5	112114060	112114166
ENSG00000199594	3	37181818	37181921
ENSG00000261291	16	53202434	53203362
