ENSG00000219545	7	7680342	8043689
ENSG00000206472	HSCHR6_MHC_MCF	29393060	29424633
ENSG00000265447	HG883_PATCH	26771082	26772582
ENSG00000135063	9	71939488	72007371
ENSG00000140464	15	74287014	74340153
ENSG00000263266	HG883_PATCH	26794841	26795425
ENSG00000109881	11	27352374	27385415
ENSG00000101546	18	77794358	77806397
ENSG00000110917	12	121124672	121139667
ENSG00000206471	HSCHR6_MHC_MCF	29424743	29431890
ENSG00000136709	2	128458596	128568761
ENSG00000205592	12	40787197	40964632
ENSG00000106415	7	8008425	8133902
ENSG00000172425	11	118398187	118401912
ENSG00000168884	4	2743375	2758103
ENSG00000135324	6	84743475	84800600
ENSG00000236561	HSCHR6_MHC_SSTO	29624456	29639844
ENSG00000206470	HSCHR6_MHC_MCF	29454259	29455523
ENSG00000105518	19	11453452	11457194
ENSG00000160801	3	46919236	46945287
ENSG00000159239	2	74641304	74648718
ENSG00000107282	9	72042446	72287222
ENSG00000101745	18	9136226	9285983
ENSG00000090863	16	74485856	74641012
ENSG00000260170	15	45879549	45968512
ENSG00000176919	9	139839698	139841426
ENSG00000175970	12	121148238	121161443
ENSG00000168890	2	85825671	85830319
ENSG00000239532	4	37822983	37823460
ENSG00000249863	4	37869913	37871599
ENSG00000227325	4	37962056	37962665
ENSG00000205213	11	27387508	27494322
ENSG00000259030	1	74663919	75009666
ENSG00000251332	4	37997115	37997824
ENSG00000050438	12	51785101	51902980
ENSG00000249649	4	38008405	38008726
ENSG00000221495	4	38240234	38240317
ENSG00000101544	18	77866915	77905406
ENSG00000251642	4	38288615	38289112
ENSG00000261946	HG348_PATCH	94706846	94732679
ENSG00000248227	4	38368535	38387380
ENSG00000139990	14	69517598	69619867
ENSG00000244731	6	31949801	31970458
ENSG00000152767	13	98794816	99102027
ENSG00000249534	4	38422283	38524801
ENSG00000135315	6	84833960	84937353
ENSG00000249667	4	38511388	38519677
ENSG00000262258	HG348_PATCH	94758423	94760761
ENSG00000251635	4	38565624	38572292
ENSG00000262340	HG348_PATCH	94607217	94658686
ENSG00000183513	2	99215773	99224978
ENSG00000226404	HSCHR6_MHC_DBB	31626644	31634001
ENSG00000231160	4	38614322	38666504
ENSG00000176797	8	7738726	7740186
ENSG00000136011	12	103981051	104160505
ENSG00000188647	9	72324438	72374875
ENSG00000005448	2	74648805	74652882
ENSG00000184925	9	139844003	139849949
ENSG00000171711	8	7752151	7754233
ENSG00000172059	2	10182976	10194963
ENSG00000171208	16	47111614	47177908
ENSG00000103415	16	4524691	4560348
ENSG00000215356	8	7783859	7812271
ENSG00000037241	5	172385732	172396774
ENSG00000115446	2	99225042	99234978
ENSG00000104679	8	23127633	23153792
ENSG00000121318	12	10977916	10978957
ENSG00000268955	8	8046158	8046331
ENSG00000128791	18	9334765	9402418
ENSG00000137767	15	45923346	45983492
ENSG00000231887	12	11033610	11036854
ENSG00000100442	14	45584803	45604522
ENSG00000212128	12	11060525	11062161
ENSG00000204711	9	72435709	72521148
ENSG00000198454	9	139863695	139866442
ENSG00000182319	8	8175258	8244008
ENSG00000163249	2	208576264	208626563
ENSG00000134551	12	11081835	11084940
ENSG00000143545	1	153954127	153958834
ENSG00000170571	5	49692026	49739082
ENSG00000253958	8	8559448	8561616
ENSG00000146676	7	44915896	44924960
ENSG00000017797	18	9475007	9538114
ENSG00000010319	3	52467069	52479101
ENSG00000147324	8	8640864	8751155
ENSG00000064042	4	41361624	41702061
ENSG00000149582	11	118401756	118417995
ENSG00000003147	7	8152814	8302317
ENSG00000122971	12	121163538	121177811
ENSG00000163754	3	148709128	148745419
ENSG00000172336	7	100303676	100305118
ENSG00000116783	1	74663947	75010112
ENSG00000228177	HSCHR6_MHC_MANN	31665567	31668042
ENSG00000074935	6	112391980	112408732
ENSG00000107317	9	139871956	139879887
ENSG00000138286	10	74927924	75004262
ENSG00000165072	9	72658497	72841886
ENSG00000105697	19	35771619	35776046
ENSG00000130427	7	100318423	100321323
ENSG00000261844	HG348_PATCH	94646212	94646931
ENSG00000126457	19	50179043	50192286
ENSG00000263346	HG348_PATCH	94745023	94745697
ENSG00000212127	12	11090005	11324172
ENSG00000262799	HG348_PATCH	94770647	94771621
ENSG00000263291	HG348_PATCH	94773581	94774736
ENSG00000261874	HG348_PATCH	94782587	94784110
ENSG00000161204	3	183903811	183911800
ENSG00000183401	19	11455360	11465620
ENSG00000154370	1	228581374	228594541
ENSG00000139797	13	98828039	98829519
ENSG00000101004	20	25433341	25566153
ENSG00000263465	HG348_PATCH	94800157	94801323
ENSG00000136286	7	45002261	45018697
ENSG00000104626	8	8859657	8974256
ENSG00000212126	12	11138512	11139511
ENSG00000151917	6	56819773	56892140
ENSG00000255837	12	11149094	11150474
ENSG00000267270	18	77905807	77936315
ENSG00000223932	HSCHR6_MHC_MANN	31668499	31673553
ENSG00000212124	12	11174218	11175219
ENSG00000169188	X	55026790	55035490
ENSG00000184154	11	71791382	71821828
ENSG00000256436	12	11182986	11184006
ENSG00000268301	12	11187087	11187275
ENSG00000226761	12	11213964	11214893
ENSG00000262170	HSCHR5_1_CTG1	68969494	68998376
ENSG00000255374	12	11243886	11244912
ENSG00000256188	12	11285557	11287243
ENSG00000178184	18	77915115	78005429
ENSG00000214402	9	139876356	139880862
ENSG00000186136	12	11338599	11339543
ENSG00000089486	16	4560676	4588829
ENSG00000157837	12	121200313	121342174
ENSG00000119977	10	97423158	97453900
ENSG00000262352	18	11103	15928
ENSG00000263305	18	14195	16898
ENSG00000105695	19	35783028	35804707
ENSG00000262181	18	45004	45556
ENSG00000148362	9	139886870	139888436
ENSG00000262081	18	80140	88570
ENSG00000113732	5	172410760	172462448
ENSG00000198887	9	72873937	72969804
ENSG00000257421	HSCHR6_MHC_MANN	31670223	31701614
ENSG00000263006	18	109065	122219
ENSG00000263884	18	268148	270278
ENSG00000183111	5	148931510	149014531
ENSG00000264514	18	316737	319165
ENSG00000264433	18	316740	317366
ENSG00000162931	1	228595641	228604562
ENSG00000007314	17	62015914	62050278
ENSG00000102572	13	99102455	99230194
ENSG00000170191	20	25593571	25604811
ENSG00000265477	18	423744	424416
ENSG00000259752	15	47425693	47426320
ENSG00000169855	3	78646390	79816965
ENSG00000264265	18	508568	515294
ENSG00000169583	9	139889087	139891255
ENSG00000162621	1	74935562	74978298
ENSG00000081177	14	69658228	69709075
ENSG00000142173	21	47518011	47552763
ENSG00000215020	10	48255279	48279199
ENSG00000232960	HSCHR6_MHC_MANN	31672506	31677613
ENSG00000133028	17	10583654	10601692
ENSG00000130684	20	25654851	25677477
ENSG00000205832	16	4606491	4650715
ENSG00000148943	11	27516123	27528320
ENSG00000135454	12	58017193	58027138
ENSG00000164463	5	172483355	172566291
ENSG00000241607	X	37300776	37301321
ENSG00000165388	10	48355024	48373866
ENSG00000219186	X	37351274	37351801
ENSG00000178965	1	75033795	75139422
ENSG00000234355	X	37364563	37365113
ENSG00000119138	9	72999503	73029540
ENSG00000174678	X	37400330	37404515
ENSG00000158156	1	28285973	28294607
ENSG00000206983	X	37729362	37729468
ENSG00000231488	HSCHR6_MHC_DBB	31636901	31653368
ENSG00000259977	X	37765400	37808658
ENSG00000108387	17	56597611	56618179
ENSG00000168148	1	228612546	228613026
ENSG00000224339	X	37805137	37806028
ENSG00000175170	20	25744102	25848861
ENSG00000129636	16	47188298	47498060
ENSG00000229674	X	37853597	37854043
ENSG00000181218	1	228645065	228645560
ENSG00000153443	16	4658884	4665028
ENSG00000221466	X	37883148	37883239
ENSG00000226679	X	38080644	38082920
ENSG00000204618	6	30038043	30043664
ENSG00000252050	X	38167365	38167494
ENSG00000227988	X	38254622	38255148
ENSG00000206466	HSCHR6_MHC_MCF	29523204	29600766
ENSG00000196890	1	228645808	228646259
ENSG00000170222	17	10600911	10614550
ENSG00000232370	X	38338468	38339166
ENSG00000087266	4	2794750	2842825
ENSG00000229735	X	38344005	38344517
ENSG00000197870	12	11418857	11422739
ENSG00000233007	X	38391176	38393427
ENSG00000232962	HSCHR6_MHC_COX	32894248	32899682
ENSG00000238606	X	38467468	38467529
ENSG00000168159	1	228674762	228683467
ENSG00000235806	X	38629584	38658911
ENSG00000238123	X	38660821	38663136
ENSG00000207122	X	38940433	38940538
ENSG00000224610	X	39085356	39159040
ENSG00000071073	2	99235569	99347589
ENSG00000235304	X	39164210	39186616
ENSG00000155465	14	23242431	23299029
ENSG00000236747	X	39226539	39251028
ENSG00000234191	X	39260506	39294078
ENSG00000114854	3	52485118	52488086
ENSG00000149531	20	29611857	29634010
ENSG00000203778	6	112408802	112423993
ENSG00000263730	X	39520470	39520575
ENSG00000264618	X	39645780	39646077
ENSG00000258543	HSCHR6_MHC_MANN	31673372	31679720
ENSG00000177954	1	153963235	153964626
ENSG00000187790	14	45605143	45670093
ENSG00000228232	X	39646386	39647390
ENSG00000270759	X	39650834	39651158
ENSG00000261435	X	39696790	39707612
ENSG00000176697	11	27676440	27743605
ENSG00000116574	1	228870824	228882416
ENSG00000263972	X	39696815	39696867
ENSG00000205795	2	10196907	10221071
ENSG00000240433	HSCHR6_MHC_MANN	31677649	31680816
ENSG00000187824	17	10602332	10633633
ENSG00000266733	17	28884130	28890511
ENSG00000177800	1	229385383	229387557
ENSG00000088386	13	99336055	99404908
ENSG00000228883	HSCHR6_MHC_MANN	31683954	31691310
ENSG00000147804	8	145635126	145642279
ENSG00000116791	1	75171170	75199092
ENSG00000233502	2	10223908	10226228
ENSG00000115657	2	220074490	220083712
ENSG00000169738	17	79993012	79995608
ENSG00000176170	17	74372665	74383941
ENSG00000168118	1	229406822	229441641
ENSG00000158161	1	28296855	28415207
ENSG00000114993	2	74652963	74669549
ENSG00000159289	15	74362198	74374891
ENSG00000224420	19	50191921	50193832
ENSG00000234669	HSCHR6_MHC_SSTO	29639864	29658187
ENSG00000105520	19	11466062	11476374
ENSG00000171848	2	10262455	10271545
ENSG00000224383	17	62075711	62081664
ENSG00000215547	20	29845467	29847435
ENSG00000213029	1	229440129	229441248
ENSG00000215545	20	29891015	29896388
ENSG00000012124	19	35810164	35838258
ENSG00000214047	X	39724678	39725142
ENSG00000163251	2	208627310	208634287
ENSG00000223486	X	39868529	39871435
ENSG00000131068	20	29956421	29961726
ENSG00000236393	X	40122170	40146973
ENSG00000166159	12	1929433	1945918
ENSG00000151789	3	21459915	22414812
ENSG00000238920	X	40144349	40144452
ENSG00000154429	1	229456758	229479041
ENSG00000214045	X	40218436	40219979
ENSG00000206677	X	40352092	40352192
ENSG00000235685	X	40374147	40374760
ENSG00000180483	20	29964967	29978406
ENSG00000154845	18	9546789	9615238
ENSG00000238730	X	40394754	40394815
ENSG00000107618	10	48381487	48390991
ENSG00000238205	X	40482836	40483112
ENSG00000234636	X	40594652	40597950
ENSG00000270791	X	40617736	40618303
ENSG00000214031	X	40619357	40620523
ENSG00000158578	X	55035488	55057497
ENSG00000237661	X	40691097	40691815
ENSG00000213551	10	74943120	75008620
ENSG00000010322	3	52489134	52527087
ENSG00000238222	X	40693738	40695258
ENSG00000178385	2	208693027	208890284
ENSG00000232801	X	40749900	40750790
ENSG00000268537	3	46927699	46930171
ENSG00000189145	X	40767237	40767644
ENSG00000162623	1	75198836	75232362
ENSG00000216866	X	40794198	40795117
ENSG00000237931	X	40936252	40937003
ENSG00000269941	X	41092886	41093536
ENSG00000102858	16	4666494	4740975
ENSG00000143632	1	229566992	229569845
ENSG00000223714	X	41134992	41136031
ENSG00000199564	X	41152051	41152169
ENSG00000238426	X	41175741	41175842
ENSG00000102393	X	100652791	100662913
ENSG00000226641	X	41181854	41182364
ENSG00000122584	7	8473585	8792593
ENSG00000264573	X	41204835	41205129
ENSG00000229698	HSCHR6_MHC_SSTO	29687514	29703210
ENSG00000225238	X	41331517	41331906
ENSG00000160799	3	46963216	47023500
ENSG00000080823	14	102690837	102771537
ENSG00000169403	1	28473677	28520447
ENSG00000168116	6	56911347	56920023
ENSG00000180822	6	3231637	3303607
ENSG00000189043	7	10971578	10979883
ENSG00000108064	10	60144782	60158981
ENSG00000167178	15	74392652	74430881
ENSG00000176390	17	29096406	29151794
ENSG00000162624	1	75594119	75627218
ENSG00000262305	HSCHR5_1_CTG1	69004901	69022788
ENSG00000232941	8	52730143	52730969
ENSG00000126698	1	28525967	28559536
ENSG00000065613	10	105726959	105788991
ENSG00000151065	12	2055220	2113701
ENSG00000182247	3	23244511	23633284
ENSG00000134013	8	23154702	23282841
ENSG00000204548	20	29992648	30000641
ENSG00000230657	12	11460017	11463369
ENSG00000160948	8	145649000	145653931
ENSG00000180424	20	30028322	30038060
ENSG00000143552	1	153965161	154127592
ENSG00000169169	19	50194155	50216988
ENSG00000215306	14	23286463	23291750
ENSG00000180383	20	30053309	30064560
ENSG00000251655	12	11504757	11548500
ENSG00000069424	1	6051526	6161253
ENSG00000122870	10	60272900	60591195
ENSG00000088320	20	30063096	30072708
ENSG00000069248	1	229577045	229644103
ENSG00000112200	6	56951642	57035105
ENSG00000107331	9	139901686	139923367
ENSG00000168411	16	74655292	74700779
ENSG00000147488	8	53023399	53373519
ENSG00000112769	6	112429963	112576141
ENSG00000121335	12	11544476	11653975
ENSG00000049656	5	1317859	1345214
ENSG00000172590	14	23299088	23304246
ENSG00000137872	15	47476298	48066420
ENSG00000102893	16	47495034	47735434
ENSG00000176177	22	40139049	40289868
ENSG00000168101	16	4743695	4745860
ENSG00000118096	11	118415243	118443685
ENSG00000105784	7	87256864	87461611
ENSG00000197217	8	23243296	23315208
ENSG00000233033	X	41379289	41381589
ENSG00000137968	1	75667816	76076801
ENSG00000212207	X	41430176	41430282
ENSG00000095002	2	47630108	47789450
ENSG00000115233	2	162164549	162268228
ENSG00000265741	X	41496727	41497012
ENSG00000217624	X	41535013	41535747
ENSG00000168404	16	74705753	74734858
ENSG00000138674	4	83739814	83822319
ENSG00000242559	X	41542424	41542719
ENSG00000145103	3	121706170	121741051
ENSG00000160282	21	47556176	47575481
ENSG00000229822	X	41607475	41607861
ENSG00000237875	X	41649445	41649503
ENSG00000251807	X	41778507	41778602
ENSG00000224552	HSCHR6_MHC_MANN	31694219	31710687
ENSG00000233103	X	41907136	41914089
ENSG00000155846	5	149109861	149234585
ENSG00000228847	X	41958007	41958426
ENSG00000212560	X	41998678	41998783
ENSG00000228780	X	42009764	42009997
ENSG00000206896	X	42033532	42033638
ENSG00000100351	22	40297086	40369725
ENSG00000231772	X	42111712	42558636
ENSG00000102055	X	42636722	42637330
ENSG00000270280	X	42859423	42859645
ENSG00000126945	X	100663283	100669121
ENSG00000224294	X	43036243	43085847
ENSG00000237206	X	43137374	43138907
ENSG00000231750	X	43266914	43267808
ENSG00000236276	X	43808978	43828866
ENSG00000214019	X	43888578	43890167
ENSG00000071794	3	148747914	148804341
ENSG00000198414	X	44143162	44145492
ENSG00000268217	5	72894203	72896845
ENSG00000214018	X	44168560	44169722
ENSG00000002745	7	120965421	120981158
ENSG00000200702	X	44260849	44260950
ENSG00000238269	X	55101496	55105342
ENSG00000224054	X	44325937	44328201
ENSG00000103089	16	74746853	74808729
ENSG00000215035	X	44335273	44336668
ENSG00000118231	2	208986331	208989225
ENSG00000233670	17	10725792	10741762
ENSG00000252120	X	44436600	44436684
ENSG00000256825	12	133707570	133778955
ENSG00000233543	X	44492938	44494478
ENSG00000139083	12	11802788	12048336
ENSG00000163254	2	208992861	208994554
ENSG00000229168	X	44508375	44508965
ENSG00000234068	X	55115441	55119275
ENSG00000214016	X	44600333	44601210
ENSG00000196440	X	100673275	100788446
ENSG00000242065	X	44632021	44632307
ENSG00000252113	X	44744751	44744811
ENSG00000106443	7	11013499	11209250
ENSG00000182187	2	209007297	209010892
ENSG00000229491	X	45042496	45193162
ENSG00000215902	1	28527013	28527152
ENSG00000269804	1	28527070	28527419
ENSG00000196937	7	120988905	121036418
ENSG00000160796	3	47021173	47051193
ENSG00000168582	2	209025464	209028300
ENSG00000151883	5	49961733	50142356
ENSG00000168883	2	85829979	85876403
ENSG00000130770	1	28562620	28573417
ENSG00000121621	11	28042167	28129855
ENSG00000101294	20	30102231	30157370
ENSG00000133477	22	40390953	40439533
ENSG00000112837	6	85397069	85474237
ENSG00000160949	8	145654165	145669827
ENSG00000135776	1	229652329	229694442
ENSG00000108622	17	62079954	62097994
ENSG00000188674	2	209030067	209054797
ENSG00000088387	13	99445741	99738879
ENSG00000188803	17	11144580	11467380
ENSG00000149357	11	71796941	71814433
ENSG00000168461	18	9708162	9862548
ENSG00000130766	1	28586038	28609002
ENSG00000196711	8	53446597	53478067
ENSG00000100626	14	69725994	69821183
ENSG00000222174	18	586517	586850
ENSG00000168096	16	4746513	4784379
ENSG00000103091	16	74907468	75034071
ENSG00000239158	18	603166	603258
ENSG00000266456	18	650229	652843
ENSG00000263727	18	653985	657259
ENSG00000265490	18	706523	707648
ENSG00000266171	18	735746	737459
ENSG00000264635	18	738058	739662
ENSG00000264339	18	738058	739444
ENSG00000206687	18	797990	798136
ENSG00000273355	18	813275	813757
ENSG00000266575	18	832239	832470
ENSG00000264179	18	856527	857046
ENSG00000262261	HSCHR5_1_CTG1	69477955	69510579
ENSG00000265671	18	894436	907681
ENSG00000237782	X	45240772	45241325
ENSG00000265179	18	902767	906668
ENSG00000229563	X	45364633	45489447
ENSG00000255748	12	133787246	133787772
ENSG00000259837	18	926084	927994
ENSG00000272461	18	962593	976884
ENSG00000169519	11	28129795	28355054
ENSG00000214282	X	45491537	45492978
ENSG00000173928	19	11485361	11487627
ENSG00000263551	18	976590	1174824
ENSG00000204915	X	45590241	45591177
ENSG00000227059	12	133794898	133812681
ENSG00000270069	X	45604639	45629677
ENSG00000168454	18	9885763	9889272
ENSG00000087274	4	2845584	2931803
ENSG00000207870	X	45605585	45605694
ENSG00000263505	18	1159199	1160405
ENSG00000135801	1	229728858	229761794
ENSG00000106278	7	121513143	121702090
ENSG00000266251	18	1176791	1177013
ENSG00000095139	11	118443105	118473748
ENSG00000170142	3	23847394	23932807
ENSG00000233095	HSCHR6_MHC_SSTO	29791438	29795610
ENSG00000182180	10	75006510	75012451
ENSG00000132204	18	1254384	1408345
ENSG00000138413	2	209100951	209130798
ENSG00000187266	19	11488236	11495018
ENSG00000160284	21	47581062	47604390
ENSG00000023287	8	53535016	53658403
ENSG00000180539	9	139921916	139931234
ENSG00000182255	11	30031288	30038570
ENSG00000180549	9	139924626	139927462
ENSG00000135318	6	86159809	86205500
ENSG00000131808	11	30252563	30256808
ENSG00000249054	12	67607	69138
ENSG00000135763	1	229761981	229795946
ENSG00000113734	5	172571445	172591390
ENSG00000100354	22	40440821	40731812
ENSG00000146839	7	100331249	100395419
ENSG00000110200	11	71817424	71823826
ENSG00000199197	18	1323795	1324086
ENSG00000263396	18	1357652	1357943
ENSG00000238823	12	73185	73322
ENSG00000176208	17	29158988	29222887
ENSG00000265417	18	1362446	1363874
ENSG00000130772	1	28655513	28662476
ENSG00000226210	12	73725	91218
ENSG00000107281	9	139933922	139940655
ENSG00000266602	18	1509184	1647098
ENSG00000152219	11	30344598	30359774
ENSG00000266450	18	1655178	1779956
ENSG00000264080	18	1780330	1782065
ENSG00000101558	18	9913999	9960018
ENSG00000197885	3	23933151	23988082
ENSG00000263745	18	1883525	2240847
ENSG00000126266	19	35842445	35843367
ENSG00000117054	1	76190036	76253260
ENSG00000121380	12	12202778	12364018
ENSG00000196872	2	99410309	99552722
ENSG00000185897	19	35849362	35851387
ENSG00000264189	18	1927728	1929095
ENSG00000257782	HSCHR6_MHC_MANN	31697638	31859776
ENSG00000238575	18	2555357	2555491
ENSG00000266783	18	2561171	2562219
ENSG00000264150	18	2568391	2569121
ENSG00000214944	5	72921983	73237818
ENSG00000066382	11	30406040	30608419
ENSG00000126251	19	35861831	35863855
ENSG00000235422	18	2593673	2594912
ENSG00000239741	HSCHR6_MHC_MANN	31714135	31725073
ENSG00000202224	18	2621089	2621200
ENSG00000204138	1	28696114	28826881
ENSG00000200875	18	2649760	2649866
ENSG00000248540	15	74418256	74421619
ENSG00000266405	18	2652169	2655394
ENSG00000132915	5	149237519	149324356
ENSG00000139722	12	123349882	123380991
ENSG00000266049	18	2688562	2833063
ENSG00000126262	19	35934809	35942669
ENSG00000143641	1	230193536	230417870
ENSG00000238425	18	2774872	2774961
ENSG00000207034	18	2778939	2779055
ENSG00000272625	18	2920964	2921683
ENSG00000263606	18	2945548	2946888
ENSG00000182518	X	55169535	55187743
ENSG00000129009	15	74466012	74469213
ENSG00000126947	X	100805514	100809683
ENSG00000265907	18	2948236	2960754
ENSG00000266397	18	2967016	2985408
ENSG00000188508	19	35978226	35986460
ENSG00000157227	14	23305766	23318236
ENSG00000264186	18	2990650	2991076
ENSG00000252258	18	3025432	3025564
ENSG00000268332	1	6100630	6101399
ENSG00000252353	18	3093566	3093627
ENSG00000054179	9	139942550	139948497
ENSG00000265399	18	3190395	3247275
ENSG00000272688	18	3246399	3247084
ENSG00000264235	18	3255434	3261848
ENSG00000205517	19	11495017	11530018
ENSG00000243003	HSCHR6_MHC_DBB	31656815	31667754
ENSG00000266578	18	3284143	3327290
ENSG00000259256	18	3347774	3350557
ENSG00000165443	10	60936350	61007534
ENSG00000223980	HSCHR6_MHC_SSTO	29897513	29902154
ENSG00000240364	18	3377914	3378245
ENSG00000145012	3	187871072	188608460
ENSG00000198960	X	100870110	100872991
ENSG00000265243	18	3394887	3395310
ENSG00000166246	16	4784273	4799397
ENSG00000136280	7	45039074	45116068
ENSG00000243720	18	3406340	3406816
ENSG00000259101	HSCHR6_MHC_DBB	31656856	31667868
ENSG00000083067	9	73143979	74061820
ENSG00000263460	18	3415143	3415578
ENSG00000238863	18	3424257	3424347
ENSG00000075303	7	87462883	87505672
ENSG00000147454	8	23386318	23432976
ENSG00000177614	1	230457392	230561475
ENSG00000186193	9	139956581	139965040
ENSG00000266835	18	3466248	3478976
ENSG00000237482	HSCHR6_MHC_DBB	31662286	31663762
ENSG00000003509	2	37458774	37480546
ENSG00000183729	8	53850991	53853677
ENSG00000241223	18	3571214	3571509
ENSG00000238445	18	3572938	3573041
ENSG00000239900	22	40742507	40786467
ENSG00000266373	18	3580167	3580752
ENSG00000234443	HSCHR6_MHC_DBB	31665306	31667754
ENSG00000137266	6	3269196	3457256
ENSG00000177337	18	3593730	3598350
ENSG00000170959	11	30851916	31391357
ENSG00000082556	8	54138284	54164257
ENSG00000174748	3	23958036	23965183
ENSG00000256045	X	55207824	55208944
ENSG00000261932	HSCHR5_1_CTG1	69966745	70078950
ENSG00000258635	HSCHR6_MHC_MANN	31714176	31725187
ENSG00000103199	16	4798240	4817625
ENSG00000197355	9	139971953	139978991
ENSG00000236210	HSCHR6_MHC_MANN	31719609	31721085
ENSG00000158639	X	55246788	55250541
ENSG00000188467	15	48413169	48434869
ENSG00000085982	2	234384166	234475428
ENSG00000224393	HSCHR6_MHC_DBB	31668544	31676660
ENSG00000204616	6	30070674	30080883
ENSG00000225993	HSCHR6_MHC_MANN	31722629	31725073
ENSG00000160285	21	47608055	47648738
ENSG00000268085	8	23412287	23420651
ENSG00000007174	17	11501748	11873065
ENSG00000215298	8	23430157	23432974
ENSG00000102401	X	100877787	100882833
ENSG00000135775	1	230778235	230829728
ENSG00000167034	8	23536206	23540440
ENSG00000268996	9	139980807	139981121
ENSG00000262001	18	3602998	3608334
ENSG00000266401	18	3653410	3656282
ENSG00000266513	18	3770017	3771430
ENSG00000238790	18	3811317	3811420
ENSG00000263724	18	3878180	3897069
ENSG00000180053	8	23559964	23564111
ENSG00000228090	HSCHR6_MHC_MANN	31725863	31733980
ENSG00000116254	1	6161853	6240183
ENSG00000207278	18	3894699	3894805
ENSG00000263878	18	3962353	4013943
ENSG00000140623	16	4827670	4838522
ENSG00000112208	6	57037124	57054631
ENSG00000159167	8	23699428	23712320
ENSG00000126467	19	50243010	50266587
ENSG00000250933	18	3977649	3978615
ENSG00000005108	7	11409984	11871824
ENSG00000261520	18	4264602	4295405
ENSG00000215615	GL000218.1	38792	97421
ENSG00000136535	2	162272605	162282381
ENSG00000134588	X	132158659	132231137
ENSG00000010327	3	52529354	52558511
ENSG00000204279	X	55284848	55291279
ENSG00000146006	5	138204612	138211057
ENSG00000129534	14	45672393	45722743
ENSG00000183434	X	132350697	132352376
ENSG00000135506	12	58087738	58115340
ENSG00000177239	9	139981379	140003635
ENSG00000112210	6	57053607	57087078
ENSG00000137955	1	76251879	76260764
ENSG00000135744	1	230838269	230850043
ENSG00000076716	X	132434131	132549518
ENSG00000150967	12	123405498	123466196
ENSG00000134882	13	99853028	100038688
ENSG00000233795	HSCHR6_MHC_SSTO	30016261	30022268
ENSG00000183072	5	172659112	172662360
ENSG00000115825	2	37477645	37551951
ENSG00000100359	22	40766595	40806293
ENSG00000156042	10	75013517	75118617
ENSG00000176695	19	107471	111696
ENSG00000138185	10	97471536	97637023
ENSG00000154856	18	10454625	10489945
ENSG00000196961	19	50270225	50310370
ENSG00000104177	15	48431625	48470714
ENSG00000165609	10	12207324	12238143
ENSG00000197324	14	23340822	23350789
ENSG00000141934	19	281040	291393
ENSG00000113739	5	172741716	172756506
ENSG00000135773	1	230883130	230937749
ENSG00000120725	5	138282409	138629246
ENSG00000042980	8	24151553	24216531
ENSG00000235452	HSCHR6_MHC_MANN	31725917	31729114
ENSG00000047249	8	54628117	54756118
ENSG00000125245	13	99906968	99913998
ENSG00000019144	11	118477155	118528741
ENSG00000169508	13	99946784	99959659
ENSG00000145919	5	173034517	173043663
ENSG00000134265	18	10525902	10552758
ENSG00000256263	12	92239	93430
ENSG00000206114	12	147073	149350
ENSG00000065618	10	105791044	105845760
ENSG00000256948	12	215690	221016
ENSG00000105556	19	305575	344798
ENSG00000249695	12	246577	258335
ENSG00000180626	17	5082831	5095178
ENSG00000233076	HSCHR6_MHC_MANN	31734308	31737887
ENSG00000125304	13	100153671	100216260
ENSG00000256694	12	273830	275487
ENSG00000174738	3	23986751	24022109
ENSG00000256540	12	276022	291565
ENSG00000119280	1	230972865	231005335
ENSG00000164924	8	101928753	101965616
ENSG00000176978	9	140004994	140009629
ENSG00000161929	17	5112256	5138155
ENSG00000057468	1	76262567	76378923
ENSG00000100632	14	69846848	69865344
ENSG00000175931	17	74385532	74449288
ENSG00000267795	16	4838398	4846492
ENSG00000143549	1	154127784	154167124
ENSG00000214106	7	154720208	154741618
ENSG00000170946	11	31391387	31453396
ENSG00000264246	18	4430945	4431152
ENSG00000163009	2	10281509	10351851
ENSG00000110203	11	71825915	71850936
ENSG00000241635	2	234526291	234681956
ENSG00000265545	18	4459230	4459458
ENSG00000154007	1	76384558	76398116
ENSG00000266268	18	4775053	5004536
ENSG00000151240	10	320130	735683
ENSG00000222463	18	4988091	4988168
ENSG00000257328	HSCHR6_MHC_COX	28478550	28503695
ENSG00000264775	18	5002758	5003253
ENSG00000139890	14	23352374	23356895
ENSG00000237829	HSCHR6_MHC_SSTO	30024068	30027692
ENSG00000265514	18	5081181	5095814
ENSG00000215368	18	5132748	5133228
ENSG00000187601	X	55478538	55479998
ENSG00000266153	18	5159331	5171025
ENSG00000184005	1	76540404	77100286
ENSG00000125246	13	100258919	100549387
ENSG00000265091	18	5232875	5238525
ENSG00000115756	2	10443015	10567743
ENSG00000247746	X	55511049	55515635
ENSG00000105549	19	361750	376013
ENSG00000264575	18	5236723	5238597
ENSG00000257770	HSCHR6_MHC_COX	28493789	28502728
ENSG00000135951	2	99613724	99771427
ENSG00000206468	HSCHR6_MHC_MCF	29523204	29527517
ENSG00000189299	X	55649833	55652621
ENSG00000263753	18	5232875	5246507
ENSG00000114013	3	121774213	121839983
ENSG00000173349	2	128458597	128461385
ENSG00000206467	HSCHR6_MHC_MCF	29555489	29556551
ENSG00000230467	HSCHR6_MHC_SSTO	30027625	30033246
ENSG00000265188	18	5240254	5241166
ENSG00000148950	11	31453948	31531192
ENSG00000106460	7	12250867	12282993
ENSG00000264254	18	5310395	5317663
ENSG00000029725	17	5185558	5289129
ENSG00000110195	11	71900602	71907345
ENSG00000117069	1	77333126	77531396
ENSG00000266288	18	5381640	5385329
ENSG00000265316	18	5463626	5480974
ENSG00000252576	18	5558188	5558272
ENSG00000083750	X	55744172	55785207
ENSG00000264000	18	5567129	5570941
ENSG00000204614	6	30103885	30116512
ENSG00000135048	9	74298282	74431606
ENSG00000070018	12	12268959	12419946
ENSG00000252572	18	5579413	5579484
ENSG00000252432	18	5661944	5662049
ENSG00000115020	2	209130991	209223475
ENSG00000147257	X	132669773	133119922
ENSG00000261738	18	5748818	5876327
ENSG00000140798	16	48116884	48189929
ENSG00000139800	13	100615218	100624163
ENSG00000272380	18	5840694	5840832
ENSG00000148541	10	61005890	61122939
ENSG00000264449	18	5887486	5909121
ENSG00000137868	15	74471807	74504608
ENSG00000248496	HSCHR6_MHC_COX	28539408	28555112
ENSG00000144231	2	128603840	128615731
ENSG00000265487	18	5956100	5960784
ENSG00000200637	18	6017722	6017838
ENSG00000266846	18	6025090	6082454
ENSG00000258247	12	95770984	95774672
ENSG00000043355	13	100634026	100639018
ENSG00000264707	18	6256746	6260933
ENSG00000184867	X	100910267	100914876
ENSG00000264058	17	38785049	38821393
ENSG00000169733	17	80005778	80009707
ENSG00000265628	18	6437063	6437337
ENSG00000199272	18	6454961	6455067
ENSG00000235552	18	6462143	6463014
ENSG00000143643	1	231041989	231114621
ENSG00000266065	18	6493419	6495667
ENSG00000257917	HSCHR6_MHC_COX	28731301	28731408
ENSG00000226651	HSCHR6_MHC_MANN	31737851	31747033
ENSG00000265174	18	6557821	6558653
ENSG00000113742	5	173315283	173388979
ENSG00000243591	18	6601539	6601834
ENSG00000255671	12	302202	303296
ENSG00000261627	18	6641970	6642477
ENSG00000266441	18	6728820	6729861
ENSG00000256577	12	312808	314189
ENSG00000067836	16	4846969	4852951
ENSG00000142892	1	77554675	77685115
ENSG00000255746	12	362608	366465
ENSG00000263797	18	6873398	6875023
ENSG00000109911	11	31531297	31805546
ENSG00000232641	HSCHR6_MHC_MCF	29624568	29639934
ENSG00000203952	X	133371077	133380237
ENSG00000265933	18	6919495	6929965
ENSG00000165457	11	71927645	71932994
ENSG00000204613	6	30119722	30128711
ENSG00000178607	17	62116502	62208179
ENSG00000008311	7	121715701	121784334
ENSG00000114480	3	81538850	81811312
ENSG00000109736	4	2932288	2936586
ENSG00000157212	7	154735397	154794794
ENSG00000264127	18	6926943	6928209
ENSG00000251897	18	6936911	6937019
ENSG00000265069	18	6954676	6957418
ENSG00000265890	18	6972707	6972988
ENSG00000265869	18	7064031	7064196
ENSG00000233932	15	48483736	48495953
ENSG00000109132	4	41746099	41750987
ENSG00000237071	HSCHR6_MHC_COX	28871599	28892590
ENSG00000264475	18	7076816	7080122
ENSG00000261799	12	383120	386289
ENSG00000263716	18	7134930	7135818
ENSG00000154864	18	10666480	11148587
ENSG00000256020	12	695031	695652
ENSG00000156531	X	133507283	133562820
ENSG00000238370	12	698696	698755
ENSG00000255825	12	699799	700435
ENSG00000177406	12	740057	772872
ENSG00000111142	12	95867296	95909615
ENSG00000242515	2	234545100	234681951
ENSG00000175198	13	100741269	101182686
ENSG00000256672	12	783967	793293
ENSG00000144233	2	128619204	128643496
ENSG00000221439	12	890299	890424
ENSG00000029364	14	69864732	69929105
ENSG00000250132	12	1083299	1100356
ENSG00000255633	6	62284008	62284534
ENSG00000265997	12	1119501	1119792
ENSG00000249028	12	1489226	1500668
ENSG00000267285	12	1494999	1496153
ENSG00000183186	19	405438	409139
ENSG00000249628	12	1609691	1616484
ENSG00000107362	9	74477368	74525847
ENSG00000233889	X	56100757	56102014
ENSG00000112232	6	62389865	62996132
ENSG00000266043	12	1769481	1769546
ENSG00000181013	17	56618948	56621729
ENSG00000109133	4	41937137	41962589
ENSG00000223858	HSCHR6_MHC_MCF	29639954	29648669
ENSG00000185056	5	173400782	173433143
ENSG00000224168	HSCHR6_MHC_SSTO	30060269	30070469
ENSG00000129673	17	74449433	74466199
ENSG00000154027	1	77747736	78025651
ENSG00000102349	X	56258854	56314322
ENSG00000129946	19	416583	460996
ENSG00000155621	9	74526426	74600970
ENSG00000036828	3	121902530	122005342
ENSG00000135317	6	86215214	86303874
ENSG00000165458	11	71934745	71950149
ENSG00000228859	HSCHR6_MHC_DBB	31668598	31671795
ENSG00000241119	2	234580499	234681946
ENSG00000010361	19	50310126	50320633
ENSG00000180198	1	28832455	28865812
ENSG00000234487	HSCHR6_MHC_MCF	29687668	29690477
ENSG00000120963	8	102190106	102218421
ENSG00000244122	2	234590584	234681945
ENSG00000074803	15	48483861	48596275
ENSG00000204669	9	74666292	74687733
ENSG00000136478	17	62224587	62340661
ENSG00000173409	1	231114727	231136341
ENSG00000213424	17	38810917	38821433
ENSG00000213132	3	187896331	187898598
ENSG00000181781	19	463346	474983
ENSG00000233931	HSCHR6_MHC_SSTO	30093487	30106107
ENSG00000087269	4	2939660	2965112
ENSG00000115758	2	10580094	10588630
ENSG00000134864	13	101183810	101241782
ENSG00000227317	HSCHR6_MHC_DBB	31676987	31680566
ENSG00000182118	1	231154704	231175992
ENSG00000147509	8	54764368	54871863
ENSG00000100461	14	23369854	23388393
ENSG00000235878	21	47612391	47613673
ENSG00000006634	7	87505531	87538856
ENSG00000099866	19	489176	505347
ENSG00000170091	5	173472607	173670504
ENSG00000163263	1	154171848	154178809
ENSG00000115828	2	37571717	37600465
ENSG00000230961	HSCHR6_MHC_MANN	31747261	31754696
ENSG00000196588	22	40806285	41032706
ENSG00000121101	17	56634039	56769416
ENSG00000083307	8	102504660	102681954
ENSG00000119283	1	231297858	231357302
ENSG00000198003	19	11531272	11546603
ENSG00000188001	3	188665003	189043093
ENSG00000271500	12	1804996	1807210
ENSG00000243663	12	1866397	1867177
ENSG00000256706	12	2027117	2032033
ENSG00000136715	2	128698791	128785694
ENSG00000036549	1	78028101	78149104
ENSG00000198225	6	63921351	63922929
ENSG00000165533	14	89290497	89344335
ENSG00000116251	1	6241329	6269449
ENSG00000172171	17	29224354	29233838
ENSG00000119125	9	74729511	74872109
ENSG00000196876	12	51984050	52206648
ENSG00000125247	13	101256181	101327347
ENSG00000146166	6	63985856	64029882
ENSG00000134028	8	24241798	24263526
ENSG00000142319	5	1392909	1445545
ENSG00000144290	2	162280843	162841792
ENSG00000180098	1	28879597	28905051
ENSG00000212626	18	7301018	7301151
ENSG00000221631	18	7738109	7738223
ENSG00000167916	17	38854243	38860002
ENSG00000266767	18	7741308	7754829
ENSG00000264596	18	7814116	7815728
ENSG00000212857	GL000212.1	64252	65919
ENSG00000263827	18	7840935	7841058
ENSG00000215719	GL000212.1	35322	36221
ENSG00000167165	2	234600253	234681946
ENSG00000199856	18	7995568	7995782
ENSG00000238993	GL000212.1	111481	111574
ENSG00000125968	20	30193086	30194318
ENSG00000273368	18	8154556	8155068
ENSG00000212067	18	8227101	8227183
ENSG00000112245	6	64231666	64293492
ENSG00000266149	18	8360818	8367032
ENSG00000160294	21	47655047	47706211
ENSG00000265413	18	8402845	8405159
ENSG00000263970	18	8406759	8406951
ENSG00000204897	17	38904273	38911584
ENSG00000143633	1	231359509	231376933
ENSG00000266613	18	8412127	8414302
ENSG00000175985	14	69951409	69995215
ENSG00000242985	18	8471829	8472124
ENSG00000229442	18	8486995	8513847
ENSG00000225212	18	8545633	8546815
ENSG00000131055	20	30225691	30232809
ENSG00000266708	18	8635177	8636345
ENSG00000263935	18	8688020	8688408
ENSG00000265962	18	8695854	8707619
ENSG00000229346	HSCHR6_MHC_SSTO	30109310	30118301
ENSG00000252319	18	8720032	8720130
ENSG00000186393	17	38922490	38928414
ENSG00000272788	18	8801654	8802303
ENSG00000242058	18	9020027	9020762
ENSG00000237216	HSCHR6_MHC_MCF	29791626	29795784
ENSG00000165704	X	133594183	133654543
ENSG00000265257	18	9102734	9254344
ENSG00000140632	16	4853204	4897343
ENSG00000263847	18	9112402	9115875
ENSG00000251258	6	112668532	112672498
ENSG00000235049	12	2038368	2045740
ENSG00000158286	1	6265535	6281359
ENSG00000266053	18	9121263	9136643
ENSG00000180525	10	695888	711109
ENSG00000120656	1	28915835	28969597
ENSG00000200883	18	9249647	9249744
ENSG00000188021	X	56590026	56593443
ENSG00000111261	12	12482198	12503475
ENSG00000184060	17	29233362	29286340
ENSG00000207092	18	9250108	9250209
ENSG00000273284	18	9259386	9260388
ENSG00000120149	5	174151536	174157896
ENSG00000176884	9	140032842	140063207
ENSG00000239087	18	9277977	9278077
ENSG00000264964	18	9315192	9334439
ENSG00000273335	18	9473419	9474004
ENSG00000171552	20	30252255	30311792
ENSG00000204271	X	57002803	57021970
ENSG00000266805	18	9506240	9509724
ENSG00000251994	18	9518117	9518258
ENSG00000171446	17	38933060	38938786
ENSG00000273352	18	9519447	9520197
ENSG00000266541	18	9587384	9590180
ENSG00000263627	18	9615262	9619361
ENSG00000212572	18	9617962	9618070
ENSG00000205791	12	12508342	12510001
ENSG00000155130	6	114178541	114184648
ENSG00000264644	18	9678245	9679490
ENSG00000266891	18	9734879	9735599
ENSG00000126952	X	101087085	101112549
ENSG00000266127	18	9785105	9787802
ENSG00000242651	18	9830329	9830624
ENSG00000007372	11	31806340	31839509
ENSG00000165714	12	12510013	12619840
ENSG00000170965	X	133699868	133898352
ENSG00000252680	18	9844714	9844843
ENSG00000163171	2	37869032	37965611
ENSG00000188060	1	28918712	28921955
ENSG00000265564	18	9880577	9880883
ENSG00000272799	18	9912313	9912846
ENSG00000223138	18	9923917	9924018
ENSG00000263630	18	10005097	10005194
ENSG00000265554	18	10125337	10144403
ENSG00000264876	18	10323129	10372377
ENSG00000168887	2	85833777	85839189
ENSG00000107372	9	74966341	74980163
ENSG00000255994	14	70037483	70038032
ENSG00000266102	18	10375100	10378111
ENSG00000224145	HSCHR6_MHC_SSTO	30120577	30130067
ENSG00000121552	3	122044091	122060819
ENSG00000239031	18	10389895	10389997
ENSG00000128285	22	41074754	41078818
ENSG00000267909	14	70038216	70040339
ENSG00000260913	18	10405130	10414512
ENSG00000138279	10	75134859	75173834
ENSG00000131480	17	40996617	41002724
ENSG00000265728	18	10594587	10604795
ENSG00000268457	20	30309001	30309134
ENSG00000100647	14	70078313	70181859
ENSG00000266604	18	10612301	10626350
ENSG00000130175	19	11546109	11561783
ENSG00000116906	1	231376953	231413719
ENSG00000264503	18	10622120	10622264
ENSG00000162419	1	28995244	29045865
ENSG00000264311	18	10623873	10624302
ENSG00000264072	18	10627643	10628843
ENSG00000160124	3	122078438	122102078
ENSG00000266470	18	10632235	10632393
ENSG00000143612	1	154179182	154193104
ENSG00000165462	11	71950121	71956708
ENSG00000265038	18	10636667	10637396
ENSG00000260779	18	10661930	10666884
ENSG00000264843	18	10704295	10709597
ENSG00000125388	4	2965335	3042474
ENSG00000102452	13	101706130	102068843
ENSG00000264714	18	10724617	10728537
ENSG00000107929	10	855484	977564
ENSG00000215608	GL000212.1	126294	128249
ENSG00000257736	HSCHR6_MHC_MANN	31860647	31861502
ENSG00000088325	20	30327074	30389608
ENSG00000258126	HSCHR6_MHC_MANN	31861034	31861723
ENSG00000184261	2	47743720	47798078
ENSG00000128610	7	121941448	121950745
ENSG00000104490	8	102698771	103137135
ENSG00000155850	5	149340300	149373018
ENSG00000141933	19	507299	519654
ENSG00000223957	HSCHR6_MHC_MANN	31865098	31870345
ENSG00000196591	6	114254192	114332472
ENSG00000100372	22	41165634	41215403
ENSG00000182308	4	41983713	41988476
ENSG00000129667	17	74466973	74497872
ENSG00000165091	9	75136717	75451267
ENSG00000114023	3	122103023	122131181
ENSG00000099804	19	531714	542097
ENSG00000116903	1	231468480	231473598
ENSG00000014824	4	41992489	42092474
ENSG00000128951	15	48623208	48635570
ENSG00000203593	12	2113832	2120558
ENSG00000256837	12	2127379	2129698
ENSG00000077254	1	78161672	78225537
ENSG00000151090	3	24158651	24536773
ENSG00000256257	12	2157518	2158629
ENSG00000111325	12	123459127	123464590
ENSG00000173908	17	38948455	38956211
ENSG00000256025	12	2329703	2332645
ENSG00000186787	X	57144984	57147980
ENSG00000256721	12	2378942	2398103
ENSG00000141404	18	11688955	11885684
ENSG00000256769	12	2712516	2716606
ENSG00000010072	1	231472850	231490769
ENSG00000203648	12	2769103	2770135
ENSG00000118094	11	118528026	118550399
ENSG00000104973	19	50321539	50342073
ENSG00000197540	19	544034	549919
ENSG00000168994	6	3722848	3752260
ENSG00000018236	12	41086244	41466220
ENSG00000184709	9	140063210	140064503
ENSG00000234046	HSCHR6_MHC_SSTO	30141782	30170758
ENSG00000185863	9	140065310	140066861
ENSG00000151465	10	12237964	12292588
ENSG00000136014	12	95910336	95945266
ENSG00000256271	12	2777666	2781386
ENSG00000115761	2	10710892	10830101
ENSG00000135766	1	231499497	231560790
ENSG00000246627	12	2785167	2800366
ENSG00000140481	15	74509613	74628813
ENSG00000256150	12	2851792	2881074
ENSG00000256902	12	2861763	2862298
ENSG00000255669	12	2870366	2879621
ENSG00000224438	12	2891070	2891537
ENSG00000156504	X	133903596	133931262
ENSG00000162129	11	72003469	72145692
ENSG00000256030	12	2896097	2903461
ENSG00000069206	8	24298443	24384483
ENSG00000184845	5	174867042	174871211
ENSG00000227715	HSCHR6_MHC_MCF	29846763	29992167
ENSG00000263952	18	10893615	10908781
ENSG00000176248	9	140069236	140082989
ENSG00000145945	6	3849620	3851551
ENSG00000263682	18	11326269	11328831
ENSG00000240224	2	234621638	234681945
ENSG00000267051	18	11366912	11378408
ENSG00000273119	18	11390032	11390728
ENSG00000270099	10	97620305	97684601
ENSG00000165092	9	75515578	75695358
ENSG00000270106	1	231664399	231954990
ENSG00000241962	2	99757948	99939204
ENSG00000121270	16	48200821	48281479
ENSG00000146530	7	12370511	12443567
ENSG00000187735	8	54879112	54935089
ENSG00000169727	17	80008567	80015346
ENSG00000204610	6	30130993	30140473
ENSG00000172270	19	571297	583493
ENSG00000198492	1	29063133	29096287
ENSG00000258325	12	2906043	2922068
ENSG00000049449	11	31833939	32127301
ENSG00000182362	21	47706251	47717665
ENSG00000145965	6	3982909	3984372
ENSG00000116918	1	231664399	231702270
ENSG00000164466	5	174904065	174956745
ENSG00000198925	2	220074494	220094439
ENSG00000267564	18	11447755	11489368
ENSG00000215764	GL000209.1	7891	96246
ENSG00000015479	5	138609441	138667360
ENSG00000101306	20	30407111	30422492
ENSG00000267425	18	11454477	11465995
ENSG00000147059	X	57160963	57164058
ENSG00000161249	19	35988122	36004560
ENSG00000267252	18	11488569	11506982
ENSG00000176101	9	140083099	140084822
ENSG00000116329	1	29138654	29190208
ENSG00000153395	5	1456595	1524092
ENSG00000173088	10	97667360	97698480
ENSG00000165591	X	57313139	57515629
ENSG00000175161	3	85008132	86123579
ENSG00000267371	18	11552365	11552846
ENSG00000236396	18	11609544	11610687
ENSG00000115841	2	38150330	38294285
ENSG00000168878	2	85884437	85895864
ENSG00000267794	18	11618207	11618314
ENSG00000257513	18	11619508	11639698
ENSG00000269948	10	97709725	97744785
ENSG00000179772	20	30432103	30433420
ENSG00000176058	9	140086069	140098645
ENSG00000267143	18	11620716	11621157
ENSG00000267773	18	11644335	11644823
ENSG00000260759	18	11666455	11670164
ENSG00000267333	18	11745625	11747580
ENSG00000267455	18	11810405	11811483
ENSG00000081803	7	121958481	122526813
ENSG00000180488	1	78245309	78344106
ENSG00000267165	18	11851413	11852750
ENSG00000272703	18	11857154	11857553
ENSG00000273141	18	11908711	11909222
ENSG00000267079	18	11910633	11914343
ENSG00000267661	18	11928837	11929475
ENSG00000100380	22	41220539	41253026
ENSG00000266955	18	11993987	11994937
ENSG00000048392	8	103216730	103251346
ENSG00000267480	18	12031177	12032180
ENSG00000266995	18	12040100	12040299
ENSG00000131471	17	41003201	41010147
ENSG00000188649	10	97733786	97792441
ENSG00000267292	18	12050308	12050671
ENSG00000187713	9	140098534	140100090
ENSG00000212712	18	12056675	12057821
ENSG00000104722	8	24770525	24776607
ENSG00000184937	11	32409321	32457176
ENSG00000163755	3	148847371	148891519
ENSG00000188848	4	42112955	42154895
ENSG00000267533	18	12067172	12068416
ENSG00000256616	18	12073231	12076653
ENSG00000008277	7	87563458	87832204
ENSG00000149599	20	30435440	30458550
ENSG00000160298	21	47720095	47743789
ENSG00000116237	1	6281253	6296032
ENSG00000244474	2	234627424	234681945
ENSG00000135046	9	75766673	75785309
ENSG00000077092	3	25215823	25639423
ENSG00000196361	19	11562141	11591861
ENSG00000165449	10	61410523	61495760
ENSG00000186395	17	38974369	38978847
ENSG00000178343	4	42399856	42404504
ENSG00000108559	17	5264258	5323480
ENSG00000204364	HSCHR6_MHC_MANN	31927379	31952872
ENSG00000198455	X	57618269	57623906
ENSG00000167920	17	38975358	38992522
ENSG00000188566	9	140100147	140111461
ENSG00000243135	2	234637754	234681945
ENSG00000108091	10	61548521	61666414
ENSG00000269563	2	47799601	47801998
ENSG00000267477	19	11577055	11616513
ENSG00000242366	2	234668894	234681945
ENSG00000187242	17	39017555	39023462
ENSG00000173673	1	6304252	6305638
ENSG00000112739	6	4021501	4065217
ENSG00000234127	6	30152232	30181204
ENSG00000235931	10	61715188	61720671
ENSG00000156384	10	105881816	105886143
ENSG00000255112	18	11851395	11854448
ENSG00000161914	19	11594242	11616738
ENSG00000158292	1	6307406	6321035
ENSG00000166147	15	48700503	48938046
ENSG00000185038	2	234684370	234742069
ENSG00000164296	5	149372681	149380730
ENSG00000159023	1	29213603	29446553
ENSG00000220575	7	154858777	154863267
ENSG00000157219	7	154862034	154877459
ENSG00000197386	4	3076408	3245676
ENSG00000171617	5	73923234	73937249
ENSG00000118900	16	4896666	4932361
ENSG00000269920	10	97733786	97792432
ENSG00000217825	7	154988273	154990165
ENSG00000162614	1	78354198	78409580
ENSG00000212864	9	140114707	140116033
ENSG00000206538	3	86987119	87040269
ENSG00000113716	5	149379884	149432386
ENSG00000140459	15	74630100	74660081
ENSG00000197191	9	140119087	140120763
ENSG00000074527	12	96051583	96184930
ENSG00000113749	5	175085033	175113245
ENSG00000233198	9	140122018	140124090
ENSG00000156500	X	133930819	133988640
ENSG00000186480	7	155089486	155101945
ENSG00000107443	10	97803151	97820627
ENSG00000006747	7	12610203	12693228
ENSG00000198569	9	140125209	140131006
ENSG00000198963	9	77112281	77308093
ENSG00000083937	3	87276421	87304698
ENSG00000124406	4	42410390	42659122
ENSG00000236808	HSCHR6_MHC_MCF	30105180	30111187
ENSG00000104960	19	50353992	50364001
ENSG00000145920	5	175223313	175311023
ENSG00000258092	12	2906302	2913104
ENSG00000198542	13	102104966	102375456
ENSG00000130159	19	11616731	11639989
ENSG00000222493	12	2969115	2969199
ENSG00000238689	12	3038131	3038191
ENSG00000252996	12	3063406	3063504
ENSG00000250899	12	3150603	3154116
ENSG00000234589	12	3180698	3181314
ENSG00000256197	12	3258963	3260642
ENSG00000182578	5	149432854	149492935
ENSG00000116062	2	47922669	48037240
ENSG00000188229	9	140135665	140138159
ENSG00000273045	2	99757948	99767950
ENSG00000181481	17	29295803	29326929
ENSG00000168152	4	83821837	83841122
ENSG00000227081	12	3320775	3321096
ENSG00000165966	12	41582250	41968392
ENSG00000271605	17	62461569	62464760
ENSG00000022976	14	102783714	102809044
ENSG00000250770	12	3405368	3409390
ENSG00000257212	HSCHR6_MHC_SSTO	30179165	30328137
ENSG00000236908	12	3427884	3434509
ENSG00000097021	1	6324329	6454451
ENSG00000257048	12	3476999	3480512
ENSG00000118898	16	4932508	5010742
ENSG00000237403	HSCHR6_MHC_MCF	30112987	30116611
ENSG00000188163	9	140138036	140142222
ENSG00000171431	17	39032193	39041479
ENSG00000102466	13	102372134	103054124
ENSG00000197748	10	105889646	105992120
ENSG00000123485	2	234742062	234763212
ENSG00000256525	17	62473902	62493154
ENSG00000111266	12	12628829	12715317
ENSG00000118482	6	64345725	64489229
ENSG00000204599	6	30294256	30311506
ENSG00000131044	20	30458505	30532764
ENSG00000197768	9	140145713	140147934
ENSG00000198205	X	57931864	57937067
ENSG00000230332	HSCHR6_MHC_MCF	30116544	30122165
ENSG00000108244	17	39078948	39093886
ENSG00000256691	12	3571884	3572752
ENSG00000186767	X	62567107	62571223
ENSG00000110367	11	118620034	118661858
ENSG00000267722	18	12081539	12085266
ENSG00000196981	3	122130715	122134882
ENSG00000267478	18	12091673	12093140
ENSG00000200827	18	12098426	12098531
ENSG00000267162	18	12101996	12102469
ENSG00000154889	18	11882621	11909222
ENSG00000188986	9	140149625	140167998
ENSG00000267116	18	12192202	12192933
ENSG00000267643	18	12200778	12201978
ENSG00000129197	17	5322961	5336196
ENSG00000099822	19	589893	617159
ENSG00000267733	18	12201981	12223538
ENSG00000262057	HSCHR5_1_CTG1	70098418	70169834
ENSG00000144182	2	99771418	99779620
ENSG00000162946	1	231762561	232177018
ENSG00000149100	11	32605344	32627808
ENSG00000267076	18	12211377	12211806
ENSG00000205740	10	1017097	1034281
ENSG00000267247	18	12230410	12231572
ENSG00000267663	18	12246588	12247054
ENSG00000229929	HSCHR6_MHC_SSTO	30283373	30303707
ENSG00000267069	18	12288307	12291487
ENSG00000198113	9	140172201	140177093
ENSG00000131089	X	62854847	63005426
ENSG00000135439	12	58118980	58135940
ENSG00000199702	18	12304090	12304193
ENSG00000251937	18	12400411	12400472
ENSG00000134900	13	103249353	103331521
ENSG00000256786	18	12431581	12432232
ENSG00000160683	11	118754475	118768508
ENSG00000198435	9	140194083	140196703
ENSG00000243507	12	3578116	3578462
ENSG00000267108	18	12432896	12437634
ENSG00000051596	5	175344876	175461683
ENSG00000196138	12	3797876	3799650
ENSG00000267199	18	12438889	12448204
ENSG00000222338	12	3835388	3835493
ENSG00000118976	12	3948625	3951691
ENSG00000267515	18	12450446	12451041
ENSG00000268923	6	31973945	31974881
ENSG00000256862	12	3980900	4019504
ENSG00000238309	18	12533423	12533524
ENSG00000196236	22	41253081	41363838
ENSG00000267249	18	12670425	12671144
ENSG00000266961	18	12738964	12750067
ENSG00000256969	12	4130143	4135824
ENSG00000102910	16	48278207	48397033
ENSG00000114030	3	122140796	122233792
ENSG00000263071	HSCHR5_1_CTG1	68609180	68609681
ENSG00000267654	18	12739489	12749420
ENSG00000256356	12	4206617	4208685
ENSG00000263197	HSCHR5_1_CTG1	68629688	68630008
ENSG00000151150	10	61786056	62493248
ENSG00000201466	18	12760716	12760817
ENSG00000162613	1	78409740	78444794
ENSG00000260302	18	12774650	12775922
ENSG00000263996	HSCHR5_1_CTG1	68751160	68751417
ENSG00000267570	18	12911185	12912022
ENSG00000262864	HSCHR5_1_CTG1	68765415	68765668
ENSG00000189308	4	83831126	83934079
ENSG00000267336	18	12912843	12913905
ENSG00000262146	HSCHR5_1_CTG1	68773020	68798008
ENSG00000266969	18	12984693	12991172
ENSG00000138623	15	74701630	74726808
ENSG00000186174	11	118764584	118796317
ENSG00000266528	HSCHR5_1_CTG1	68774539	68774811
ENSG00000267656	18	13139779	13140488
ENSG00000171421	5	1798500	1801480
ENSG00000261895	HSCHR5_1_CTG1	68826198	68826302
ENSG00000267032	18	13151636	13152688
ENSG00000262205	HSCHR5_1_CTG1	68834750	68834853
ENSG00000099821	19	617223	633597
ENSG00000262977	HSCHR5_1_CTG1	68889083	68890825
ENSG00000267286	18	13183401	13185616
ENSG00000131482	17	41052814	41065386
ENSG00000226248	HSCHR6_MHC_DBB	31680530	31689717
ENSG00000267239	18	13203773	13216366
ENSG00000263113	HSCHR5_1_CTG1	69050904	69144625
ENSG00000100650	14	70193617	70238722
ENSG00000267177	18	13234944	13236469
ENSG00000267393	18	13362202	13366242
ENSG00000242444	12	4218827	4227298
ENSG00000267690	18	13419420	13427479
ENSG00000166432	X	101137262	101187004
ENSG00000262391	HSCHR5_1_CTG1	69054485	69055468
ENSG00000064835	3	87308554	87325737
ENSG00000266146	18	13459946	13460025
ENSG00000273155	2	99771461	99811761
ENSG00000262989	HSCHR5_1_CTG1	69057393	69058099
ENSG00000267694	18	13461019	13470822
ENSG00000249853	6	114376750	114664209
ENSG00000256164	12	4357931	4385350
ENSG00000186714	11	32623792	32816204
ENSG00000187609	9	140201348	140317714
ENSG00000107937	10	1034338	1065876
ENSG00000267529	18	13471849	13472669
ENSG00000267702	18	13486461	13490675
ENSG00000267366	18	13500640	13501288
ENSG00000267136	18	13514519	13522887
ENSG00000272746	18	13526077	13526687
ENSG00000267503	18	13561398	13565034
ENSG00000110375	11	118795873	118829269
ENSG00000263527	18	13611113	13611199
ENSG00000266954	18	13644814	13645684
ENSG00000158411	2	99777890	99797521
ENSG00000266606	18	13665114	13665165
ENSG00000242707	18	13715099	13715367
ENSG00000211528	18	13823914	13823985
ENSG00000243779	18	13919602	13919922
ENSG00000270469	18	14053950	14054760
ENSG00000267756	18	14074911	14075740
ENSG00000204960	7	155149680	155160629
ENSG00000267150	18	14089934	14091018
ENSG00000267356	18	14104541	14105225
ENSG00000218672	7	155174771	155189051
ENSG00000252234	18	14118593	14118701
ENSG00000267704	18	14137709	14139271
ENSG00000176302	11	118842417	118852001
ENSG00000186187	16	75032928	75144892
ENSG00000260415	12	52203789	52206636
ENSG00000239927	HSCHR6_MHC_SSTO	30302028	30303781
ENSG00000164778	7	155250824	155257526
ENSG00000267324	18	14143595	14151138
ENSG00000111696	12	104164231	104234975
ENSG00000088356	20	30532758	30539895
ENSG00000175319	18	14152998	14157341
ENSG00000151233	12	42475647	42538681
ENSG00000146910	7	155266901	155326557
ENSG00000113721	5	149493400	149535435
ENSG00000255920	12	4361901	4384231
ENSG00000147459	8	25042238	25275598
ENSG00000095585	10	97951458	98031344
ENSG00000167612	12	52281744	52285448
ENSG00000077097	3	25639475	25706398
ENSG00000223531	HSCHR6_MHC_MCF	30149160	30159367
ENSG00000186481	18	14179096	14249455
ENSG00000260903	20	30555805	30591190
ENSG00000224389	6	31982539	32003195
ENSG00000144407	2	209224438	209719227
ENSG00000217792	GL000209.1	147649	156325
ENSG00000186166	11	118868852	118886501
ENSG00000166816	16	75145758	75150669
ENSG00000144481	2	234826043	234928166
ENSG00000101331	20	30598245	30619984
ENSG00000212329	18	14190699	14190805
ENSG00000103184	16	5008318	5069159
ENSG00000139780	13	103338094	103346854
ENSG00000266145	18	14222007	14222330
ENSG00000264222	18	14244624	14252139
ENSG00000039650	19	50364461	50371166
ENSG00000111269	12	12764761	12798042
ENSG00000265787	18	14337422	14342524
ENSG00000101928	X	134021656	134049297
ENSG00000265437	18	14361433	14361942
ENSG00000120992	8	54958938	55014577
ENSG00000187589	18	14377545	14378756
ENSG00000015153	12	42550906	42632151
ENSG00000265296	18	14391912	14393908
ENSG00000175820	13	103381801	103389159
ENSG00000183150	12	12813825	12849141
ENSG00000188747	9	140317802	140328858
ENSG00000130176	19	11649532	11661138
ENSG00000100865	14	102808956	102829253
ENSG00000253304	1	29445940	29450447
ENSG00000162616	1	78444859	78483648
ENSG00000172404	22	41255553	41258130
ENSG00000100387	22	41347351	41369313
ENSG00000047457	3	148880197	148939842
ENSG00000138061	2	38294116	38337044
ENSG00000184517	16	75182390	75206134
ENSG00000151287	13	103418340	103426161
ENSG00000262491	HSCHR5_1_CTG1	69062740	69064595
ENSG00000204359	HSCHR6_MHC_MANN	31952850	31957964
ENSG00000262041	HSCHR5_1_CTG1	69062889	69063183
ENSG00000108654	17	62495734	62504317
ENSG00000160299	21	47744036	47865682
ENSG00000263336	HSCHR5_1_CTG1	69110379	69110816
ENSG00000262957	HSCHR5_1_CTG1	69122191	69122773
ENSG00000116350	1	29474255	29508499
ENSG00000262932	HSCHR5_1_CTG1	69145316	69148817
ENSG00000263035	HSCHR5_1_CTG1	69151881	69194073
ENSG00000119121	9	77337411	77503010
ENSG00000137960	1	78445226	78604133
ENSG00000262034	HSCHR5_1_CTG1	69165769	69169270
ENSG00000263330	HSCHR5_1_CTG1	69359870	69430017
ENSG00000262331	HSCHR5_1_CTG1	69415951	69416918
ENSG00000262197	HSCHR5_1_CTG1	69433886	69438199
ENSG00000262713	HSCHR5_1_CTG1	69446751	69463695
ENSG00000236399	HSCHR6_MHC_MCF	30182385	30195005
ENSG00000143569	1	154192655	154243986
ENSG00000262360	HSCHR5_1_CTG1	69475596	69477340
ENSG00000179097	3	88039846	88042919
ENSG00000188833	9	140328816	140336268
ENSG00000263922	HSCHR5_1_CTG1	69515271	69515340
ENSG00000103174	16	5074845	5084142
ENSG00000138629	15	74738318	74753523
ENSG00000196859	17	39114669	39123144
ENSG00000262474	HSCHR5_1_CTG1	69517117	69536103
ENSG00000264351	HSCHR5_1_CTG1	69531524	69531627
ENSG00000168928	16	75237994	75241083
ENSG00000154957	17	11880756	11900827
ENSG00000262915	HSCHR5_1_CTG1	69545807	69571649
ENSG00000263188	HSCHR5_1_CTG1	69575889	69576183
ENSG00000135378	11	32851489	32879669
ENSG00000163320	3	88101094	88199035
ENSG00000262641	HSCHR5_1_CTG1	69640521	69650987
ENSG00000168268	3	52558386	52569070
ENSG00000196470	16	48390275	48482313
ENSG00000134901	13	103436631	103451357
ENSG00000103995	15	49005125	49103343
ENSG00000122420	1	78769568	79005434
ENSG00000100393	22	41487790	41576081
ENSG00000118181	11	118886422	118889401
ENSG00000116991	1	232533711	232697304
ENSG00000168925	16	75252898	75258822
ENSG00000115523	2	85912298	85925977
ENSG00000184675	X	63404997	63425624
ENSG00000230254	HSCHR6_MHC_SSTO	30448676	30453414
ENSG00000111816	6	116252312	116381921
ENSG00000130165	19	11661962	11670051
ENSG00000134897	13	103451399	103493885
ENSG00000060749	11	32914724	33014862
ENSG00000184905	X	101380660	101382683
ENSG00000198881	X	63444076	63450511
ENSG00000053254	14	89591215	90085493
ENSG00000186642	11	72287185	72385635
ENSG00000188107	6	64429876	66417118
ENSG00000163516	2	220094479	220101391
ENSG00000204071	X	101395448	101397942
ENSG00000137959	1	79085607	79111830
ENSG00000248469	5	175476681	175489024
ENSG00000138496	3	122246771	122283424
ENSG00000213970	12	4433538	4433977
ENSG00000102921	16	48572637	48654059
ENSG00000229381	HSCHR6_MHC_MCF	30198208	30207199
ENSG00000184515	X	101408680	101411029
ENSG00000102043	X	63444187	63615333
ENSG00000216895	7	155403925	155437899
ENSG00000256748	12	4711157	4712586
ENSG00000111276	12	12867992	12875305
ENSG00000070388	19	639879	643703
ENSG00000212916	1	232940643	232946092
ENSG00000270181	13	103459704	103524748
ENSG00000166343	10	75183339	75193319
ENSG00000122644	7	12726481	12730559
ENSG00000116353	1	29519385	29557454
ENSG00000135778	1	233086351	233119628
ENSG00000178878	12	12878851	12982909
ENSG00000121690	11	33037410	33055128
ENSG00000229729	3	88108424	88188123
ENSG00000143882	2	10861775	10925236
ENSG00000256799	12	4744515	4745306
ENSG00000266605	18	14450215	14450882
ENSG00000108384	17	56769934	56811703
ENSG00000198551	19	11670189	11729950
ENSG00000104517	8	103265240	103425069
ENSG00000265766	18	14477954	14499277
ENSG00000226882	HSCHR6_MHC_SSTO	30500573	30516369
ENSG00000101336	20	30639991	30689659
ENSG00000266242	18	14485805	14487500
ENSG00000200132	18	14531675	14531781
ENSG00000145494	5	1801514	1816719
ENSG00000265340	18	14570843	14571787
ENSG00000070423	19	647526	663277
ENSG00000266693	18	14613136	14614183
ENSG00000264570	18	14629831	14632805
ENSG00000134899	13	103497194	103528345
ENSG00000050820	16	75262928	75301951
ENSG00000200645	18	14759187	14759293
ENSG00000188981	4	3246096	3273465
ENSG00000265481	18	14771248	14771326
ENSG00000265737	18	14816150	14825248
ENSG00000256381	12	4754662	4757193
ENSG00000108561	17	5336097	5352150
ENSG00000255474	12	4809583	4829268
ENSG00000265499	18	14830165	14830241
ENSG00000256988	12	4915708	4917807
ENSG00000265786	18	14877610	14884051
ENSG00000102924	16	49311828	49315742
ENSG00000255608	12	4948121	4951841
ENSG00000256790	12	5127631	5130879
ENSG00000264061	18	14888708	14890085
ENSG00000135045	9	77561497	77567802
ENSG00000256654	12	5132848	5134758
ENSG00000263618	18	14903579	14915627
ENSG00000182230	5	175487692	175559261
ENSG00000139567	12	52300692	52317145
ENSG00000266554	18	14946266	14973769
ENSG00000262417	HSCHR5_1_CTG1	69863007	69957472
ENSG00000119787	2	38522022	38604427
ENSG00000263095	HSCHR5_1_CTG1	69883824	69886046
ENSG00000264301	18	14969000	14970467
ENSG00000166152	16	49407734	49433342
ENSG00000136731	2	128848774	128953251
ENSG00000263349	HSCHR5_1_CTG1	69886934	69897142
ENSG00000263821	18	14978738	14979838
ENSG00000126970	X	64136250	64254593
ENSG00000266522	18	15003974	15006351
ENSG00000263635	18	15075444	15122766
ENSG00000266544	18	15090177	15090457
ENSG00000213782	12	12966250	12982915
ENSG00000185554	X	101470280	101581634
ENSG00000264498	HSCHR5_1_CTG1	69898425	69898512
ENSG00000137965	1	79115481	79129763
ENSG00000264880	18	15159723	15164466
ENSG00000204673	19	50372295	50381716
ENSG00000113430	5	1877541	1887350
ENSG00000261989	HSCHR5_1_CTG1	69956746	69957699
ENSG00000265015	18	15196998	15197774
ENSG00000156017	9	77595936	77643339
ENSG00000262726	HSCHR5_1_CTG1	69986891	69987446
ENSG00000265631	18	15247428	15247996
ENSG00000262274	HSCHR5_1_CTG1	70048782	70048976
ENSG00000175105	3	88188254	88193815
ENSG00000266818	18	15254417	15271743
ENSG00000113722	5	149546358	149564120
ENSG00000215512	18	15307662	15330281
ENSG00000179021	3	88198893	88217879
ENSG00000255996	12	5141554	5142107
ENSG00000256115	12	5343163	5352317
ENSG00000049860	5	73935848	74018472
ENSG00000102575	19	11685475	11689823
ENSG00000184863	7	155437145	155574179
ENSG00000100395	22	41601209	41627275
ENSG00000222087	18	15320839	15320943
ENSG00000216205	18	18642344	18642434
ENSG00000244527	18	18699143	18699622
ENSG00000251886	18	18700365	18700467
ENSG00000011083	5	149569520	149602351
ENSG00000263748	18	18762464	18763460
ENSG00000265984	18	18820636	18821332
ENSG00000125255	13	103696350	103719196
ENSG00000265948	18	18896839	18897756
ENSG00000265751	18	18960247	19030978
ENSG00000221139	18	19030614	19030717
ENSG00000263350	18	19210099	19213485
ENSG00000264188	18	19241748	19242356
ENSG00000265656	18	19253589	19262522
ENSG00000221493	18	19263471	19263558
ENSG00000252677	18	19291911	19292080
ENSG00000200750	18	19304080	19304190
ENSG00000264183	18	19356839	19356938
ENSG00000242971	18	19373844	19374118
ENSG00000135749	1	233119181	233431459
ENSG00000196655	11	118889142	118896164
ENSG00000196663	14	102829300	102968818
ENSG00000033011	16	5083703	5137380
ENSG00000199977	18	19397585	19397789
ENSG00000179361	15	74833518	74890472
ENSG00000044524	3	89156674	89531284
ENSG00000265142	18	19405448	19411371
ENSG00000153774	16	75327596	75467383
ENSG00000243303	18	19434601	19434948
ENSG00000264149	18	19451407	19473957
ENSG00000252325	18	19459762	19459865
ENSG00000264289	18	19494330	19494621
ENSG00000182196	12	123464607	123467456
ENSG00000162618	1	79355449	79472403
ENSG00000236221	HSCHR6_MHC_MANN	32072022	32105429
ENSG00000182346	13	106118216	106143383
ENSG00000106733	9	77675489	77703133
ENSG00000176148	11	33060963	33127489
ENSG00000070808	5	149599054	149669854
ENSG00000178425	6	116422012	116570660
ENSG00000160305	21	47878812	47989926
ENSG00000100652	14	70242134	70264006
ENSG00000137547	8	55047770	55060461
ENSG00000078018	2	210288782	210598842
ENSG00000261717	16	75446582	75498604
ENSG00000165802	9	140342022	140353786
ENSG00000185634	15	49115932	49255641
ENSG00000258292	12	96196875	96217085
ENSG00000269367	12	42624050	42628075
ENSG00000125266	13	107142079	107187462
ENSG00000166822	16	75476952	75499395
ENSG00000102935	16	49521435	49891830
ENSG00000107758	10	75196186	75255782
ENSG00000229488	HSCHR6_MHC_MANN	32155583	32161597
ENSG00000139343	12	96252706	96297606
ENSG00000184785	X	134124968	134126501
ENSG00000235905	HSCHR6_MHC_MCF	30209467	30218957
ENSG00000212747	X	134154543	134156559
ENSG00000069812	1	6472478	6484730
ENSG00000006468	7	13930853	14031050
ENSG00000134884	13	107194021	107220512
ENSG00000134590	X	134166333	134167576
ENSG00000065559	17	11924141	12047147
ENSG00000183196	16	75510949	75529282
ENSG00000198732	14	70320848	70499083
ENSG00000134996	9	77703459	77762181
ENSG00000164736	8	55370495	55373448
ENSG00000203950	X	134184962	134186226
ENSG00000260092	16	75562430	75579326
ENSG00000123500	6	116440086	116479910
ENSG00000070404	19	676392	683385
ENSG00000159788	4	3294755	3441640
ENSG00000204442	13	107820883	108519083
ENSG00000204889	17	39133968	39143387
ENSG00000135702	16	75562433	75569145
ENSG00000168874	2	85978467	86015189
ENSG00000234188	6	116442320	116443093
ENSG00000215203	4	42895284	43032675
ENSG00000222520	18	19508946	19509055
ENSG00000169551	X	134290461	134305322
ENSG00000187189	6	116571151	116575261
ENSG00000265758	18	19561082	19631120
ENSG00000229202	HSCHR6_MHC_SSTO	30516081	30522918
ENSG00000265568	18	19579530	19579612
ENSG00000104946	19	50380682	50392005
ENSG00000221363	18	19710564	19710690
ENSG00000187017	1	6484848	6521430
ENSG00000266010	18	19746859	19748929
ENSG00000212899	17	39149686	39150385
ENSG00000264012	18	19755426	19756623
ENSG00000205423	16	50058321	50070999
ENSG00000174405	13	108859787	108870716
ENSG00000201852	18	19760073	19760179
ENSG00000266283	18	19780582	19785192
ENSG00000104237	8	55528627	55543394
ENSG00000264825	18	19793741	19807992
ENSG00000205084	16	75572015	75590184
ENSG00000185198	19	685521	695460
ENSG00000238907	18	19840539	19840640
ENSG00000273348	18	19927809	19928215
ENSG00000270855	18	19998792	19999257
ENSG00000239490	18	20166428	20167190
ENSG00000206827	18	20227545	20227651
ENSG00000265943	18	20279444	20513727
ENSG00000139826	13	108870727	108886603
ENSG00000161544	17	74523438	74547257
ENSG00000266850	18	20303454	20487684
ENSG00000179335	15	74890841	74932057
ENSG00000165972	12	96260826	96336752
ENSG00000273232	18	20462788	20463320
ENSG00000183783	4	44175926	44450824
ENSG00000231641	HSCHR6_MHC_MCF	30230672	30259555
ENSG00000265939	18	20480449	20480958
ENSG00000111817	6	116575336	116762424
ENSG00000238537	18	20481487	20481589
ENSG00000168273	3	52568029	52613253
ENSG00000264817	18	20513312	20513401
ENSG00000242182	18	20584527	20584820
ENSG00000223023	18	20604559	20604666
ENSG00000222999	18	20716399	20716476
ENSG00000143674	1	233463514	233520894
ENSG00000149428	11	118914900	118927913
ENSG00000266495	18	20837128	20840318
ENSG00000199357	18	21036335	21036431
ENSG00000199366	18	21161980	21162085
ENSG00000267752	18	21252217	21252712
ENSG00000115525	2	86066267	86116137
ENSG00000267301	18	21289789	21290251
ENSG00000177752	4	44624086	44680573
ENSG00000102524	13	108903588	108960832
ENSG00000016082	5	50678921	50690564
ENSG00000221389	18	21474079	21474170
ENSG00000265752	18	21537718	21562520
ENSG00000099864	19	708953	748329
ENSG00000264745	18	21574177	21595303
ENSG00000265204	18	21656758	21679284
ENSG00000034713	16	75600249	75611779
ENSG00000264924	18	21693601	21700967
ENSG00000138663	4	83955600	83996971
ENSG00000206863	18	21704134	21704249
ENSG00000212900	17	39155447	39156138
ENSG00000265750	18	21739473	21742175
ENSG00000199874	18	21750469	21750587
ENSG00000197635	2	162848751	162931052
ENSG00000212901	17	39164773	39175576
ENSG00000135503	12	52345451	52390862
ENSG00000255302	15	49170083	49172380
ENSG00000185414	2	99797542	99814089
ENSG00000135750	1	233749750	233808258
ENSG00000221852	17	39182278	39183454
ENSG00000072080	2	234959323	234985778
ENSG00000206579	8	56014949	56454613
ENSG00000204887	17	39185949	39186356
ENSG00000206766	18	21798264	21798368
ENSG00000099139	9	78505560	78977255
ENSG00000221880	17	39190142	39191107
ENSG00000134283	12	42632249	42853517
ENSG00000253976	8	56047763	56054918
ENSG00000188581	17	39196811	39197713
ENSG00000214140	17	74523668	74549660
ENSG00000100399	22	41625517	41636938
ENSG00000253857	8	56074043	56077287
ENSG00000256417	12	5399646	5492819
ENSG00000176102	11	33098734	33183917
ENSG00000212725	17	39202793	39203568
ENSG00000256146	12	5425127	5428513
ENSG00000256218	12	5475214	5476940
ENSG00000183780	1	234040679	234460262
ENSG00000214518	17	39210750	39211482
ENSG00000065457	16	75630879	75657198
ENSG00000163521	2	220101328	220110200
ENSG00000141401	18	11981024	12030876
ENSG00000197933	19	11832080	11849824
ENSG00000170561	5	2745959	2752969
ENSG00000212724	17	39215495	39216344
ENSG00000147437	8	25276776	25282170
ENSG00000175175	17	56833230	57058983
ENSG00000168275	1	234509202	234519795
ENSG00000148377	10	1064847	1071799
ENSG00000248789	5	51303865	51376821
ENSG00000225201	HSCHR6_MHC_MCF	30535711	30540449
ENSG00000255983	12	5497755	5515817
ENSG00000168452	HSCHR6_MHC_MANN	32160665	32179182
ENSG00000248167	6	30297359	30314631
ENSG00000255973	12	5692963	5693251
ENSG00000188050	7	122337766	122339210
ENSG00000240533	12	6204867	6205136
ENSG00000213417	17	39221369	39222131
ENSG00000255775	12	6264201	6269885
ENSG00000202318	12	6343511	6343621
ENSG00000256103	12	6379325	6379591
ENSG00000235631	7	122341718	122343021
ENSG00000240871	17	39240459	39241396
ENSG00000153446	16	5094123	5116111
ENSG00000197044	19	11877815	11894893
ENSG00000265388	12	6453720	6453999
ENSG00000186376	X	134382867	134478012
ENSG00000256433	12	6503071	6504235
ENSG00000128519	7	122634759	122635754
ENSG00000170085	5	175665365	175772994
ENSG00000059588	1	234527059	234614849
ENSG00000104756	8	25285366	25315992
ENSG00000139344	12	96337071	96362370
ENSG00000167904	8	56608983	56685966
ENSG00000145975	6	4049668	4087578
ENSG00000215788	1	6521211	6526255
ENSG00000177599	19	11908482	11920437
ENSG00000041515	13	109248500	109860355
ENSG00000135002	9	79000433	79009433
ENSG00000173275	X	134478721	134497077
ENSG00000081800	7	122753585	122840040
ENSG00000148834	10	105995114	106027217
ENSG00000213949	5	52083730	52255040
ENSG00000073282	3	189349205	189615068
ENSG00000204880	17	39253233	39254393
ENSG00000171295	19	11925099	11946016
ENSG00000181626	18	12093852	12129748
ENSG00000099812	19	751126	764319
ENSG00000143575	1	154244987	154248351
ENSG00000104951	19	50392911	50432796
ENSG00000185674	2	99858709	99871745
ENSG00000189241	6	116597741	116601066
ENSG00000271793	6	86267696	86324952
ENSG00000168264	1	234740015	234745271
ENSG00000065427	16	75661622	75682541
ENSG00000067064	10	1085848	1095110
ENSG00000188042	2	235401685	235405697
ENSG00000187210	9	79034752	79122332
ENSG00000165359	X	134654584	134716435
ENSG00000183876	5	149675906	149718870
ENSG00000213942	12	6518803	6519179
ENSG00000173726	1	235272651	235292251
ENSG00000215046	X	101470280	101567445
ENSG00000101337	20	30697309	30755061
ENSG00000188820	6	116782533	116784934
ENSG00000176194	18	12254318	12277594
ENSG00000108395	17	57059999	57184282
ENSG00000130653	9	140354404	140444986
ENSG00000163840	3	122283085	122294050
ENSG00000102053	X	64708615	64727767
ENSG00000155393	16	50099852	50140298
ENSG00000186493	5	2752245	2755508
ENSG00000100401	22	41641615	41682255
ENSG00000196712	17	29421945	29709134
ENSG00000151806	4	44680444	44702943
ENSG00000241241	17	39257754	39258461
ENSG00000224906	12	6547664	6548018
ENSG00000212722	17	39261584	39262740
ENSG00000156381	14	102973179	102976136
ENSG00000188739	1	235294498	235324772
ENSG00000212721	17	39273433	39274606
ENSG00000100462	14	23389720	23398794
ENSG00000253633	8	103540968	103550896
ENSG00000135316	6	86318053	86353510
ENSG00000215039	12	6548167	6560733
ENSG00000213416	17	39279343	39280419
ENSG00000196411	7	100400187	100425121
ENSG00000130147	2	235860617	235964358
ENSG00000155087	8	103563800	103573245
ENSG00000198090	17	39295685	39296739
ENSG00000198271	17	39305178	39306054
ENSG00000171396	17	39315910	39316983
ENSG00000185950	13	110406184	110438915
ENSG00000225989	HSCHR6_MHC_SSTO	30530573	30556377
ENSG00000126003	20	30780306	30795594
ENSG00000196156	17	39323484	39324424
ENSG00000144214	2	99900701	99921205
ENSG00000171291	19	11959541	11994565
ENSG00000110422	11	33278218	33378569
ENSG00000145287	4	84011201	84058228
ENSG00000169718	17	80015382	80023763
ENSG00000189001	19	36014269	36019253
ENSG00000001497	X	64732462	64754655
ENSG00000173200	3	122296449	122357894
ENSG00000256913	12	6586880	6589373
ENSG00000241370	6	30312908	30314661
ENSG00000198429	19	11998599	12025144
ENSG00000176014	18	12307668	12344319
ENSG00000101346	20	30795683	30826470
ENSG00000230293	HSCHR6_MHC_DBB	31689902	31714807
ENSG00000173626	6	116816152	116866773
ENSG00000185689	6	4079440	4131185
ENSG00000011304	19	797075	812327
ENSG00000182154	9	140445651	140447007
ENSG00000196757	19	12035883	12061588
ENSG00000155090	8	103661007	103668130
ENSG00000106772	9	79226292	79521003
ENSG00000105679	19	36024314	36036218
ENSG00000187498	13	110801318	110959496
ENSG00000089902	14	103058998	103196913
ENSG00000239002	12	6619388	6619717
ENSG00000084110	12	96366440	96390143
ENSG00000122203	5	175773064	175788971
ENSG00000228581	HSCHR6_MHC_MCF	30587611	30603408
ENSG00000197054	19	12035890	12091196
ENSG00000170549	5	3596168	3601517
ENSG00000148399	9	140449356	140473387
ENSG00000143595	1	154293566	154297801
ENSG00000005100	17	5344232	5372380
ENSG00000166848	16	75681684	75795770
ENSG00000101350	20	30865467	30922814
ENSG00000255966	12	6641456	6642664
ENSG00000269968	12	6646960	6647536
ENSG00000245667	12	6652670	6654097
ENSG00000070731	17	74559792	74583038
ENSG00000185945	X	101615316	101726732
ENSG00000060656	1	29563028	29653325
ENSG00000160307	21	48018875	48025121
ENSG00000173085	4	84182689	84206067
ENSG00000115514	2	99935445	99957165
ENSG00000090975	12	123468027	123634562
ENSG00000105677	19	36036497	36038428
ENSG00000213024	19	50410082	50433020
ENSG00000141052	17	12569207	12672266
ENSG00000121274	16	50186829	50269221
ENSG00000184661	8	25316513	25365436
ENSG00000115263	2	162999392	163008914
ENSG00000178033	6	116832809	116845955
ENSG00000258792	14	90095265	90109015
ENSG00000165724	9	140476531	140484942
ENSG00000070526	17	74620843	74639920
ENSG00000247853	12	6687788	6693905
ENSG00000204612	9	79634571	79635869
ENSG00000251898	12	6690640	6690775
ENSG00000219410	12	6772426	6781235
ENSG00000054267	1	235294949	235491534
ENSG00000243897	HSCHR6_MHC_MANN	32171812	32175485
ENSG00000268590	GL000237.1	899	2487
ENSG00000179151	15	74922899	74988633
ENSG00000244537	17	39333698	39334460
ENSG00000164451	6	116850174	116880031
ENSG00000198443	17	39340354	39341594
ENSG00000117114	1	81771845	82458120
ENSG00000269104	22	41685388	41685686
ENSG00000240542	17	39344697	39346891
ENSG00000065621	10	106028631	106064703
ENSG00000214325	16	75728367	75734089
ENSG00000239886	17	39382900	39383904
ENSG00000140025	14	90261013	90421121
ENSG00000145536	5	5140443	5320417
ENSG00000267179	19	12035890	12090105
ENSG00000204873	17	39388715	39389705
ENSG00000187272	17	39394297	39395256
ENSG00000241595	17	39405939	39406904
ENSG00000204592	6	30457244	30461982
ENSG00000198083	17	39411636	39412616
ENSG00000100403	22	41697526	41756151
ENSG00000197070	9	140500106	140509812
ENSG00000160310	21	48055079	48085036
ENSG00000137574	8	56685701	56738007
ENSG00000221818	8	25699246	25902913
ENSG00000155096	8	103838585	103906092
ENSG00000134871	13	110958159	111165374
ENSG00000197647	19	12125547	12146556
ENSG00000151092	3	25760435	25831530
ENSG00000047056	10	1095478	1178237
ENSG00000255737	12	58120054	58122139
ENSG00000164675	7	123092454	123175131
ENSG00000110427	11	33563618	33695648
ENSG00000252186	12	6818618	6818718
ENSG00000118894	16	5134305	5147809
ENSG00000143515	1	154298029	154323783
ENSG00000270068	12	6832399	6832853
ENSG00000269892	12	6852151	6852807
ENSG00000244532	12	6893020	6893327
ENSG00000171456	20	30946155	31027122
ENSG00000240370	12	6982553	6993905
ENSG00000184500	3	93591881	93692910
ENSG00000227642	HSCHR6_MHC_MANN	32175416	32185300
ENSG00000248593	12	6993846	6994950
ENSG00000157985	2	236402733	237040444
ENSG00000135452	12	58131796	58143994
ENSG00000272173	12	7052671	7053767
ENSG00000078098	2	163027194	163101661
ENSG00000152910	16	76311176	76593135
ENSG00000233564	HSCHR6_MHC_MCF	30603120	30609957
ENSG00000107447	10	98064085	98098321
ENSG00000212659	17	39421591	39422893
ENSG00000180386	17	39431911	39432949
ENSG00000163281	4	44684217	44728612
ENSG00000203993	9	140509784	140513358
ENSG00000109758	4	3443614	3451211
ENSG00000205177	11	33719807	33722347
ENSG00000068654	2	86247339	86333278
ENSG00000139832	13	111175417	111214080
ENSG00000167074	22	41763337	41795330
ENSG00000121281	16	50280048	50352046
ENSG00000182534	17	74668633	74707098
ENSG00000141385	18	12328943	12377313
ENSG00000161835	12	52400724	52409673
ENSG00000152904	1	235490665	235507847
ENSG00000183864	22	41829496	41843027
ENSG00000232478	X	134847185	134857354
ENSG00000213995	13	111267881	111292340
ENSG00000140465	15	75011883	75017951
ENSG00000085063	11	33719807	33757991
ENSG00000254087	8	56792372	56923940
ENSG00000072849	17	5374571	5390131
ENSG00000100410	22	41855721	41864729
ENSG00000108825	17	41102543	41132545
ENSG00000238104	HSCHR6_MHC_SSTO	30559598	30577810
ENSG00000198721	6	4115923	4135831
ENSG00000181090	9	140513444	140764468
ENSG00000144406	2	210636717	210864024
ENSG00000148841	10	106071894	106098162
ENSG00000111832	6	116892530	116918838
ENSG00000221914	8	26149007	26230196
ENSG00000269179	19	50412758	50461648
ENSG00000070814	5	149737202	149779871
ENSG00000204590	6	30509154	30524951
ENSG00000105675	19	36040945	36054560
ENSG00000143889	2	38789120	38830728
ENSG00000116957	1	235530675	235612283
ENSG00000163285	4	46037786	46126098
ENSG00000257355	19	12128703	12163782
ENSG00000169136	19	50431959	50437192
ENSG00000197183	20	31030862	31172876
ENSG00000131323	14	103243813	103377837
ENSG00000257446	19	12154620	12167127
ENSG00000141391	18	12407895	12432237
ENSG00000223547	19	12175514	12192380
ENSG00000173083	4	84213614	84256306
ENSG00000214189	19	12203078	12248050
ENSG00000161640	19	50452242	50464429
ENSG00000223775	HSCHR6_MHC_SSTO	30576907	30585593
ENSG00000170312	10	62538089	62554610
ENSG00000175414	5	175792471	175828866
ENSG00000238411	21	9683191	9683272
ENSG00000264462	21	9825832	9826011
ENSG00000264063	21	9826203	9826263
ENSG00000140505	15	75041185	75048543
ENSG00000188474	19	12203078	12225491
ENSG00000146828	7	100424442	100464631
ENSG00000188681	21	9907190	9968585
ENSG00000134905	13	111293759	111365950
ENSG00000162885	1	235613238	235667781
ENSG00000236342	HSCHR6_MHC_MCF	30617610	30643414
ENSG00000239179	21	9937696	9937777
ENSG00000078328	16	6069095	7763340
ENSG00000239107	21	9937936	9938018
ENSG00000263839	21	10199943	10200025
ENSG00000132010	19	12203658	12251222
ENSG00000264002	21	10380380	10380661
ENSG00000252199	21	10385953	10386047
ENSG00000136267	7	14184674	15014402
ENSG00000137941	1	84330711	84464833
ENSG00000256269	11	118955576	118964259
ENSG00000270533	21	10475515	10476061
ENSG00000186635	11	72396114	72504644
ENSG00000048162	5	175810949	175815976
ENSG00000152684	5	52083774	52099880
ENSG00000235476	21	10872119	10872429
ENSG00000147065	X	64808257	64961791
ENSG00000223925	21	10899082	10900005
ENSG00000228907	HSCHR6_MHC_MANN	32185558	32187997
ENSG00000227691	21	10935976	10936167
ENSG00000238923	12	7052979	7053041
ENSG00000173193	3	122399465	122449687
ENSG00000143870	2	10923517	10978103
ENSG00000213297	19	12242932	12267546
ENSG00000164347	5	74017029	74063196
ENSG00000249115	19	36103646	36116251
ENSG00000163939	3	52579368	52719933
ENSG00000151834	4	46250444	46477247
ENSG00000182628	17	57187312	57232630
ENSG00000197430	10	98102973	98119092
ENSG00000212658	17	39458078	39459103
ENSG00000126749	12	7072408	7105520
ENSG00000160712	1	154377669	154441926
ENSG00000257591	19	12251032	12267546
ENSG00000222007	2	236682499	236692031
ENSG00000212657	17	39463952	39465505
ENSG00000168243	1	235710987	235814054
ENSG00000186860	17	39471173	39471947
ENSG00000242185	X	134866214	134874614
ENSG00000168505	2	237073879	237077012
ENSG00000006059	17	39502344	39507064
ENSG00000103653	15	75074398	75095539
ENSG00000131738	17	39519746	39526052
ENSG00000110429	11	33762485	33796089
ENSG00000237634	HSCHR6_MHC_COX	28908184	28908844
ENSG00000111834	6	116937642	116954148
ENSG00000197969	9	79792269	80036457
ENSG00000135298	6	69345259	70099403
ENSG00000232417	X	134883488	134891885
ENSG00000261833	16	76587314	76669520
ENSG00000215029	X	101629549	101726732
ENSG00000166164	16	50347398	50402845
ENSG00000175920	4	3465033	3503200
ENSG00000158417	2	99953816	100017789
ENSG00000185736	10	1228073	1779670
ENSG00000223687	HSCHR6_MHC_COX	28959158	28969698
ENSG00000146066	5	175815748	175816772
ENSG00000103111	16	77224732	77236302
ENSG00000134278	18	12446511	12658133
ENSG00000253320	8	103876528	103990104
ENSG00000182177	2	237102095	237173052
ENSG00000115661	2	220110177	220115059
ENSG00000008988	8	56979854	56987069
ENSG00000129951	19	812518	821967
ENSG00000229058	HSCHR6_MHC_MANN	32188172	32191528
ENSG00000262795	HSCHR21_4_CTG1_1	34757299	34861212
ENSG00000131737	17	39533902	39538655
ENSG00000163956	4	3508103	3534286
ENSG00000204393	20	31175281	31196695
ENSG00000051825	12	123636867	123728561
ENSG00000042088	14	90421283	90511106
ENSG00000094796	17	39549976	39553844
ENSG00000175416	5	175819456	175843570
ENSG00000120051	10	106113522	106214848
ENSG00000205078	16	77233294	77247112
ENSG00000006740	17	12692856	12894960
ENSG00000164171	5	52285156	52390609
ENSG00000162510	1	31184124	31196434
ENSG00000172232	19	825097	832017
ENSG00000149600	20	31290493	31331803
ENSG00000120727	5	138677276	138705406
ENSG00000158164	X	101768604	101771712
ENSG00000263160	HSCHR21_4_CTG1_1	34804792	34861875
ENSG00000100412	22	41865129	41924993
ENSG00000108417	17	39577005	39580775
ENSG00000183049	10	12391481	12877545
ENSG00000164690	7	155592680	155604967
ENSG00000163312	4	84328496	84377009
ENSG00000143669	1	235824341	236046940
ENSG00000232258	16	8619502	8622304
ENSG00000169291	1	154442248	154474589
ENSG00000196646	19	12273879	12300064
ENSG00000258890	17	62502706	62538579
ENSG00000171360	17	39592698	39597173
ENSG00000204876	7	155755326	155759037
ENSG00000168830	6	87647024	87726349
ENSG00000162511	1	31205316	31230667
ENSG00000244291	7	156431057	156433348
ENSG00000196415	19	840963	848175
ENSG00000148408	9	140772241	141019076
ENSG00000135346	6	87795216	87804824
ENSG00000140873	16	77281710	77469011
ENSG00000262911	HSCHR21_4_CTG1_1	34870054	34873585
ENSG00000125962	X	101854096	101859087
ENSG00000162512	1	31342314	31381608
ENSG00000170482	5	138702885	138720242
ENSG00000197857	19	12335501	12405702
ENSG00000132321	2	237232794	237416185
ENSG00000127824	2	220114433	220142892
ENSG00000104765	8	26240414	26363152
ENSG00000187172	21	10996026	11098980
ENSG00000170516	4	46736844	46911252
ENSG00000231852	6	32006042	32009447
ENSG00000228836	X	134928331	134953994
ENSG00000067365	16	8715540	8740081
ENSG00000092036	14	23415437	23426370
ENSG00000105982	7	156432975	156469824
ENSG00000172680	8	57025501	57026541
ENSG00000262473	HSCHR21_4_CTG1_1	34880498	34925355
ENSG00000231962	21	11153837	11155057
ENSG00000188868	19	12428291	12444534
ENSG00000271308	21	11169720	11184046
ENSG00000072422	10	62629196	62761198
ENSG00000234643	21	11180920	11181815
ENSG00000111144	12	96394606	96437298
ENSG00000229306	21	14371997	14389013
ENSG00000181690	8	57073463	57123883
ENSG00000163239	1	154474695	154520623
ENSG00000224309	21	14410481	14439354
ENSG00000198342	19	12460185	12476719
ENSG00000207097	21	14419904	14420010
ENSG00000168122	21	14467626	14486111
ENSG00000100413	22	41921808	41940610
ENSG00000169379	3	93698983	93774512
ENSG00000237202	21	14492565	14493128
ENSG00000153487	13	111365083	111373421
ENSG00000185390	21	14721586	14722969
ENSG00000155097	8	104033291	104085279
ENSG00000109158	4	46920917	46996424
ENSG00000188994	6	87862551	87973914
ENSG00000155659	X	65241580	65259967
ENSG00000153975	6	116956781	116989957
ENSG00000175302	21	14756570	14800094
ENSG00000140807	16	50582241	50670647
ENSG00000070495	17	74708919	74722866
ENSG00000075142	7	87834433	87856308
ENSG00000266211	21	14778705	14778781
ENSG00000123358	12	52416616	52453291
ENSG00000226930	21	14815694	14861497
ENSG00000126254	19	36119932	36128588
ENSG00000219280	21	14848692	14849584
ENSG00000197561	19	851014	856242
ENSG00000068489	17	57232860	57282066
ENSG00000255874	13	111521578	111522162
ENSG00000168216	6	70385694	70507003
ENSG00000228184	21	14897920	14900900
ENSG00000179381	21	14916603	14917506
ENSG00000228159	21	14918354	14930782
ENSG00000236875	9	11987	14522
ENSG00000236939	8	104145191	104153703
ENSG00000218549	21	14953365	14954325
ENSG00000207476	21	14993898	14994004
ENSG00000266299	21	15017096	15017171
ENSG00000227874	21	15038189	15039867
ENSG00000116962	1	236139130	236228462
ENSG00000214319	21	15048343	15049437
ENSG00000268744	19	12490003	12512088
ENSG00000229231	21	15134659	15136653
