ENSG00000234101	HSCHR6_MHC_COX	29008603	29009630
ENSG00000224922	21	15142253	15144061
ENSG00000197766	19	859453	863453
ENSG00000181404	9	14511	29739
ENSG00000164929	8	104152938	104242533
ENSG00000173231	21	15148407	15149587
ENSG00000232797	21	15164956	15165462
ENSG00000088448	13	111530887	111567416
ENSG00000105053	19	50479724	50529203
ENSG00000257327	12	104235229	104238442
ENSG00000224860	21	15196727	15197956
ENSG00000215562	21	15199017	15199948
ENSG00000136720	2	128994290	129076151
ENSG00000113194	5	175874629	175937075
ENSG00000135446	12	58141510	58149796
ENSG00000234538	21	15211439	15211730
ENSG00000196466	19	12500830	12512085
ENSG00000228314	21	15215454	15220685
ENSG00000233180	HSCHR6_MHC_COX	29050654	29051759
ENSG00000088305	20	31350191	31397162
ENSG00000156049	9	80037995	80263223
ENSG00000235291	HSCHR6_MHC_MCF	30646635	30664848
ENSG00000215527	18	12658042	12663470
ENSG00000142875	1	84543745	84704181
ENSG00000268870	19	12502763	12551896
ENSG00000170791	8	57124245	57131357
ENSG00000166348	10	75257296	75385711
ENSG00000187546	7	15239943	15601640
ENSG00000240694	8	26362202	26371608
ENSG00000108759	17	39616063	39623681
ENSG00000180855	19	12540521	12551926
ENSG00000242284	X	134945598	134953994
ENSG00000266367	HSCHR21_4_CTG1_1	34836774	34836866
ENSG00000227518	9	27657	30891
ENSG00000095587	10	98124363	98273675
ENSG00000262148	HSCHR21_4_CTG1_1	34863444	34864059
ENSG00000166126	14	103388993	103399933
ENSG00000167842	17	5389605	5394134
ENSG00000263314	HSCHR21_4_CTG1_1	34864363	34866122
ENSG00000218839	9	34394	35856
ENSG00000140876	16	77756411	77776157
ENSG00000169710	17	80036214	80056208
ENSG00000268781	4	3511523	3511678
ENSG00000156052	9	80331003	80646374
ENSG00000144140	9	52452	73323
ENSG00000216560	4	3578596	3592438
ENSG00000167208	16	50700211	50715264
ENSG00000225655	9	72701	88826
ENSG00000266027	HSCHR6_MHC_DBB	31689974	31714813
ENSG00000196911	6	117002350	117063029
ENSG00000128789	18	12658737	12725739
ENSG00000184160	4	3768075	3770251
ENSG00000077585	1	236305832	236385165
ENSG00000151093	3	25824408	25836025
ENSG00000227917	9	100804	102941
ENSG00000231808	9	112716	113754
ENSG00000235880	9	267966	273002
ENSG00000132300	2	86333305	86369280
ENSG00000166598	12	104323885	104347423
ENSG00000163319	4	84377085	84390888
ENSG00000269755	19	12543917	12595630
ENSG00000227155	9	454304	492112
ENSG00000128609	7	123177051	123198309
ENSG00000100678	14	70510934	70655787
ENSG00000172346	22	41956767	41973745
ENSG00000105672	19	36132647	36135773
ENSG00000222014	2	130737235	130740311
ENSG00000242852	19	12571998	12624668
ENSG00000160714	1	154521053	154531504
ENSG00000235330	9	477750	478423
ENSG00000170476	5	138723169	138725770
ENSG00000234549	HSCHR6_MHC_SSTO	30586040	30606022
ENSG00000135924	2	220143989	220151622
ENSG00000106511	7	15650837	15726437
ENSG00000228115	9	487774	495610
ENSG00000264949	9	507258	507553
ENSG00000226403	9	547317	549531
ENSG00000202172	9	558826	558930
ENSG00000196826	19	12572373	12662288
ENSG00000229875	9	659986	660326
ENSG00000092964	8	26371791	26515694
ENSG00000227914	9	673478	685555
ENSG00000163762	3	149036285	149052201
ENSG00000252991	9	1001858	1001963
ENSG00000228783	9	1011085	1011799
ENSG00000230965	21	15278281	15278809
ENSG00000198932	X	101906294	101914011
ENSG00000224836	9	1151807	1152140
ENSG00000100417	22	41972898	41985894
ENSG00000236594	9	1164414	1164867
ENSG00000171724	16	77822427	78014004
ENSG00000214960	7	16130817	16460947
ENSG00000233575	9	1328664	1328987
ENSG00000202383	9	1333837	1333953
ENSG00000175221	19	867962	893218
ENSG00000224092	9	1977784	1978547
ENSG00000215559	21	15281895	15352758
ENSG00000236199	9	2041900	2046023
ENSG00000222973	9	2162763	2162953
ENSG00000264615	9	2228963	2229241
ENSG00000169087	3	122458846	122512671
ENSG00000227074	HSCHR6_MHC_DBB	31712761	31714813
ENSG00000196604	2	130831108	130886795
ENSG00000236404	9	2422702	2641395
ENSG00000257084	12	7072409	7073610
ENSG00000146083	5	175953698	175965026
ENSG00000086619	1	236378855	236445319
ENSG00000148019	9	80850978	80894606
ENSG00000167207	16	50727514	50766988
ENSG00000230891	3	25900024	25915191
ENSG00000164930	8	104310661	104345094
ENSG00000231052	9	2541097	2541635
ENSG00000163288	4	46995740	47428461
ENSG00000169908	3	149086809	149095652
ENSG00000236496	9	2875442	2876427
ENSG00000229184	9	2900320	2900804
ENSG00000203616	21	15309314	15309646
ENSG00000126267	19	36139125	36149763
ENSG00000223287	21	15340810	15340916
ENSG00000266838	21	15357768	15357840
ENSG00000183249	21	15373248	15377600
ENSG00000227835	9	2907073	3053408
ENSG00000233442	21	15379455	15387201
ENSG00000164151	5	5420777	5490347
ENSG00000179796	3	26664297	26752267
ENSG00000203943	1	84764049	84855640
ENSG00000221450	9	2924323	2924410
ENSG00000067057	10	3108525	3179904
ENSG00000236511	9	3181589	3198517
ENSG00000163982	4	4190530	4228616
ENSG00000215297	9	3364329	3364792
ENSG00000013588	12	13043716	13070871
ENSG00000139266	12	58148881	58154190
ENSG00000134644	1	31404353	31538838
ENSG00000229861	HSCHR6_MHC_MCF	30663945	30672631
ENSG00000171680	1	6526152	6580121
ENSG00000232104	9	3526723	3671646
ENSG00000135363	11	33880122	33913836
ENSG00000144476	2	237476430	237491001
ENSG00000166509	16	78056412	78100658
ENSG00000164411	6	87992696	88038996
ENSG00000237359	9	3647335	3648338
ENSG00000235326	9	3674546	3691814
ENSG00000171243	7	16501106	16570205
ENSG00000226669	9	3684076	3689626
ENSG00000236724	9	3875584	3878809
ENSG00000132406	4	4237269	4249950
ENSG00000237009	9	3898642	3901248
ENSG00000169903	3	149191761	149221068
ENSG00000230001	9	4070906	4071884
ENSG00000228322	9	4299390	4306046
ENSG00000111291	12	13093709	13105081
ENSG00000158301	X	101967104	101973607
ENSG00000184566	11	33902189	33903338
ENSG00000221730	9	4378423	4378494
ENSG00000207713	12	7072862	7072929
ENSG00000111850	6	88032301	88052043
ENSG00000200941	9	4386410	4386556
ENSG00000207708	12	7073260	7073354
ENSG00000225893	9	4633027	4633756
ENSG00000271969	12	7074112	7074545
ENSG00000105668	19	36157715	36169367
ENSG00000238795	12	7076500	7076769
ENSG00000273061	9	4676600	4679502
ENSG00000272201	12	7087683	7089103
ENSG00000163322	4	84382092	84444501
ENSG00000198752	14	103398716	103523799
ENSG00000270639	9	4768617	4769895
ENSG00000140506	15	75105057	75118099
ENSG00000220105	9	4781475	4782078
ENSG00000232178	HSCHR6_MHC_COX	29076341	29077276
ENSG00000266316	GL000196.1	24523	24637
ENSG00000013583	12	13127798	13153207
ENSG00000156395	10	106400859	107024993
ENSG00000091592	17	5402747	5522744
ENSG00000233186	9	4803788	4804972
ENSG00000181038	17	74722912	74730018
ENSG00000199065	9	4850291	4850381
ENSG00000101624	18	12661832	12702776
ENSG00000228165	9	4850299	4850373
ENSG00000137976	1	84864215	84880701
ENSG00000100418	22	41994032	42017100
ENSG00000169019	4	47452885	47465736
ENSG00000220937	9	4944670	4945902
ENSG00000231676	HSCHR6_MHC_COX	29137979	29139019
ENSG00000186197	1	236511562	236648214
ENSG00000145220	4	4269428	4291896
ENSG00000196932	10	63166401	63213208
ENSG00000135069	9	80912059	80945009
ENSG00000249709	19	12636184	12662356
ENSG00000238362	9	4968097	4968185
ENSG00000234534	9	5040945	5041940
ENSG00000225291	HSCHR6_MHC_COX	29271118	29272234
ENSG00000182347	9	5084999	5086112
ENSG00000227730	9	5091093	5091604
ENSG00000198612	2	237993955	238009109
ENSG00000228166	9	5094139	5095014
ENSG00000224083	9	5096666	5098193
ENSG00000265303	17	57274927	57292587
ENSG00000269693	19	12636534	12691789
ENSG00000235917	9	5098341	5099325
ENSG00000228097	9	5099560	5100229
ENSG00000084444	12	13197218	13295455
ENSG00000197713	2	210867289	210886300
ENSG00000237711	9	5100236	5101009
ENSG00000019582	5	149781200	149792492
ENSG00000233046	HSCHR6_MHC_COX	29319722	29396318
ENSG00000236254	9	5107937	5109290
ENSG00000188033	19	12688775	12750912
ENSG00000226907	X	134962849	134971244
ENSG00000230225	9	5109496	5110762
ENSG00000117133	1	84944942	84963473
ENSG00000236567	9	5110913	5112849
ENSG00000254017	9	5113549	5114804
ENSG00000237553	9	5193339	5193558
ENSG00000198908	X	101975616	102008468
ENSG00000214195	9	5311444	5311716
ENSG00000204576	6	30524663	30531500
ENSG00000272866	9	5351796	5352410
ENSG00000231967	9	5356312	5356525
ENSG00000167447	17	57286761	57292608
ENSG00000135387	11	34073230	34122703
ENSG00000214190	9	5418373	5418976
ENSG00000186153	16	78133310	79246564
ENSG00000231509	9	5584490	5588994
ENSG00000225408	9	5719021	5720244
ENSG00000213578	15	75118888	75124141
ENSG00000223621	9	5855781	5856426
ENSG00000115267	2	163123589	163175213
ENSG00000238654	9	5890150	5890256
ENSG00000263575	9	6007826	6007904
ENSG00000135945	2	100016938	100106497
ENSG00000228739	9	6047360	6066714
ENSG00000237274	9	6195934	6197248
ENSG00000237100	HSCHR6_MHC_SSTO	30606238	30612400
ENSG00000173875	19	12721732	12742735
ENSG00000224905	21	15399742	15516789
ENSG00000183346	10	63422719	63526524
ENSG00000228132	9	6276640	6276974
ENSG00000233846	9	6278667	6279153
ENSG00000233367	9	6415145	6449558
ENSG00000105983	7	156461646	156685924
ENSG00000249493	21	15436646	15441408
ENSG00000163491	3	27151576	27410951
ENSG00000264530	9	6542094	6542350
ENSG00000252110	9	6566332	6566425
ENSG00000201812	21	15443192	15443307
ENSG00000237158	9	6568844	6569360
ENSG00000240755	21	15515902	15516479
ENSG00000206147	9	6639139	6639604
ENSG00000174021	1	84964008	84972248
ENSG00000236924	9	6645956	6670635
ENSG00000164932	8	104383743	104395225
ENSG00000226524	6	88032323	88109459
ENSG00000127954	7	87905744	87936206
ENSG00000266863	9	6661651	6661936
ENSG00000229057	9	6662424	6663792
ENSG00000183044	16	8768422	8878432
ENSG00000102606	13	111766906	111958084
ENSG00000231381	9	6668999	6670008
ENSG00000150347	10	63661059	63856703
ENSG00000203872	6	88054567	88075181
ENSG00000232946	9	6675284	6675614
ENSG00000146809	7	123207064	123277951
ENSG00000145246	4	47487305	47595503
ENSG00000229611	9	6704471	6707780
ENSG00000243064	21	15608527	15735075
ENSG00000225489	9	6716548	6727438
ENSG00000160716	1	154540257	154552502
ENSG00000152076	2	130896860	130902707
ENSG00000231108	9	6734598	6735076
ENSG00000203871	6	88106840	88109467
ENSG00000256968	9	6748703	6748981
ENSG00000182348	7	88388682	88966346
ENSG00000230581	9	6834456	6835577
ENSG00000197079	17	39632941	39637392
ENSG00000224972	9	6902670	6978859
ENSG00000230207	9	7477045	7478320
ENSG00000164933	8	104410863	104427417
ENSG00000178654	9	7597823	7598377
ENSG00000164645	7	88423420	88425035
ENSG00000273056	9	7786105	7786688
ENSG00000226376	9	7930827	7935137
ENSG00000231902	9	7960413	7961080
ENSG00000011590	19	36195429	36207940
ENSG00000196419	22	42017123	42060044
ENSG00000235389	9	8700595	8701552
ENSG00000212695	9	8713311	8713841
ENSG00000188486	11	118964564	118966177
ENSG00000272514	6	88117701	88174183
ENSG00000087077	7	100464760	100471076
ENSG00000164647	7	89783689	89794143
ENSG00000162408	1	6581407	6614595
ENSG00000239102	9	8797135	8797194
ENSG00000089472	X	65382391	65488709
ENSG00000126337	17	39642388	39648798
ENSG00000117151	1	85015289	85040163
ENSG00000225706	9	8858130	8862255
ENSG00000123395	12	52463030	52471278
ENSG00000251699	9	8888136	8888207
ENSG00000234021	9	8936079	8963077
ENSG00000232005	HSCHR6_MHC_MANN	32191945	32197387
ENSG00000230048	HSCHR6_MHC_DBB	31715552	31727293
ENSG00000212829	9	9090876	9091311
ENSG00000221708	9	9425461	9425558
ENSG00000108018	10	108333421	108924292
ENSG00000265735	9	9442060	9442347
ENSG00000230920	9	9799423	9803784
ENSG00000153982	17	57297828	57353328
ENSG00000234360	9	10532145	10532411
ENSG00000074276	5	175969512	176022975
ENSG00000226717	9	10613202	10620420
ENSG00000133983	14	70791798	70826448
ENSG00000138678	4	84457067	84527028
ENSG00000232035	9	10631750	10632203
ENSG00000227138	9	10777357	10777525
ENSG00000230589	9	10829752	10830308
ENSG00000270372	9	10948372	10948481
ENSG00000140474	15	75128457	75135687
ENSG00000234146	9	11011748	11013096
ENSG00000230365	9	11275314	11276314
ENSG00000239701	12	7139412	7139702
ENSG00000224935	9	12098660	12159147
ENSG00000257078	12	7148460	7148945
ENSG00000231491	9	12287320	12288238
ENSG00000222581	9	12300266	12300451
ENSG00000138463	3	122513642	122599986
ENSG00000172269	11	118967213	118979041
ENSG00000235448	9	12700100	12814344
ENSG00000116977	1	236681300	236716281
ENSG00000243115	9	12764762	12765054
ENSG00000222658	9	12885320	12885416
ENSG00000205885	12	7260648	7275097
ENSG00000214121	9	12972842	12973437
ENSG00000272333	19	36208921	36229779
ENSG00000234586	9	13021693	13022891
ENSG00000135372	11	34127149	34169217
ENSG00000171401	17	39657233	39661957
ENSG00000234740	9	13274509	13279186
ENSG00000223672	9	13322805	13323449
ENSG00000170786	8	57212569	57233335
ENSG00000205858	7	16566505	16621193
ENSG00000270547	9	13406379	13433052
ENSG00000200345	12	7271381	7271487
ENSG00000256967	12	7281675	7283794
ENSG00000226197	9	13446490	13487510
ENSG00000205636	9	13927970	13945609
ENSG00000228672	5	138727635	138730885
ENSG00000255572	12	7319270	7341665
ENSG00000139168	12	42705880	42719920
ENSG00000229268	9	13986174	13987908
ENSG00000235533	9	14025970	14030114
ENSG00000256480	12	7390028	7393582
ENSG00000223568	9	14040715	14041860
ENSG00000255836	12	7591376	7592586
ENSG00000077147	10	98277866	98347209
ENSG00000111012	12	58156117	58162769
ENSG00000235868	12	7718965	7719978
ENSG00000213954	9	14068931	14069416
ENSG00000234982	9	14204247	14205038
ENSG00000225472	9	14317084	14357907
ENSG00000180869	1	85093913	85100703
ENSG00000133398	5	6371994	6378707
ENSG00000237137	9	14531914	14532040
ENSG00000178750	3	93733213	93747454
ENSG00000181433	X	134971374	134995220
ENSG00000273399	9	14586767	14587324
ENSG00000198858	19	896503	913240
ENSG00000102128	X	102192200	102193228
ENSG00000272871	9	14588795	14590063
ENSG00000170807	7	123295861	123304344
ENSG00000182010	10	63942794	64028466
ENSG00000229029	9	14593575	14594198
ENSG00000199814	9	14850427	14850533
ENSG00000106524	7	16639401	16685442
ENSG00000214110	9	14921335	14922332
ENSG00000256331	12	7756946	7757810
ENSG00000255977	12	7759430	7759927
ENSG00000178700	3	93766680	93782233
ENSG00000111305	12	13236494	13256619
ENSG00000201549	12	7936999	7937107
ENSG00000170469	5	138732252	138739777
ENSG00000175354	18	12785477	12929642
ENSG00000199912	12	7952957	7953063
ENSG00000232000	9	14987300	15146399
ENSG00000222978	12	7999884	7999978
ENSG00000126246	19	36230058	36233354
ENSG00000201663	12	8003313	8003414
ENSG00000241828	12	8013033	8013360
ENSG00000106299	7	123321989	123389121
ENSG00000181195	8	57349233	57359293
ENSG00000215237	9	14993310	15019727
ENSG00000183807	6	117073363	117086886
ENSG00000083799	16	50775961	50835846
ENSG00000259132	14	23415479	23451467
ENSG00000234297	9	15055055	15056050
ENSG00000251960	9	15143287	15143384
ENSG00000263817	9	15348166	15348453
ENSG00000215236	9	15361391	15362132
ENSG00000143891	2	38893052	38968379
ENSG00000251834	9	15431897	15432004
ENSG00000226171	HSCHR6_MHC_SSTO	30612310	30632260
ENSG00000240613	9	15525782	15526079
ENSG00000213362	9	15527131	15527681
ENSG00000133169	X	102317579	102319168
ENSG00000164934	8	104426942	104455681
ENSG00000115271	2	163175350	163228105
ENSG00000214530	11	72465774	72504726
ENSG00000207433	9	15544186	15544292
ENSG00000267120	19	36230153	36236333
ENSG00000106829	9	82186688	82341658
ENSG00000231376	9	15588353	15588613
ENSG00000018408	3	149235022	149454501
ENSG00000207360	9	15776179	15776284
ENSG00000172375	11	118972908	118989252
ENSG00000231756	9	16473186	16476235
ENSG00000130921	12	123717463	123742506
ENSG00000230694	9	16625674	16626388
ENSG00000268977	16	79015647	79015739
ENSG00000168826	4	4291924	4323513
ENSG00000108854	17	62538413	62658186
ENSG00000234779	9	16726812	16727522
ENSG00000233551	9	16775571	16775843
ENSG00000153495	13	111968531	111996596
ENSG00000237153	9	17048917	17112813
ENSG00000173612	6	117113248	117150200
ENSG00000241152	9	17053899	17054200
ENSG00000167767	12	52562780	52585784
ENSG00000226470	9	17096299	17096444
ENSG00000054356	2	220154345	220174370
ENSG00000178573	16	79619740	79634611
ENSG00000237083	9	17108302	17108602
ENSG00000224488	9	17447143	17448541
ENSG00000228810	9	17589159	17591316
ENSG00000184857	16	8874241	8891505
ENSG00000204398	13	112240548	112324955
ENSG00000227167	9	18360595	18362218
ENSG00000264638	9	18573304	18573377
ENSG00000252960	9	18651145	18651448
ENSG00000236857	9	18717972	18718524
ENSG00000182968	13	112721913	112726020
ENSG00000223211	9	18834835	18834925
ENSG00000139174	12	42852140	42984157
ENSG00000236680	9	19026890	19028127
ENSG00000160710	1	154554538	154600475
ENSG00000251733	9	19063654	19063784
ENSG00000252943	9	19073841	19073944
ENSG00000175155	17	57409050	57479090
ENSG00000082293	6	70576463	70919679
ENSG00000201118	9	19089591	19089686
ENSG00000264126	9	19106479	19106788
ENSG00000101367	20	31407699	31438211
ENSG00000232176	9	19200333	19201044
ENSG00000232978	9	19291335	19292574
ENSG00000238348	9	19310689	19310786
ENSG00000153498	13	113030633	113089003
ENSG00000185002	6	117198375	117253326
ENSG00000272842	9	19371384	19371943
ENSG00000273226	9	19375449	19375994
ENSG00000234853	9	19383215	19383885
ENSG00000147206	X	102330738	102348157
ENSG00000260912	9	19453207	19455171
ENSG00000223662	21	15954523	15970624
ENSG00000231909	9	19460924	19464522
ENSG00000145198	3	183948217	183960117
ENSG00000163623	4	85413140	85419603
ENSG00000232884	21	16119083	16126184
ENSG00000232158	9	19705336	19705653
ENSG00000142528	19	50528971	50556671
ENSG00000037897	12	58162254	58166576
ENSG00000266224	9	19829751	19829845
ENSG00000228600	21	16129909	16130673
ENSG00000161265	19	36233365	36236346
ENSG00000261402	9	19926092	19929935
ENSG00000215218	5	6448736	6495022
ENSG00000226751	21	16134031	16135411
ENSG00000270712	9	19957392	19958145
ENSG00000157214	7	89796904	89867451
ENSG00000225502	21	16146622	16147583
ENSG00000221744	9	20295002	20295086
ENSG00000215529	20	31446729	31549006
ENSG00000237434	9	20331444	20332275
ENSG00000263790	9	20411146	20411236
ENSG00000255885	12	8023448	8023966
ENSG00000163624	4	85504132	85572491
ENSG00000222202	9	20418319	20418425
ENSG00000235609	21	16191164	16254296
ENSG00000264941	9	20502263	20502340
ENSG00000140650	16	8882680	8943188
ENSG00000176654	12	8045172	8052736
ENSG00000237088	9	20532550	20533337
ENSG00000170162	6	117586721	117594728
ENSG00000226406	21	16201475	16202310
ENSG00000252324	9	20576216	20576300
ENSG00000227071	9	20683303	20684687
ENSG00000235277	21	16290855	16319417
ENSG00000178694	3	93781760	93847389
ENSG00000117155	1	85109390	85156486
ENSG00000229047	21	16333630	16336554
ENSG00000207609	9	20716104	20716187
ENSG00000138311	10	64133951	64431771
ENSG00000236697	HSCHR6_MHC_MANN	32197967	32202724
ENSG00000231201	21	16343791	16365175
ENSG00000202189	9	20786926	20787054
ENSG00000230208	9	21058770	21059322
ENSG00000236471	21	16439391	16440158
ENSG00000225027	9	21106542	21106835
ENSG00000120907	8	26605667	26724790
ENSG00000199635	9	21160234	21160335
ENSG00000229425	21	16742841	16774624
ENSG00000232281	9	21178588	21179187
ENSG00000224132	2	238165734	238166319
ENSG00000226597	9	21190653	21191243
ENSG00000224524	21	16862849	16863086
ENSG00000267168	17	74729060	74734604
ENSG00000232056	2	10987703	10995081
ENSG00000224247	21	16866251	16868443
ENSG00000223684	9	21209188	21209778
ENSG00000173662	1	6615241	6639817
ENSG00000212564	21	16986602	16986708
ENSG00000232138	9	21231265	21231852
ENSG00000221497	21	17065527	17065622
ENSG00000224416	9	21278049	21278618
ENSG00000226298	21	17066619	17068900
ENSG00000172273	11	118992297	119006752
ENSG00000162975	2	11052063	11054350
ENSG00000226393	9	21321299	21321826
ENSG00000161652	19	50655805	50666452
ENSG00000238591	21	17080978	17081077
ENSG00000261696	9	21394887	21396345
ENSG00000231195	9	21398613	21399138
ENSG00000234159	21	17116323	17117399
ENSG00000152315	14	90528109	90652201
ENSG00000126216	13	113139325	113242481
ENSG00000235108	9	21403080	21403650
ENSG00000167098	20	31571579	31592239
ENSG00000252273	21	17407733	17407829
ENSG00000150873	2	11273179	11286916
ENSG00000237691	9	21420233	21420812
ENSG00000269242	19	12754645	12759211
ENSG00000238271	9	21455483	21456048
ENSG00000169446	X	135044229	135056222
ENSG00000171889	9	21455641	21559668
ENSG00000199177	9	21512114	21512184
ENSG00000264379	9	21524306	21524381
ENSG00000227443	9	21638284	21638675
ENSG00000229835	9	21695175	21696942
ENSG00000168589	16	80574631	80584657
ENSG00000244230	9	21699313	21699569
ENSG00000266732	9	21808057	21808123
ENSG00000100764	14	90722839	90738968
ENSG00000229298	9	21811620	21812346
ENSG00000265194	9	21858909	21861925
ENSG00000264801	9	21929456	21931072
ENSG00000231257	HSCHR6_MHC_MCF	30673078	30693061
ENSG00000232339	HSCHR6_MHC_MANN	32202044	32231292
ENSG00000266134	HG1304_PATCH	112375275	112392172
ENSG00000215386	21	17442842	17999716
ENSG00000171346	17	39669995	39678781
ENSG00000037474	5	6599352	6633404
ENSG00000136261	7	16685756	16746148
ENSG00000213463	14	70838148	70883778
ENSG00000162976	2	11295324	11319000
ENSG00000119285	1	236712305	236767804
ENSG00000170464	5	138744279	138780180
ENSG00000104331	8	57870492	57906403
ENSG00000240498	9	21994777	22121096
ENSG00000204859	1	6640061	6649340
ENSG00000078898	20	31595406	31611515
ENSG00000168477	6	32008931	32083111
ENSG00000139985	14	70918874	70926622
ENSG00000084628	1	31652592	31712401
ENSG00000269028	3	96335981	96337000
ENSG00000198689	X	135067598	135129423
ENSG00000134007	14	70989075	71001732
ENSG00000166446	16	80631803	80838226
ENSG00000169122	8	58907068	59116838
ENSG00000104774	19	12757325	12777556
ENSG00000204574	6	30539153	30564956
ENSG00000264528	HG1304_PATCH	112391980	112408732
ENSG00000006744	17	12895708	12921504
ENSG00000266446	9	21995481	21996012
ENSG00000215221	9	22012154	22012535
ENSG00000236921	9	22203989	22214671
ENSG00000116014	19	917287	921015
ENSG00000108406	17	57642886	57685706
ENSG00000234840	9	22646199	22824212
ENSG00000171517	1	85277285	85358896
ENSG00000236739	9	22747699	22748233
ENSG00000268141	1	154585067	154585190
ENSG00000224549	9	22767174	22768315
ENSG00000164587	5	149822753	149829319
ENSG00000265572	9	22953018	22953102
ENSG00000227607	9	23632104	23632358
ENSG00000197595	13	113301358	113338811
ENSG00000233906	9	23671786	23672397
ENSG00000226626	9	23681892	23682660
ENSG00000231460	9	23829668	23849912
ENSG00000060688	1	31732417	31769662
ENSG00000236428	HSCHR6_MHC_SSTO	30635612	30638612
ENSG00000237414	9	23894988	23898052
ENSG00000133997	14	71047974	71067384
ENSG00000269957	9	24545950	24591991
ENSG00000085415	18	12947132	12987535
ENSG00000216088	9	24872710	24872796
ENSG00000196781	9	84198598	84304220
ENSG00000223088	9	24905467	24905733
ENSG00000222693	9	25088809	25089149
ENSG00000116017	19	925781	975939
ENSG00000236306	9	25780054	25784560
ENSG00000270683	9	25937910	25938432
ENSG00000266429	9	26614038	26614123
ENSG00000254261	9	26746951	26786872
ENSG00000140497	15	75136071	75165706
ENSG00000252580	9	26796171	26796302
ENSG00000253400	9	26801731	26805860
ENSG00000080224	3	96533425	97471304
ENSG00000232466	9	26880176	26880547
ENSG00000213204	6	88117730	88221352
ENSG00000240306	9	26895676	26895968
ENSG00000234676	9	26955778	26956293
ENSG00000254396	9	27102628	27104726
ENSG00000223162	9	27198285	27198399
ENSG00000114744	3	149456257	149470286
ENSG00000096171	HSCHR6_MHC_DBB	31727480	31745915
ENSG00000232867	9	27210325	27210624
ENSG00000231459	9	27245682	27282791
ENSG00000255356	12	8049204	8049552
ENSG00000206636	12	8128855	8128956
ENSG00000103121	16	81009698	81053875
ENSG00000153898	1	85391268	85462796
ENSG00000138081	2	48016455	48132932
ENSG00000240739	12	8147366	8147680
ENSG00000168824	4	4349867	4420785
ENSG00000237734	9	27391732	27397561
ENSG00000255964	12	8167620	8169002
ENSG00000215441	9	27608380	27610743
ENSG00000255581	12	8169797	8170456
ENSG00000260390	9	27829274	27844479
ENSG00000115875	2	38970741	38978636
ENSG00000235602	12	8286368	8287447
ENSG00000260412	9	27937615	27944495
ENSG00000229060	9	28148209	28149234
ENSG00000224955	9	28598666	28599290
ENSG00000256171	12	8293764	8295293
ENSG00000215966	9	28863624	28863704
ENSG00000215939	9	28888877	28888953
ENSG00000143603	1	154669931	154842756
ENSG00000230276	9	29254073	29254424
ENSG00000229834	9	29636484	29636851
ENSG00000070614	5	149865381	149937773
ENSG00000226711	12	8332805	8368747
ENSG00000230097	9	29824740	29826709
ENSG00000253903	8	26943694	26944766
ENSG00000239155	9	30178473	30178575
ENSG00000214976	21	17466735	17467692
ENSG00000232060	9	30558878	30559479
ENSG00000123427	12	58165275	58176324
ENSG00000145244	4	47596015	47840123
ENSG00000239792	9	30670962	30671964
ENSG00000224602	21	17493630	17493964
ENSG00000231135	HSCHR6_MHC_SSTO	30659033	30677115
ENSG00000215210	9	30689103	30690270
ENSG00000201025	21	17657017	17657089
ENSG00000270071	21	17664112	17680454
ENSG00000221111	9	30771095	30771197
ENSG00000270139	21	17789459	17791400
ENSG00000235626	9	30773462	30774730
ENSG00000167104	20	31619454	31631853
ENSG00000207638	21	17911409	17911489
ENSG00000211510	9	30774226	30774317
ENSG00000199030	21	17912143	17912236
ENSG00000226246	9	30799469	30800744
ENSG00000172350	11	119019722	119033360
ENSG00000269950	21	17947038	17954957
ENSG00000233278	9	30831876	30832223
ENSG00000207863	21	17962557	17962645
ENSG00000111328	12	123745528	123756881
ENSG00000214020	9	30935483	30935975
ENSG00000228798	21	18003146	18013002
ENSG00000164346	5	74062817	74072737
ENSG00000270093	21	18015848	18017384
ENSG00000228557	9	30988083	30990570
ENSG00000239023	21	18091317	18091476
ENSG00000065268	19	983174	994569
ENSG00000237735	21	18126838	18188007
ENSG00000205155	19	36236015	36237911
ENSG00000223421	9	31165616	31166978
ENSG00000232886	21	18235195	18246011
ENSG00000232203	9	31253899	31254775
ENSG00000225735	21	18582787	18583665
ENSG00000068650	13	113344643	113541482
ENSG00000260720	9	31371609	31381488
ENSG00000186190	20	31643230	31661434
ENSG00000252462	21	18803865	18803965
ENSG00000226998	9	31505278	31505941
ENSG00000252613	21	18824999	18825052
ENSG00000229080	9	31505944	31506613
ENSG00000226580	21	18872997	18873142
ENSG00000266195	21	18878771	18879044
ENSG00000161547	17	74730197	74733456
ENSG00000235148	9	31644574	31645158
ENSG00000232260	21	18890841	18891311
ENSG00000206199	3	149478892	149686172
ENSG00000100138	22	42069934	42086508
ENSG00000252313	9	32293556	32293690
ENSG00000188223	19	36236579	36245420
ENSG00000225347	9	32333455	32334352
ENSG00000168010	11	72525353	72554719
ENSG00000203543	9	32547881	32548148
ENSG00000203542	9	32548215	32548487
ENSG00000015592	8	27092840	27115937
ENSG00000153046	6	4706393	4955785
ENSG00000235453	9	32551142	32567003
ENSG00000129474	14	23440383	23451851
ENSG00000267796	19	36239262	36245420
ENSG00000184611	2	163227917	163695240
ENSG00000203659	9	32553187	32553801
ENSG00000164414	6	88180341	88222054
ENSG00000214006	9	32556904	32557921
ENSG00000214929	9	84603687	84610171
ENSG00000232303	9	32566146	32567124
ENSG00000184208	22	42084943	42094140
ENSG00000256239	9	32629452	32635667
ENSG00000077522	1	236849754	236927931
ENSG00000223440	9	32633452	32648683
ENSG00000230516	9	32643101	32645024
ENSG00000238001	9	32676061	32676518
ENSG00000230867	9	32727067	32727520
ENSG00000221696	9	32764294	32764420
ENSG00000272113	9	32820249	32820356
ENSG00000236796	9	32836573	32869593
ENSG00000165105	9	85594500	85678092
ENSG00000163625	4	85590704	85887544
ENSG00000111145	12	96588160	96663613
ENSG00000105792	7	89874488	89940377
ENSG00000231193	9	32840596	32841760
ENSG00000223807	9	32926049	32926448
ENSG00000237437	9	32945994	32947220
ENSG00000162643	1	85464830	85598821
ENSG00000244050	12	8352195	8371507
ENSG00000236184	9	32979558	32980401
ENSG00000121766	1	31769842	31837783
ENSG00000215114	8	59323823	59364060
ENSG00000225693	9	33019680	33020163
ENSG00000254016	12	8380330	8384360
ENSG00000222169	9	33042107	33042214
ENSG00000233554	9	33166973	33179981
ENSG00000266026	12	8382368	8382433
ENSG00000252224	9	33174168	33174293
ENSG00000164845	12	8385108	8395544
ENSG00000200544	9	33352786	33352872
ENSG00000223678	9	33402855	33409946
ENSG00000134318	2	11319887	11488456
ENSG00000270542	9	33449753	33449939
ENSG00000103449	16	51169886	51185278
ENSG00000144445	2	210886147	211036107
ENSG00000226823	9	33503653	33510709
ENSG00000206245	HSCHR6_MHC_MANN	32299914	32391764
ENSG00000163344	1	154897210	154909467
ENSG00000228072	9	33512957	33514771
ENSG00000105357	19	50691443	50813802
ENSG00000087087	7	100472733	100486285
ENSG00000225123	9	33574359	33574586
ENSG00000171992	5	149980642	150038782
ENSG00000234373	9	33576378	33577012
ENSG00000269590	19	12775642	12780211
ENSG00000226562	9	33580693	33605289
ENSG00000153048	16	8946799	8962866
ENSG00000167910	8	59402737	59412795
ENSG00000166451	16	81040103	81066719
ENSG00000204982	9	33613846	33614007
ENSG00000198780	5	74073399	74162776
ENSG00000231991	9	33624223	33625532
ENSG00000082684	3	122628041	122747452
ENSG00000234122	9	33634109	33634244
ENSG00000215206	9	33649045	33649612
ENSG00000178802	15	75182346	75191798
ENSG00000168818	4	4417469	4544073
ENSG00000240215	9	33662164	33662661
ENSG00000132305	2	86371055	86422893
ENSG00000237984	9	33673502	33677497
ENSG00000268192	11	119027590	119027930
ENSG00000172159	9	85857905	86153461
ENSG00000231165	9	33695765	33696057
ENSG00000260947	9	33697457	33700984
ENSG00000227301	9	33719688	33722553
ENSG00000214160	3	183960089	183967336
ENSG00000233776	9	33732973	33738414
ENSG00000176809	17	62850430	62915598
ENSG00000235481	9	33785948	33818793
ENSG00000146282	6	88224096	88299721
ENSG00000223394	9	33786526	33786826
ENSG00000167077	22	42095503	42195460
ENSG00000200834	9	33830976	33831076
ENSG00000251748	9	33868538	33868663
ENSG00000257921	12	58166811	58180829
ENSG00000100802	14	23456110	23479375
ENSG00000230925	9	33909607	33911120
ENSG00000238300	9	33934294	33934374
ENSG00000238886	9	33952767	33952848
ENSG00000225412	HSCHR6_MHC_MANN	32400085	32414370
ENSG00000226801	9	33968069	33968516
ENSG00000252406	9	34018258	34018319
ENSG00000222259	9	34049964	34050242
ENSG00000228352	9	34084330	34096223
ENSG00000224802	9	34109169	34109966
ENSG00000162413	1	6650784	6674667
ENSG00000239392	9	34133155	34134694
ENSG00000249751	5	138784245	138842328
ENSG00000203513	9	34169687	34169934
ENSG00000227383	9	34191553	34191879
ENSG00000004776	19	36245469	36248980
ENSG00000264440	HG1304_PATCH	112408802	112423993
ENSG00000200141	9	34194810	34194905
ENSG00000055732	1	85483765	85514182
ENSG00000203512	9	34195642	34195883
ENSG00000269071	5	138852108	138852506
ENSG00000203511	9	34201271	34201513
ENSG00000252164	9	34206132	34206239
ENSG00000182263	2	164449906	164592522
ENSG00000233668	9	34223982	34224626
ENSG00000222426	9	34282526	34282668
ENSG00000134531	12	13349650	13369708
ENSG00000266881	9	34296377	34296428
ENSG00000123154	19	12777614	12786646
ENSG00000177791	10	75391412	75401515
ENSG00000137575	8	59465483	59495419
ENSG00000116273	1	6673745	6684093
ENSG00000123297	12	58176372	58201854
ENSG00000215241	12	8388011	8395160
ENSG00000184584	5	138855119	138862520
ENSG00000133985	14	71108504	71142077
ENSG00000256589	12	8407123	8461445
ENSG00000106302	7	123469037	123517532
ENSG00000226091	12	8448582	8549399
ENSG00000116984	1	236958610	237067281
ENSG00000148057	9	86237964	86259045
ENSG00000171345	17	39679869	39684560
ENSG00000180861	12	13524023	13540101
ENSG00000186191	20	31667450	31699557
ENSG00000160703	11	119037277	119054725
ENSG00000041988	1	6684926	6695646
ENSG00000164591	5	150040436	150058927
ENSG00000101639	18	12991361	13125051
ENSG00000261190	16	52039399	52112386
ENSG00000167595	19	36249044	36261930
ENSG00000166317	10	75404639	75423561
ENSG00000097096	1	85622556	85666729
ENSG00000176155	17	80059336	80170706
ENSG00000106304	7	123565286	123611468
ENSG00000256552	12	8472977	8522151
ENSG00000187555	16	8985951	9058371
ENSG00000131050	20	31749574	31769218
ENSG00000232421	HSCHR6_MHC_SSTO	30679427	30684652
ENSG00000103460	16	52471917	52581714
ENSG00000162642	1	85715639	85725355
ENSG00000163359	2	238232646	238323018
ENSG00000102409	X	102470020	102472174
ENSG00000173157	12	43747669	43945724
ENSG00000006432	14	71189243	71276251
ENSG00000135018	9	86274878	86323118
ENSG00000205436	14	103566481	103576896
ENSG00000086589	5	150070356	150080669
ENSG00000131059	20	31805116	31815564
ENSG00000166016	11	34172535	34379555
ENSG00000059758	12	96672039	96794338
ENSG00000142867	1	85731931	85742773
ENSG00000224120	HSCHR6_MHC_MCF	30693277	30699447
ENSG00000166454	16	81069452	81080963
ENSG00000251394	HSCHR6_MHC_COX	29337930	29414451
ENSG00000121769	1	31838472	31849697
ENSG00000163346	1	154916552	154928599
ENSG00000263699	HG1304_PATCH	112430063	112576141
ENSG00000269117	20	31823091	31823387
ENSG00000176406	8	104512976	105268322
ENSG00000235966	HSCHR6_MHC_COX	29361002	29362034
ENSG00000082996	3	149530495	149679926
ENSG00000273079	12	13693165	14133053
ENSG00000135480	12	52626304	52645970
ENSG00000244020	1	237167403	237167718
ENSG00000139697	12	123773656	123849390
ENSG00000182698	2	220192131	220197899
ENSG00000224234	HSCHR6_MHC_COX	29381648	29405305
ENSG00000198183	20	31823801	31831115
ENSG00000007923	1	6694228	6761984
ENSG00000153904	1	85784164	86043933
ENSG00000121691	11	34460472	34493609
ENSG00000144218	2	100162323	100759201
ENSG00000168528	1	31882412	31907525
ENSG00000112280	6	70924764	71012786
ENSG00000165113	9	86354336	86444431
ENSG00000230780	HSCHR6_MHC_COX	29389855	29421426
ENSG00000170448	4	47849257	47916653
ENSG00000179314	17	5675554	6027747
ENSG00000269169	19	999601	999952
ENSG00000171403	17	39722096	39728310
ENSG00000234224	7	123670973	123673523
ENSG00000136699	2	130908981	130940323
ENSG00000116032	19	1000418	1009731
ENSG00000170775	7	124386051	124405681
ENSG00000231377	HSCHR6_MHC_MCF	30699357	30719302
ENSG00000268950	1	31902192	31902614
ENSG00000186847	17	39738531	39743173
ENSG00000004777	19	36265434	36279724
ENSG00000142871	1	86046444	86049645
ENSG00000200754	21	18899458	18899565
ENSG00000199962	21	18949116	18949224
ENSG00000226956	21	19031594	19032702
ENSG00000146909	7	156742417	156765876
ENSG00000226260	HSCHR6_MHC_MANN	32446282	32451493
ENSG00000235132	HSCHR6_MHC_COX	29421536	29428682
ENSG00000240770	21	19135632	19164840
ENSG00000135336	6	88299839	88377169
ENSG00000244676	21	19165805	19183162
ENSG00000181915	10	64564516	64568238
ENSG00000231755	21	19207333	19257925
ENSG00000221335	21	19264028	19264116
ENSG00000215369	21	19266510	19266802
ENSG00000142910	1	32042116	32053288
ENSG00000152147	2	38978676	39012142
ENSG00000227330	21	19394687	19487222
ENSG00000228708	21	19849676	19858917
ENSG00000122877	10	64571756	64679660
ENSG00000227826	HSCHR6_MHC_MANN	32542662	32557610
ENSG00000224141	21	19933583	20132321
ENSG00000126861	17	29599031	29624557
ENSG00000256101	12	8474472	8482210
ENSG00000178761	15	75192328	75199462
ENSG00000119720	14	90742580	90798481
ENSG00000104228	8	27142404	27168836
ENSG00000135374	11	34500340	34535352
ENSG00000117174	1	86115106	86174116
ENSG00000172650	10	75434033	75457639
ENSG00000182087	19	1009647	1021117
ENSG00000148572	10	64893050	64914783
ENSG00000229074	HSCHR6_MHC_MANN	32691166	32725266
ENSG00000165115	9	86451613	86536342
ENSG00000180964	X	102507923	102510131
ENSG00000126217	13	113548692	113754053
ENSG00000128513	7	124462440	124570037
ENSG00000221307	12	8476927	8477027
ENSG00000242661	12	8511650	8512430
ENSG00000225060	HSCHR6_MHC_MCF	30722654	30734160
ENSG00000221104	12	8519282	8519427
ENSG00000256136	12	8559429	8559791
ENSG00000238152	12	8567376	8568401
ENSG00000266218	12	8579196	8579283
ENSG00000214487	12	8580236	8581206
ENSG00000163132	4	4861393	4865663
ENSG00000151468	10	12938627	13141652
ENSG00000120063	17	63006833	63052957
ENSG00000166455	16	81087102	81110872
ENSG00000171681	12	14518610	14651697
ENSG00000022267	X	135229559	135293518
ENSG00000100147	22	42196683	42222303
ENSG00000125999	20	31861286	31897684
ENSG00000225890	HSCHR6_MHC_MANN	32748724	32771089
ENSG00000131398	19	50815194	50836772
ENSG00000131080	X	65815479	65859108
ENSG00000231502	HSCHR6_MHC_DBB	31747358	31756947
ENSG00000165118	9	86553226	86571901
ENSG00000140905	16	81115566	81130008
ENSG00000108039	10	111624524	111683311
ENSG00000163348	1	154929502	154936329
ENSG00000137478	11	72547790	72853306
ENSG00000124787	6	4994966	5004297
ENSG00000198626	1	237205505	237997288
ENSG00000233141	HSCHR6_MHC_COX	29451051	29452315
ENSG00000113966	3	97483365	97519953
ENSG00000135407	12	58191159	58212487
ENSG00000198911	22	42229109	42303312
ENSG00000141367	17	57697219	57773671
ENSG00000172367	11	119056166	119060932
ENSG00000170891	4	5016313	5021199
ENSG00000258145	HSCHR6_MHC_MANN	32768066	32777985
ENSG00000258062	HSCHR6_MHC_MANN	32768896	32769252
ENSG00000178741	15	75212132	75230509
ENSG00000257123	HSCHR6_MHC_MANN	32778165	32778539
ENSG00000177586	12	8589999	8591021
ENSG00000035681	8	59496063	59572403
ENSG00000243830	12	8613214	8613828
ENSG00000201780	12	8637342	8637448
ENSG00000246115	12	8664970	8665322
ENSG00000047936	6	117609463	117747018
ENSG00000064666	19	1026298	1039068
ENSG00000131508	5	138906016	139008018
ENSG00000135373	11	34642640	34682604
ENSG00000147647	8	105342552	105479281
ENSG00000177200	16	53088945	53363062
ENSG00000130675	7	156786745	156803345
ENSG00000185215	14	103589779	103603776
ENSG00000129221	17	6297013	6338519
ENSG00000234258	HSCHR6_MHC_DBB	31759586	31765032
ENSG00000230143	HSCHR6_MHC_SSTO	30686935	30701969
ENSG00000164935	8	105351315	105368917
ENSG00000166473	16	81134480	81253975
ENSG00000234475	HSCHR6_MHC_DBB	31765431	31767913
ENSG00000171502	1	86194916	86622626
ENSG00000185862	17	29630784	29641130
ENSG00000234809	HSCHR6_MHC_MCF	30734312	30737685
ENSG00000176986	10	75504120	75531919
ENSG00000121764	1	32083287	32098119
ENSG00000107959	10	3179920	3215003
ENSG00000266967	17	41102543	41116515
ENSG00000115361	2	211052663	211090215
ENSG00000182831	16	9185505	9215497
ENSG00000169258	5	176022803	176037134
ENSG00000260362	16	9760742	9770700
ENSG00000268130	13	113755563	113756608
ENSG00000248712	11	119060347	119067479
ENSG00000065485	3	122785909	122944074
ENSG00000171735	1	6845384	7829766
ENSG00000116996	1	238045705	238054094
ENSG00000074317	5	176047085	176057530
ENSG00000164172	5	52391509	52405893
ENSG00000234965	22	42307297	42310570
ENSG00000123992	2	220238268	220264744
ENSG00000101391	20	31946645	31989367
ENSG00000057593	13	113760105	113774995
ENSG00000162517	1	32095463	32110497
ENSG00000255801	12	8700957	8720209
ENSG00000204065	X	102528619	102531800
ENSG00000138639	4	86396267	86923823
ENSG00000231555	HSCHR6_MHC_DBB	31777702	31780222
ENSG00000129317	12	44122410	44152620
ENSG00000100731	14	71374122	71582099
ENSG00000270188	1	238107024	238108575
ENSG00000169016	2	11584501	11606297
ENSG00000131408	19	50832910	50886239
ENSG00000175766	5	176057683	176073642
ENSG00000133019	1	239549865	240078750
ENSG00000133134	X	102564274	102565974
ENSG00000250799	19	36290890	36304201
ENSG00000110395	11	119076752	119178859
ENSG00000170442	12	52643084	52702947
ENSG00000229300	HSCHR6_MHC_DBB	31784575	31789730
ENSG00000233280	3	97540884	97594132
ENSG00000182916	X	102585124	102587254
ENSG00000126218	13	113777128	113803843
ENSG00000175591	11	72929343	72947397
ENSG00000183454	16	9852376	10276611
ENSG00000080200	3	97595819	97663810
ENSG00000155816	1	240177648	240638489
ENSG00000108370	17	63133549	63223821
ENSG00000165119	9	86582998	86595569
ENSG00000237095	HSCHR6_MHC_MCF	30746071	30764152
ENSG00000115290	2	165349322	165478358
ENSG00000163293	4	47916159	48042188
ENSG00000147650	8	105501459	105601252
ENSG00000171988	10	64926981	65225722
ENSG00000048140	5	176074388	176086058
ENSG00000120899	8	27168999	27316903
ENSG00000161270	19	36316866	36360189
ENSG00000126231	13	113812968	113826694
ENSG00000265118	17	29632231	29645849
ENSG00000171604	5	139026884	139063467
ENSG00000178718	15	75246757	75249805
ENSG00000171631	11	72975550	73009662
ENSG00000185222	X	102611373	102613397
ENSG00000100664	14	103799881	103811362
ENSG00000269446	7	156902674	156903764
ENSG00000253350	8	105602961	106431488
ENSG00000268365	1	240629183	240643504
ENSG00000105583	19	12778885	12782170
ENSG00000180875	1	240652873	240775449
ENSG00000225824	HSCHR6_MHC_MANN	32779140	32788434
ENSG00000149089	11	34874641	34938046
ENSG00000198668	14	90862846	90874605
ENSG00000009335	7	156931607	157062066
ENSG00000159958	22	42321045	42322822
ENSG00000163938	3	52715172	52728508
ENSG00000049245	1	7831329	7841492
ENSG00000258296	HSCHR6_MHC_MANN	32849115	32852880
ENSG00000169946	8	106330920	106816760
ENSG00000092931	17	74731947	74777531
ENSG00000231823	HSCHR6_MHC_MANN	32862880	32868441
ENSG00000168530	2	211154874	211179914
ENSG00000238943	12	8745072	8745181
ENSG00000047932	6	117639374	117923691
ENSG00000252727	12	8750105	8750236
ENSG00000255967	12	8786963	8790204
ENSG00000255829	12	8816607	8821607
ENSG00000198515	4	47937994	48018689
ENSG00000131400	19	50861734	50869087
ENSG00000198794	15	75249560	75313837
ENSG00000256004	12	8831369	8832266
ENSG00000244131	12	8895024	8895668
ENSG00000205426	12	52679697	52685318
ENSG00000229493	HSCHR6_MHC_MANN	32877673	32885131
ENSG00000095059	19	12786531	12792716
ENSG00000100162	22	42334725	42343168
ENSG00000135697	16	81272053	81324747
ENSG00000145545	5	6633456	6669675
ENSG00000132912	5	150088002	150138671
ENSG00000126860	17	29644578	29648902
ENSG00000064687	19	1040102	1065571
ENSG00000049246	1	7844380	7905237
ENSG00000234343	HSCHR6_MHC_DBB	31807625	31812872
ENSG00000183955	12	123868320	123893905
ENSG00000166681	X	102631268	102633005
ENSG00000256661	12	8928815	8983543
ENSG00000082438	2	165510134	165700189
ENSG00000249790	12	8940853	8948385
ENSG00000206235	HSCHR6_MHC_MANN	32943409	32960357
ENSG00000261609	16	81348557	81424489
ENSG00000256904	12	8972412	8973309
ENSG00000113763	5	176237478	176307897
ENSG00000257105	12	9139771	9149162
ENSG00000110435	11	34937376	35042138
ENSG00000121542	3	122920774	122992977
ENSG00000213049	12	9180128	9181685
ENSG00000122417	1	86814344	86862023
ENSG00000255776	12	9188940	9189840
ENSG00000214851	12	9208182	9217666
ENSG00000150977	12	123899936	123921264
ENSG00000084636	1	32117848	32169920
ENSG00000172476	X	102754678	102774417
ENSG00000245105	12	9217773	9220651
ENSG00000129680	X	135295381	135338641
ENSG00000256937	12	9280379	9281241
ENSG00000198001	12	44152747	44183346
ENSG00000126226	13	113831891	113863029
ENSG00000219607	6	5085720	5087455
ENSG00000070087	3	149682691	149768575
ENSG00000134363	5	52776239	52782964
ENSG00000211542	12	9280467	9280581
ENSG00000256720	12	9287680	9288187
ENSG00000146005	5	139175406	139224051
ENSG00000182901	1	240931554	241520530
ENSG00000184209	12	123942188	123957701
ENSG00000198846	8	59717977	60031767
ENSG00000138621	15	75315896	75409803
ENSG00000105793	7	89964537	90020769
ENSG00000152953	4	5053169	5502725
ENSG00000256235	5	150157508	150176296
ENSG00000214113	6	5102827	5261172
ENSG00000100167	22	42372276	42394225
ENSG00000269636	5	150157867	150176297
ENSG00000110237	11	73019334	73080136
ENSG00000132004	19	12798867	12807457
ENSG00000235030	HSCHR6_MHC_SSTO	30702435	30703790
ENSG00000237693	5	150226085	150280298
ENSG00000132313	2	86426478	86440917
ENSG00000074966	4	48068410	48136273
ENSG00000164465	6	117774980	117891021
ENSG00000178966	9	86595626	86618985
ENSG00000256817	12	9308477	9308968
ENSG00000258291	HSCHR6_MHC_SSTO	30978726	30994957
ENSG00000153815	16	81478775	81745367
ENSG00000238831	12	9362159	9362217
ENSG00000234674	HSCHR6_MHC_SSTO	31120397	31126071
ENSG00000204569	6	30568177	30586389
ENSG00000112941	5	6714718	6757161
ENSG00000176928	5	74323289	74326724
ENSG00000145908	5	150273954	150284545
ENSG00000188026	12	123955925	124018265
ENSG00000145194	3	183967438	184010819
ENSG00000167173	15	75487984	75504510
ENSG00000179603	7	126078652	126893348
ENSG00000197506	9	86890372	86955672
ENSG00000054967	11	73087309	73108519
ENSG00000131242	17	29718642	29865236
ENSG00000236443	HSCHR6_MHC_MANN	32962293	32966279
ENSG00000135334	6	88384790	88411927
ENSG00000145700	5	74364100	74532703
ENSG00000062822	19	50887461	50921273
ENSG00000091483	1	241660903	241683061
ENSG00000160883	5	176307870	176326333
ENSG00000137975	1	86889769	86922241
ENSG00000133142	X	102831159	102842657
ENSG00000129195	17	6347735	6354789
ENSG00000101400	20	31995761	32031698
ENSG00000169083	X	66764465	66950461
ENSG00000256069	12	9381129	9428413
ENSG00000166669	16	10420291	10577495
ENSG00000158458	5	139226364	139422884
ENSG00000123240	10	13141449	13180291
ENSG00000049247	1	7903143	7913572
ENSG00000068615	2	86441116	86565206
ENSG00000231503	12	9392582	9392927
ENSG00000211445	5	150400124	150408554
ENSG00000167195	15	75550940	75562540
ENSG00000176125	7	100486346	100487339
ENSG00000170523	12	52708085	52715182
ENSG00000170500	2	100889753	100939195
ENSG00000082929	4	5526296	5529528
ENSG00000016864	3	52728505	52740048
ENSG00000178538	8	61099906	61193971
ENSG00000140478	15	75575176	75586816
ENSG00000016490	1	86934051	86965972
ENSG00000054965	11	73111532	73309234
ENSG00000155629	10	98353069	98480271
ENSG00000266823	HG1304_PATCH	112475967	112487670
ENSG00000269766	11	35150091	35150215
ENSG00000271233	HG1304_PATCH	112538842	112540772
ENSG00000126259	19	36346763	36358011
ENSG00000270663	HG1304_PATCH	112555367	112555960
ENSG00000165476	10	65281123	65384883
ENSG00000153976	17	13399006	13505244
ENSG00000141526	17	80186273	80219005
ENSG00000229684	HSCHR6_MHC_MCF	30766464	30771689
ENSG00000117009	1	241695434	241758944
ENSG00000237582	HSCHR6_MHC_SSTO	31121263	31132565
ENSG00000237248	12	9392599	9395635
ENSG00000267964	10	75531935	75532378
ENSG00000170854	3	97660662	97691301
ENSG00000141378	17	57751997	57784987
ENSG00000213853	16	10622279	10674555
ENSG00000175215	12	58213710	58240522
ENSG00000262773	HSCHR2_1_CTG12	169643049	169722026
ENSG00000049249	1	7979907	8000926
ENSG00000196968	10	75532049	75540009
ENSG00000033867	3	27414214	27525911
ENSG00000006695	17	13972813	14111994
ENSG00000016602	1	87012761	87046437
ENSG00000109339	4	86936276	87515284
ENSG00000087206	5	176332006	176449634
ENSG00000256427	12	9399093	9410556
ENSG00000104388	8	61429416	61536186
ENSG00000086598	12	124069078	124083116
ENSG00000076706	11	119179241	119192231
ENSG00000111788	12	9429831	9466684
ENSG00000121316	12	14656595	14721283
ENSG00000186832	17	39766030	39772151
ENSG00000105576	19	12810008	12834825
ENSG00000116288	1	8014351	8045565
ENSG00000054277	1	241753404	241840678
ENSG00000173040	4	5544499	5711275
ENSG00000078699	20	32077881	32237842
ENSG00000097033	1	87170259	87213867
ENSG00000183230	10	67672276	69455927
ENSG00000153989	6	117996665	118031803
ENSG00000135605	4	48137800	48271881
ENSG00000203668	1	241792155	241799232
ENSG00000173175	3	123001143	123168605
ENSG00000263162	HSCHR15_1_CTG4	28356186	28567298
ENSG00000160691	1	154934774	154946871
ENSG00000145982	6	5261277	5771813
ENSG00000105290	19	36358801	36370693
ENSG00000196376	6	118228689	118638839
ENSG00000148053	9	87283466	87638505
ENSG00000113161	5	74632154	74657929
ENSG00000157224	7	90013035	90142716
ENSG00000167889	17	74864538	74946475
ENSG00000262452	HSCHR2_1_CTG12	169690642	169786870
ENSG00000087085	7	100487615	100494594
ENSG00000173456	11	119205237	119208023
ENSG00000172586	10	75541805	75543410
ENSG00000163214	2	39024871	39103075
ENSG00000105993	7	157128075	157210133
ENSG00000223953	11	119209652	119217383
ENSG00000183066	22	42394729	42454460
ENSG00000180448	19	1065922	1086627
ENSG00000183291	1	87328132	87380107
ENSG00000204954	12	104343980	104359486
ENSG00000261967	HSCHR15_1_CTG4	28623776	28637136
ENSG00000115365	2	211295973	211342376
ENSG00000267873	12	52709128	52709790
ENSG00000196507	X	102862379	102884618
ENSG00000239836	HSCHR6_MHC_MANN	32965712	33001163
ENSG00000135443	12	52753790	52761265
ENSG00000162843	1	241815580	241965435
ENSG00000267901	14	71683031	71683462
ENSG00000111860	6	118781935	119031238
ENSG00000262563	HSCHR2_1_CTG12	169774739	169783494
ENSG00000235718	11	119209652	119217383
ENSG00000079482	X	67262186	67653755
ENSG00000062716	17	57784553	57919616
ENSG00000153936	1	87380331	87602334
ENSG00000262872	HSCHR15_1_CTG4	28776381	28789737
ENSG00000198951	22	42454358	42466846
ENSG00000226173	HSCHR6_MHC_MANN	32966785	32975554
ENSG00000164258	5	52856463	52979168
ENSG00000091622	17	6354584	6459814
ENSG00000259159	11	119209652	119217368
ENSG00000140365	15	75628232	75634268
ENSG00000103479	16	53467889	53525561
ENSG00000171316	8	61591337	61779465
ENSG00000267561	1	87458692	87634884
ENSG00000222022	2	238330063	238333919
ENSG00000021300	11	73357223	73373864
ENSG00000263298	HSCHR2_1_CTG12	169796437	169904821
ENSG00000143013	1	87794151	87814606
ENSG00000177096	22	42470255	42475445
ENSG00000262581	HSCHR15_1_CTG4	28577376	28581745
ENSG00000197943	16	81772702	81991899
ENSG00000166896	12	58335324	58351052
ENSG00000213676	6	32065953	32096030
ENSG00000261951	HSCHR15_1_CTG4	28594196	28603160
ENSG00000153060	16	10721358	10788802
ENSG00000185305	5	53179775	53606412
ENSG00000262906	HSCHR15_1_CTG4	28606968	28610830
ENSG00000270043	HSCHR15_1_CTG4	28632285	28632589
ENSG00000263579	HSCHR15_1_CTG4	28633480	28633562
ENSG00000268175	3	149689066	149690535
ENSG00000262627	HSCHR15_1_CTG4	28647912	28650069
ENSG00000265006	HSCHR15_1_CTG4	28682937	28683030
ENSG00000183172	22	42475695	42480288
ENSG00000262353	HSCHR15_1_CTG4	28711609	28714548
ENSG00000262733	HSCHR15_1_CTG4	28730092	28730212
ENSG00000228263	HSCHR6_MHC_DBB	31813158	31829008
ENSG00000174371	1	242011269	242058450
ENSG00000036672	11	119225925	119252436
ENSG00000120903	8	27317279	27337400
ENSG00000197555	14	71787166	72207946
ENSG00000145901	5	150409506	150473138
ENSG00000196428	3	150126122	150184218
ENSG00000204568	6	30585486	30594172
ENSG00000111364	12	124086624	124105488
ENSG00000103274	16	10837643	10863208
ENSG00000151067	12	2079952	2802108
ENSG00000239329	HSCHR6_MHC_MANN	33056220	33074714
ENSG00000258231	12	58937907	59206842
ENSG00000164830	8	107282473	107764922
ENSG00000224740	HSCHR6_MHC_MCF	30773972	30787802
ENSG00000100804	14	23485752	23504439
ENSG00000109171	4	48343339	48428229
ENSG00000188596	12	96883349	97269333
ENSG00000123144	19	12841454	12845589
ENSG00000169271	5	53751445	53752207
ENSG00000269074	2	11603927	11606274
ENSG00000197769	1	242158792	242162375
ENSG00000139842	13	113862552	113919399
ENSG00000181704	X	67718165	67757127
ENSG00000178996	5	53813589	53842415
ENSG00000026508	11	35160417	35253949
ENSG00000165914	14	91006932	91282823
ENSG00000214655	10	75545340	75561551
ENSG00000198356	19	12847953	12859137
ENSG00000116285	1	8064464	8086368
ENSG00000249016	5	54252063	54253674
ENSG00000172465	X	102883632	102885881
ENSG00000106537	7	16793160	16824161
ENSG00000164283	5	54273692	54318499
ENSG00000184983	22	42481529	42486959
ENSG00000267906	7	16828866	16829246
ENSG00000180287	1	242246288	242687998
ENSG00000075413	14	103851729	103970168
ENSG00000135049	9	88161455	88356944
ENSG00000166676	16	10854776	10912651
ENSG00000115648	2	238394071	238463961
ENSG00000065243	1	89149905	89301938
ENSG00000162426	1	8377886	8404227
ENSG00000141551	17	80196899	80231607
ENSG00000264457	HSCHR15_1_CTG4	28747518	28747611
ENSG00000070019	12	14765576	14849519
ENSG00000262250	HSCHR15_1_CTG4	28763390	28765572
ENSG00000266882	HSCHR15_1_CTG4	28779951	28780033
ENSG00000262127	HSCHR15_1_CTG4	28780919	28781197
ENSG00000106541	7	16831435	16873057
ENSG00000206435	HSCHR6_MHC_SSTO	31229147	31232539
ENSG00000262080	HSCHR15_1_CTG4	28846258	28942030
ENSG00000166971	16	53524952	53538323
ENSG00000125967	20	32244893	32262269
ENSG00000196208	2	11674242	11782914
ENSG00000072840	4	5712924	5830772
ENSG00000099817	19	1086594	1095598
ENSG00000167604	19	36378555	36393205
ENSG00000128422	17	39775689	39781094
ENSG00000169894	7	100547187	100611118
ENSG00000185896	13	113951556	113977987
ENSG00000100197	22	42522501	42526908
ENSG00000123562	X	102930424	102943086
ENSG00000114902	3	52738971	52742182
ENSG00000222028	14	23511376	23513269
ENSG00000118434	6	88757507	88776550
ENSG00000139835	13	113978505	114018446
ENSG00000115548	2	86667770	86719839
ENSG00000082269	6	71122644	71270877
ENSG00000126264	19	36393382	36395279
ENSG00000039987	19	12862516	12869272
ENSG00000151239	12	44187526	44200178
ENSG00000153531	13	114076260	114107839
ENSG00000139880	14	23516271	23526747
ENSG00000118432	6	88849583	88876078
ENSG00000179583	16	10971055	11026079
ENSG00000142599	1	8412457	8877702
ENSG00000078295	5	7396321	7830194
ENSG00000137947	1	89318615	89357627
ENSG00000243189	HSCHR6_MHC_MANN	33070204	33092323
ENSG00000145248	4	48485360	48491213
ENSG00000114904	3	52744800	52804965
ENSG00000182223	4	48492269	48496406
ENSG00000011600	19	36395303	36399197
ENSG00000161849	12	52771596	52779436
ENSG00000137343	6	30594619	30614600
ENSG00000175084	2	220283099	220291461
ENSG00000150401	13	114110134	114145267
ENSG00000143702	1	243287730	243418650
ENSG00000169507	2	165752696	165812035
ENSG00000120915	8	27348296	27403081
ENSG00000223510	17	14138990	14140179
ENSG00000139263	12	59265931	59314303
ENSG00000183185	3	97705517	97754148
ENSG00000135040	9	88556061	88637213
ENSG00000184860	16	82031221	82045093
ENSG00000173467	7	16899029	16921611
ENSG00000113761	5	176449697	176508190
ENSG00000156920	X	135383122	135519215
ENSG00000161850	12	52787715	52800139
ENSG00000223680	HSCHR6_MHC_MCF	30927312	30938427
ENSG00000228273	7	100547257	100550424
ENSG00000198739	10	68685764	68859588
ENSG00000095066	19	12873817	12983554
ENSG00000142539	19	50919056	50931666
ENSG00000125430	17	14204400	14252721
ENSG00000173801	17	39775692	39943183
ENSG00000124785	6	5998232	6007200
ENSG00000263186	HSCHR17_1_CTG4	39463952	39465505
ENSG00000204315	6	32096484	32098068
ENSG00000086696	16	82068609	82132139
ENSG00000150403	13	114145310	114204542
ENSG00000269383	2	100986705	100987007
ENSG00000108176	10	69556427	69597924
ENSG00000102239	X	135570046	135575939
ENSG00000167468	19	1103936	1106787
ENSG00000197837	12	14920933	14924065
ENSG00000137944	1	89401456	89458636
ENSG00000269404	19	50922195	50934570
ENSG00000140398	15	75639296	75647592
ENSG00000204314	6	32116136	32122150
ENSG00000109099	17	15133095	15168643
ENSG00000198523	6	118869461	118881893
ENSG00000121753	1	32192718	32230494
ENSG00000173207	1	154947129	154951725
ENSG00000205702	22	42536214	42540576
ENSG00000126243	19	36426260	36436669
ENSG00000102241	X	135579238	135594505
ENSG00000234704	HSCHR6_MHC_MANN	33090267	33103106
ENSG00000115526	2	101008327	101034118
ENSG00000205277	7	100612904	100662230
ENSG00000111880	6	89319985	89673348
ENSG00000135052	9	88641061	88715088
ENSG00000111877	6	119134605	119256327
ENSG00000135698	16	82181403	82203831
ENSG00000175582	11	73386683	73472182
ENSG00000086967	19	50936160	50969578
ENSG00000269795	1	243388058	243395911
ENSG00000198176	13	114239013	114295785
ENSG00000170454	12	52817854	52828309
ENSG00000108423	17	57936851	57970304
ENSG00000100207	22	42556019	42739622
ENSG00000058091	7	90095738	90839905
ENSG00000205138	19	36486090	36487220
ENSG00000213439	3	97783316	97784240
ENSG00000228768	17	29898161	29902678
ENSG00000196578	3	97806017	97806946
ENSG00000072832	4	5749811	5894785
ENSG00000231192	3	97851542	97852483
ENSG00000236032	3	97868170	97869249
ENSG00000213516	1	89445139	89458643
ENSG00000172301	17	30178883	30186356
ENSG00000233412	3	97887544	97888485
ENSG00000186009	13	114303119	114312501
ENSG00000181392	19	36494209	36499695
ENSG00000230301	3	97983088	97984200
ENSG00000124491	6	6144318	6321246
ENSG00000142530	19	50970042	50980010
ENSG00000197938	3	98001732	98002676
ENSG00000064932	19	1107636	1174282
ENSG00000113163	5	74664311	74807963
ENSG00000048405	7	126986844	127071978
ENSG00000054282	1	243419320	243663394
ENSG00000187753	9	88835180	88874572
ENSG00000232535	3	98030757	98031687
ENSG00000196098	3	98072698	98073663
ENSG00000185974	13	114321470	114440708
ENSG00000263341	HSCHR17_1_CTG4	39471169	39471947
ENSG00000234370	HSCHR6_MHC_MCF	30954519	30960441
ENSG00000206536	3	98109510	98110475
ENSG00000232382	3	98188324	98189420
ENSG00000261986	HSCHR17_1_CTG4	39502344	39507064
ENSG00000120742	3	150259781	150321015
ENSG00000228964	HSCHR6_MHC_SSTO	31314550	31317907
ENSG00000263012	HSCHR17_1_CTG4	39519746	39526052
ENSG00000103494	16	53631595	53737850
ENSG00000135070	9	88879461	88897676
ENSG00000096717	10	69644427	69678147
ENSG00000184497	13	114462216	114514926
ENSG00000232632	HSCHR6_MHC_COX	29519995	29597568
ENSG00000262045	HSCHR17_1_CTG4	39533917	39538652
ENSG00000075539	4	48499378	48782339
ENSG00000262748	HSCHR17_1_CTG4	39541224	39545959
ENSG00000185479	12	52840435	52845910
ENSG00000246705	12	14927270	14930936
ENSG00000161671	19	50979657	50986608
ENSG00000117226	1	89472349	89488577
ENSG00000100813	14	23527773	23564823
ENSG00000074800	1	8921061	8939308
ENSG00000160867	5	176513887	176525145
ENSG00000130052	X	67867508	67945684
ENSG00000170465	12	52862300	52867569
ENSG00000139350	12	97301001	97347129
ENSG00000108651	17	30187923	30228784
ENSG00000084463	12	14939410	14956474
ENSG00000168646	17	63524681	63557765
ENSG00000154096	11	119288090	119295695
ENSG00000140945	16	82660408	83830204
ENSG00000198920	17	6481468	6544247
ENSG00000111361	12	124104953	124118313
ENSG00000231225	HSCHR6_MHC_SSTO	31360501	31376956
ENSG00000140400	15	75648133	75660971
ENSG00000235568	22	42776416	42828401
ENSG00000212440	12	9439269	9439418
ENSG00000021826	2	211342406	211543831
ENSG00000255753	12	9466998	9468769
ENSG00000260423	12	9520060	9550213
ENSG00000206527	3	123209667	123304032
ENSG00000256673	12	9550951	9567447
ENSG00000161677	19	51009255	51014610
ENSG00000183087	13	114523522	114567046
ENSG00000171223	19	12902310	12904124
ENSG00000182108	16	11022748	11036317
ENSG00000117020	1	243651535	244014381
ENSG00000181215	4	5958845	5991545
ENSG00000189306	22	42905974	42915808
ENSG00000231558	HSCHR6_MHC_MANN	33125750	33131183
ENSG00000160688	1	154955814	154965587
ENSG00000214826	12	9570309	9600825
ENSG00000090776	X	68048840	68061990
ENSG00000110400	11	119494120	119599794
ENSG00000140718	16	53737875	54155853
ENSG00000204653	19	51014857	51017947
ENSG00000072195	2	220299568	220363009
ENSG00000117228	1	89518002	89531043
ENSG00000231861	3	98216448	98217496
ENSG00000129657	17	75082798	75213179
ENSG00000111875	6	119215384	119230332
ENSG00000038532	16	11038345	11276046
ENSG00000227772	HSCHR6_MHC_SSTO	31455821	31468850
ENSG00000221988	6	32121218	32134011
ENSG00000083223	9	88902648	88969369
ENSG00000239382	19	36500022	36505141
ENSG00000131409	19	51020149	51071302
ENSG00000111358	12	124118375	124147153
ENSG00000179456	1	244214585	244220778
ENSG00000055957	3	52811603	52826078
ENSG00000167815	19	12907634	12912694
ENSG00000268146	1	244227632	244231211
ENSG00000106546	7	17338246	17385776
ENSG00000188010	2	39103103	39156213
ENSG00000173728	1	244515937	244552965
ENSG00000183569	22	42949623	42970388
ENSG00000266076	17	63534220	63637151
ENSG00000185989	13	114747194	114898086
ENSG00000162645	1	89571815	89616139
ENSG00000104889	19	12917394	12924452
ENSG00000213023	19	51124564	51171651
ENSG00000035687	1	244571796	244615436
ENSG00000228163	HSCHR6_MHC_MANN	33186489	33202701
ENSG00000152969	4	6027926	6202318
ENSG00000259517	16	54279456	54304658
ENSG00000163629	4	87515468	87736324
ENSG00000175643	16	11343476	11445619
ENSG00000149609	20	32250090	32253425
ENSG00000175581	11	73498361	73576178
ENSG00000177508	16	54317216	54320675
ENSG00000144895	3	150264465	150302029
ENSG00000213512	1	89597434	89641723
ENSG00000182584	20	32254304	32256331
ENSG00000267840	HSCHR6_MHC_SSTO	31474452	31474925
ENSG00000226841	HSCHR6_MHC_SSTO	31486441	31487956
ENSG00000137699	11	119981983	120056237
ENSG00000177182	8	61969717	62414204
ENSG00000101412	20	32263489	32274210
ENSG00000230989	16	83841448	83853342
ENSG00000254899	HSCHR6_MHC_SSTO	31487943	31504306
ENSG00000214694	2	39117021	39202590
ENSG00000262993	HSCHR17_1_CTG4	39557276	39561144
ENSG00000162654	1	89646831	89664615
ENSG00000118046	19	1189406	1228428
ENSG00000263022	HSCHR17_1_CTG4	39584330	39588100
ENSG00000262591	HSCHR17_1_CTG4	39479679	39485797
ENSG00000262282	HSCHR17_1_CTG4	39490884	39491985
ENSG00000101417	20	32294512	32308125
ENSG00000111879	6	119280928	119470552
ENSG00000262603	HSCHR17_1_CTG4	39565993	39588626
ENSG00000071189	7	17830385	17980124
ENSG00000262040	HSCHR17_1_CTG4	39570089	39575352
ENSG00000103150	16	83932731	83949787
ENSG00000154240	17	63631656	64188202
ENSG00000203863	6	89674246	89676685
ENSG00000182993	12	14956506	15059520
ENSG00000110436	11	35272753	35441610
ENSG00000163888	3	183977001	183979251
ENSG00000146278	6	89790470	89794879
ENSG00000260300	16	83941738	83985058
ENSG00000179256	12	14957584	14967116
ENSG00000132026	19	12936292	12946242
ENSG00000181924	11	73583712	73588033
ENSG00000185338	16	11348262	11350036
ENSG00000111339	12	14978503	14996429
ENSG00000180447	9	89559279	89562104
ENSG00000154548	6	89805678	89827800
ENSG00000080822	3	98216756	98241910
ENSG00000179397	1	244617679	244804479
ENSG00000178279	16	11361605	11363390
ENSG00000204446	9	89763559	89774471
ENSG00000178257	16	11367144	11367452
ENSG00000163352	1	154966062	154966791
ENSG00000196233	10	98592017	98740800
ENSG00000122304	16	11369496	11370337
ENSG00000146281	6	89855769	89875284
ENSG00000105270	19	36505562	36524245
ENSG00000065534	3	123328896	123603178
ENSG00000131061	20	32319463	32380075
ENSG00000154451	1	89724633	89738544
ENSG00000175646	16	11374693	11375207
ENSG00000235034	19	51152702	51162567
ENSG00000113088	5	54320081	54330398
ENSG00000176842	16	54964774	54968397
ENSG00000169006	2	11798304	11810290
ENSG00000229295	HSCHR6_MHC_MANN	33197846	33209127
ENSG00000165496	14	47120222	47121028
ENSG00000146276	6	89887220	89940997
ENSG00000130177	13	115000362	115038198
ENSG00000145649	5	54398476	54406080
ENSG00000204640	2	101086944	101099742
ENSG00000153253	2	165944032	166060577
ENSG00000159387	16	55357672	55364672
ENSG00000071677	2	238475217	238475818
ENSG00000160685	1	154975127	154990998
ENSG00000115539	2	101179152	101193197
ENSG00000121644	1	244816237	244872335
ENSG00000188897	16	11453702	11617444
ENSG00000175166	3	184016497	184026842
ENSG00000163508	3	27757440	27764206
ENSG00000183347	1	89829617	89852020
ENSG00000140961	16	83981887	83999937
ENSG00000112799	6	6588341	6655216
ENSG00000203667	1	244998624	245008359
ENSG00000124839	2	238482965	238510257
ENSG00000139915	14	47308826	48144157
ENSG00000179933	14	23563974	23569665
ENSG00000260069	HG75_PATCH	34493132	34503984
ENSG00000175575	11	73587744	73638790
ENSG00000161681	19	51165084	51222707
ENSG00000134668	1	32256023	32281652
ENSG00000229937	7	18066405	18067486
ENSG00000174429	8	107771711	107782473
ENSG00000148634	10	69681665	69835105
ENSG00000099625	19	1228286	1238026
ENSG00000164287	5	54408799	54469005
ENSG00000120885	8	27454434	27472548
ENSG00000196730	9	90112143	90323548
ENSG00000234032	HSCHR6_MHC_MCF	30954577	30972803
ENSG00000103154	16	84002237	84036381
ENSG00000197147	1	89990395	90063423
ENSG00000234949	2	238499663	238504624
ENSG00000134324	2	11817721	11967535
ENSG00000169062	13	115047059	115071283
ENSG00000136274	7	45120037	45128513
ENSG00000170485	2	101436614	101613291
ENSG00000169375	15	75661720	75748183
ENSG00000154188	8	108261721	108510283
ENSG00000099624	19	1241749	1244824
ENSG00000169876	7	100663353	100702020
ENSG00000171488	1	90098631	90235462
ENSG00000182732	14	72399156	73030654
ENSG00000203876	10	111701029	111713649
ENSG00000161277	19	36525887	36545664
ENSG00000153187	1	245014468	245027844
ENSG00000271949	1	90098699	90398809
ENSG00000179562	7	127220672	127233665
ENSG00000087245	16	55423612	55540603
ENSG00000176984	11	120039685	120042387
ENSG00000197043	5	150480273	150537443
ENSG00000198824	13	115079988	115092796
ENSG00000163354	1	154990996	155006257
ENSG00000155640	10	98741041	98745582
ENSG00000184232	11	120081475	120101041
ENSG00000131686	1	9005926	9035151
ENSG00000215604	13	19041312	19059588
ENSG00000166558	16	84043272	84076241
ENSG00000067082	10	3818188	3827473
ENSG00000270496	13	19066044	19066559
ENSG00000124831	2	238536219	238722325
ENSG00000231238	13	19114637	19124837
ENSG00000233905	13	19183272	19183842
ENSG00000236669	7	157318477	157320019
ENSG00000229788	13	19184438	19185815
ENSG00000149090	11	35453370	35551848
ENSG00000139173	12	44229770	44783545
ENSG00000171492	1	90286573	90402170
ENSG00000235876	13	19239375	19241361
ENSG00000227333	HSCHR6_MHC_DBB	31829721	31847649
ENSG00000231914	13	19246967	19250303
ENSG00000125409	17	15207128	15244958
ENSG00000226361	13	19254634	19255846
ENSG00000136270	7	45139699	45151646
ENSG00000102243	X	135614311	135638966
ENSG00000228797	13	19271143	19271647
ENSG00000236169	13	19292907	19293869
ENSG00000230931	13	19298555	19299044
ENSG00000197241	1	9063359	9086404
ENSG00000189067	16	11641853	11730237
ENSG00000204718	13	19300846	19301554
ENSG00000137709	11	120107349	120190653
ENSG00000215217	5	7830491	7851603
ENSG00000227784	13	19308220	19309036
ENSG00000244155	13	19315870	19316858
ENSG00000227568	13	19381419	19382158
ENSG00000173812	17	39845137	39848920
ENSG00000225016	13	19383970	19384188
ENSG00000148700	10	111756126	111895323
ENSG00000181191	X	68380694	68385636
ENSG00000206192	13	19390858	19446107
ENSG00000235439	HSCHR6_MHC_SSTO	31487943	31500172
ENSG00000269891	10	98757795	99052413
ENSG00000242756	13	19411908	19412238
ENSG00000227332	13	19433967	19434882
ENSG00000223024	13	19443325	19443431
ENSG00000205420	12	52880958	52887041
ENSG00000206787	13	19454194	19454297
ENSG00000101421	20	32399110	32442172
ENSG00000111341	12	15034115	15038860
ENSG00000235500	13	19466400	19469370
ENSG00000198363	8	62413116	62627155
ENSG00000226250	13	19479579	19481950
ENSG00000231358	13	19496029	19497905
ENSG00000226057	13	19520895	19636858
ENSG00000130054	X	68725084	68752351
ENSG00000147655	8	108911544	109095913
ENSG00000269210	2	39186764	39187483
ENSG00000105472	19	51226586	51228974
ENSG00000162664	1	90460671	90501090
ENSG00000272195	1	245132652	245134390
ENSG00000075702	19	36545783	36596008
ENSG00000139055	12	15066969	15092016
ENSG00000232685	13	19582399	19586699
ENSG00000181264	11	120195838	120204391
ENSG00000100784	14	91336799	91526980
ENSG00000167470	19	1248552	1259142
ENSG00000229375	13	19589627	19593476
ENSG00000142511	19	51273721	51274989
ENSG00000187721	13	19600138	19606766
ENSG00000135047	9	90340434	90346308
ENSG00000142583	1	9095166	9148537
ENSG00000142513	19	51293672	51298481
ENSG00000226619	13	19601977	19602841
ENSG00000213741	14	50043390	50065408
ENSG00000252287	13	19662627	19662721
ENSG00000224778	13	19700539	19713751
ENSG00000102245	X	135730352	135742549
ENSG00000158813	X	68835911	69259319
ENSG00000252675	13	19717122	19717217
ENSG00000234894	13	19725694	19726447
ENSG00000004059	7	127228399	127231759
ENSG00000229147	13	19726707	19745334
ENSG00000124275	5	7851299	7906138
ENSG00000179431	11	35639735	35642419
ENSG00000227879	13	19775777	19801572
ENSG00000111348	12	15094951	15114662
ENSG00000232243	13	19836937	19838013
ENSG00000203666	1	245133007	245290466
ENSG00000166326	11	35684353	35829775
ENSG00000143032	1	91177096	91182794
ENSG00000237636	13	19864733	19918965
ENSG00000125970	20	32581452	32696114
ENSG00000105613	19	12944765	12985765
ENSG00000215349	13	19878733	19879765
ENSG00000236834	13	19919189	19920889
ENSG00000224976	13	19923277	19982102
ENSG00000184007	1	32372022	32410457
ENSG00000231184	13	19956348	19957525
ENSG00000229791	13	19982182	19983669
ENSG00000237164	13	19985371	19990328
ENSG00000223625	13	20032538	20032858
ENSG00000152082	2	130939310	130948302
ENSG00000169871	7	100728720	100735017
ENSG00000272636	17	5810	31427
ENSG00000232894	13	20126711	20144428
ENSG00000215572	13	20134153	20135409
ENSG00000238132	13	20137729	20139040
ENSG00000155093	7	157331750	158380480
ENSG00000167747	19	51300961	51308186
ENSG00000225316	13	20161258	20162490
ENSG00000185129	5	139487362	139496321
ENSG00000257110	13	20247071	20247197
ENSG00000100227	22	42979727	43010968
ENSG00000226352	13	20248764	20250024
ENSG00000268852	17	80214131	80216080
ENSG00000265624	13	20311117	20311394
ENSG00000157240	7	90893783	90898123
ENSG00000109501	4	6271576	6304992
ENSG00000108443	17	57970447	58027925
ENSG00000233469	13	20392261	20392759
ENSG00000115904	2	39208537	39351486
ENSG00000182700	5	139505521	139508391
ENSG00000223576	13	20415967	20417812
ENSG00000238665	13	20449327	20449425
ENSG00000266230	13	20504944	20505031
ENSG00000237672	13	20644390	20646276
ENSG00000129675	X	135747706	135864247
ENSG00000236076	13	20676840	20677369
ENSG00000187726	11	73661364	73681411
ENSG00000120306	5	139554227	139661637
ENSG00000226633	13	20753117	20753601
ENSG00000260131	13	20755670	20756081
ENSG00000048052	7	18126572	19042039
ENSG00000263978	13	21007917	21007985
ENSG00000173762	17	80272744	80275478
ENSG00000238286	13	21181407	21182270
ENSG00000222726	13	21186300	21186477
ENSG00000265710	13	21277842	21277922
ENSG00000105612	19	12986025	12992282
ENSG00000203614	13	21286570	21288285
ENSG00000140943	16	84087368	84150511
ENSG00000164294	5	54455946	54462899
ENSG00000260199	HG75_PATCH	34522245	34524134
ENSG00000122482	1	91380859	91487829
ENSG00000233524	13	21321174	21322196
ENSG00000090530	3	189674517	189840226
ENSG00000186081	12	52908359	52914471
ENSG00000179241	11	35965531	36253686
ENSG00000165671	5	176560026	176727216
ENSG00000236704	13	21495803	21497372
ENSG00000113068	5	139624624	139682706
ENSG00000233780	13	21512703	21523738
ENSG00000162849	1	245318287	245872733
ENSG00000168077	8	27491385	27534293
ENSG00000181555	3	47057919	47205457
ENSG00000152086	2	130949318	130956034
ENSG00000260717	HG75_PATCH	34538284	34540254
ENSG00000125977	20	32676104	32700138
ENSG00000163357	1	155006300	155023406
ENSG00000234363	13	21530318	21530582
ENSG00000213621	13	21535449	21536334
ENSG00000238893	13	21543457	21543555
ENSG00000251902	13	21573506	21573606
ENSG00000233851	13	21579296	21592261
ENSG00000175567	11	73685712	73694352
ENSG00000239704	17	15339332	15406922
ENSG00000110442	11	36295051	36310999
ENSG00000201821	13	21612668	21612806
ENSG00000257230	12	59917059	59917965
ENSG00000180172	13	21668457	21668853
ENSG00000234602	5	54515442	54523143
ENSG00000225585	13	21677142	21678510
ENSG00000087253	16	55542910	55620582
ENSG00000252128	13	21714025	21714096
ENSG00000263607	13	21716330	21716629
ENSG00000147160	X	69260392	69269788
ENSG00000271250	13	21790694	21790799
ENSG00000259795	HG75_PATCH	34581015	34591935
ENSG00000233405	13	21808707	21809343
ENSG00000141574	17	80278900	80291950
ENSG00000154079	6	71276620	71299272
ENSG00000235438	13	21834154	21867568
ENSG00000259024	17	15339338	15466875
ENSG00000177992	9	90497741	90503814
ENSG00000144591	2	220363589	220371710
ENSG00000181031	17	62293	236045
ENSG00000229137	13	21861545	21868998
ENSG00000257544	HSCHR6_MHC_MANN	33199096	33201475
ENSG00000169410	15	75759462	75871630
ENSG00000233325	13	21872278	21880512
ENSG00000167748	19	51322404	51327043
ENSG00000260287	HG75_PATCH	34651203	34662129
ENSG00000115561	2	86730554	86948245
ENSG00000136710	2	131095814	131099922
ENSG00000113070	5	139712428	139726216
ENSG00000224429	13	21877654	21922860
ENSG00000103160	16	84155886	84178797
ENSG00000188828	X	102962152	102983583
ENSG00000245017	12	98879322	98897633
ENSG00000215571	13	21893231	21895005
ENSG00000105610	19	12995237	12997995
ENSG00000259801	HG75_PATCH	34704907	34715799
ENSG00000180758	1	9160364	9189229
ENSG00000101440	20	32782375	32857150
ENSG00000104408	8	109213445	109447562
ENSG00000124782	6	7107830	7252213
ENSG00000196914	11	120207787	120360645
ENSG00000235076	13	21932512	21933453
ENSG00000152669	5	54526980	54529508
ENSG00000118596	12	59989848	60176395
ENSG00000111885	6	119498374	119670926
ENSG00000185420	1	245912642	246670614
ENSG00000179363	X	102965837	102968956
ENSG00000074211	4	6322305	6565327
ENSG00000175106	17	15341205	15466909
ENSG00000258388	6	32121622	32139755
ENSG00000249884	2	86732791	86948245
ENSG00000184613	12	44902058	45315631
ENSG00000253459	14	50064193	50065882
ENSG00000049239	1	9294834	9331396
ENSG00000156345	9	90581356	90589668
ENSG00000222747	13	21943929	21944038
ENSG00000105261	19	36602104	36604613
ENSG00000236953	13	21951116	21952013
ENSG00000101444	20	32868074	32899608
ENSG00000226908	13	22057973	22058313
ENSG00000238878	13	22101939	22102039
ENSG00000230022	13	22104829	22105462
ENSG00000207518	13	22125443	22125549
ENSG00000135362	11	36317838	36486754
ENSG00000226525	13	22202552	22203154
ENSG00000244197	13	22364676	22364982
ENSG00000165501	14	50065415	50081390
ENSG00000171621	1	9352939	9429591
ENSG00000226722	13	22446909	22449705
ENSG00000112305	6	71377479	71571718
ENSG00000105258	19	36604612	36606248
ENSG00000237175	13	22673302	22673683
ENSG00000226118	13	22687258	22687477
ENSG00000127989	7	91321323	91510034
ENSG00000232187	13	23270162	23270713
ENSG00000168778	12	124155660	124192948
ENSG00000225777	13	23278878	23280345
ENSG00000165568	10	4828821	4890254
ENSG00000253094	13	23377284	23377363
ENSG00000237952	13	23377435	23377787
ENSG00000171612	1	9599541	9645237
ENSG00000226507	13	23411165	23412019
ENSG00000231650	13	23424240	23424700
ENSG00000268716	12	52922915	52922980
ENSG00000229556	13	23425912	23428277
ENSG00000105607	19	13001840	13025021
ENSG00000240341	13	23453264	23453338
ENSG00000272916	10	75556272	75571409
ENSG00000262619	13	23468795	23490508
ENSG00000111886	6	89966927	90025018
ENSG00000139648	12	52937693	52946931
ENSG00000230535	13	23471480	23472144
ENSG00000100243	22	43013846	43045574
ENSG00000234685	13	23489790	23490662
ENSG00000139053	12	15125956	15134799
ENSG00000262198	13	23492730	23498741
ENSG00000212432	12	9597654	9597801
ENSG00000104412	8	109455830	109499145
ENSG00000123560	X	103028647	103047548
ENSG00000178691	17	30264037	30328064
ENSG00000165502	14	50085237	50087403
ENSG00000162851	1	246703862	246729626
ENSG00000175564	11	73711326	73720480
ENSG00000170484	12	52959566	52967609
ENSG00000198833	6	90036344	90062567
ENSG00000168282	14	50087489	50090198
ENSG00000134533	12	15260717	15501609
ENSG00000154099	16	84178865	84212373
ENSG00000166507	10	75561669	75571589
ENSG00000092067	14	23586513	23588825
ENSG00000165506	14	50091892	50101948
ENSG00000106723	9	91003334	91093609
ENSG00000169371	15	75890424	75918810
ENSG00000106328	7	127231463	127242198
ENSG00000187122	10	98757795	98945677
ENSG00000099622	19	1259384	1274879
ENSG00000146350	6	121400640	121655891
ENSG00000239305	2	86830516	86850989
ENSG00000174562	19	51328545	51340469
ENSG00000147419	8	27590835	27630170
ENSG00000162852	1	246729746	246831886
ENSG00000122679	7	45197390	45225901
ENSG00000025039	6	90074355	90121989
ENSG00000162669	1	91726323	91870426
ENSG00000106366	7	100770370	100782547
ENSG00000256812	16	55600584	55601599
ENSG00000212673	1	32379174	32380745
ENSG00000130045	9	91150016	91199189
ENSG00000188807	1	9648932	9674935
ENSG00000139372	12	104359582	104382652
ENSG00000153561	2	86947296	87005164
ENSG00000147274	X	135930163	135962923
ENSG00000214776	12	9620148	9728864
ENSG00000186354	9	91605778	91611055
ENSG00000256975	12	9658943	9661036
ENSG00000170486	12	52979373	52995322
ENSG00000105254	19	36605191	36616849
ENSG00000113073	5	139739787	139754728
ENSG00000121774	1	32479430	32526451
ENSG00000266633	12	9699564	9699633
ENSG00000212345	12	9776718	9776824
ENSG00000092068	14	23594504	23652883
ENSG00000106367	7	100797678	100804877
ENSG00000143653	1	246887349	246931439
ENSG00000120802	12	98909290	98944157
ENSG00000256594	12	9787188	9811008
ENSG00000213694	9	91606362	91619925
ENSG00000267318	17	58018269	58050462
ENSG00000233719	12	9794398	9795603
ENSG00000272917	12	9795468	9809666
ENSG00000100479	14	50110273	50155140
ENSG00000256442	12	9799610	9800605
ENSG00000142515	19	51358171	51364020
ENSG00000181464	17	15468797	15469590
ENSG00000129235	17	6544078	6547861
ENSG00000078747	20	32951041	33099198
ENSG00000148082	9	91628060	91793682
ENSG00000122008	5	74807581	74896969
ENSG00000185158	17	30334891	30380523
ENSG00000091583	17	64208151	64252643
ENSG00000189050	17	58029601	58042122
ENSG00000237814	HSCHR6_MHC_MCF	30977672	30978494
ENSG00000164841	8	109619079	109799844
ENSG00000241322	17	15468798	15522826
ENSG00000189401	X	69282341	69284029
ENSG00000103546	16	55689516	55740104
ENSG00000174417	8	110098850	110131813
ENSG00000169228	5	176728199	176730745
ENSG00000112309	6	71566382	71666741
ENSG00000089289	X	69353299	69386174
ENSG00000257232	HSCHR6_MHC_MCF	30987293	30997453
ENSG00000257027	12	9811163	9814681
ENSG00000213443	12	9847980	9848823
ENSG00000256582	12	9856673	9861946
ENSG00000256912	12	9969946	9970621
ENSG00000255882	12	10019626	10022407
ENSG00000227506	HSCHR6_MHC_MCF	31030034	31036234
ENSG00000184502	17	39868578	39872221
ENSG00000119900	6	71998506	72018653
ENSG00000123975	9	91926113	91931618
ENSG00000184210	X	69397333	69425395
ENSG00000120526	8	110253148	110346614
ENSG00000135299	6	90142889	90343553
ENSG00000175104	11	36508577	36531822
ENSG00000257590	HSCHR6_MHC_MCF	31039435	31040043
ENSG00000204195	X	69454505	69460477
ENSG00000106331	7	127250346	127255982
ENSG00000187118	3	28283075	28366633
ENSG00000224105	HSCHR6_MHC_MCF	31157528	31158864
ENSG00000067248	5	54552073	54603550
ENSG00000121775	1	32537632	32568467
ENSG00000233734	HSCHR6_MHC_MCF	31161055	31186363
ENSG00000185344	12	124196865	124246302
ENSG00000177971	15	75931426	75941047
ENSG00000166349	11	36532259	36614706
ENSG00000168014	11	73723763	73882255
ENSG00000071082	2	101618177	101640494
ENSG00000164742	7	45613739	45762715
ENSG00000237165	HSCHR6_MHC_MCF	31161395	31166747
ENSG00000173548	15	75940247	75954642
ENSG00000184602	16	11762270	11773015
ENSG00000145283	4	87744621	87770416
ENSG00000177483	2	238707032	238751451
ENSG00000227246	HSCHR6_MHC_MCF	31183859	31185675
ENSG00000173805	17	39873994	39890896
ENSG00000175097	11	36597124	36619829
ENSG00000013288	4	6576902	6625089
ENSG00000198673	12	62102040	62672931
ENSG00000166165	14	103985996	103989448
ENSG00000127914	7	91570181	91739987
ENSG00000153207	1	247002400	247095280
ENSG00000173546	15	75966663	76005189
ENSG00000163633	4	87797358	87857354
ENSG00000187742	9	91933421	91974557
ENSG00000198848	16	55836763	55867249
ENSG00000203392	15	75970672	75973093
ENSG00000103168	16	84211458	84220669
ENSG00000153066	16	11772936	11836734
ENSG00000225231	12	10089178	10096094
ENSG00000182950	15	76016318	76020029
ENSG00000132329	2	238767536	238820756
ENSG00000267060	17	41120105	41132545
ENSG00000163512	3	28356494	28390618
ENSG00000269601	11	120329880	120330047
ENSG00000256530	15	76030311	76031568
ENSG00000186912	X	69478016	69479654
ENSG00000241404	6	32132360	32136058
ENSG00000167751	19	51364824	51383823
ENSG00000097046	1	91966408	91991321
ENSG00000153563	2	87011729	87035519
ENSG00000136718	2	131099798	131105383
ENSG00000186049	12	53001354	53012343
ENSG00000198624	5	150560613	150603706
ENSG00000198843	3	150320662	150348222
ENSG00000141696	17	39958199	39968856
ENSG00000120500	X	69488155	69501690
ENSG00000120533	8	110346553	110358182
ENSG00000149403	11	120382468	120859613
ENSG00000213347	5	176728462	176739758
ENSG00000251537	17	15474805	15554967
ENSG00000182459	17	80317123	80321652
ENSG00000109180	4	48807229	48863834
ENSG00000140367	15	76135622	76193419
ENSG00000181408	17	80332153	80333462
ENSG00000124783	6	7268539	7347679
ENSG00000161860	19	13009600	13030090
ENSG00000072182	2	220378892	220403494
ENSG00000071575	2	12857015	12882860
ENSG00000224180	HSCHR6_MHC_MCF	31188755	31204550
ENSG00000163347	3	190023490	190040264
ENSG00000205111	2	39402787	39456729
ENSG00000197157	7	127292234	127732661
ENSG00000215277	14	23654525	23742686
ENSG00000171320	8	27629466	27670157
ENSG00000088727	3	47269516	47324941
ENSG00000135747	1	247108849	247242113
ENSG00000196743	5	150591711	150650001
ENSG00000166352	11	36616051	36694823
ENSG00000122299	16	11844442	11891123
ENSG00000068097	17	58120555	58156292
ENSG00000125971	20	33104214	33128762
ENSG00000197472	1	247108849	247171395
ENSG00000172493	4	87856154	88062206
ENSG00000204564	6	30614816	30620987
ENSG00000123989	2	220403669	220408509
ENSG00000179010	4	6641818	6644472
ENSG00000222012	7	157406715	157411457
ENSG00000069702	1	92145902	92371892
ENSG00000101460	20	33134658	33148149
ENSG00000171608	1	9711790	9789172
ENSG00000148948	11	40135753	41481323
ENSG00000268791	4	6693782	6694189
ENSG00000206559	3	28390637	28579613
ENSG00000136531	2	166095912	166248818
ENSG00000163993	4	6694796	6698897
ENSG00000172867	12	53038342	53045948
ENSG00000025800	1	32573639	32642169
ENSG00000187134	10	4934796	5025475
ENSG00000179115	19	13033293	13044851
ENSG00000178988	4	6709428	6711607
ENSG00000188295	1	247263264	247267674
ENSG00000120820	12	104382762	104457961
ENSG00000186334	5	150656323	150683327
ENSG00000186222	4	6717842	6719387
ENSG00000223699	HSCHR6_MHC_MANN	33284377	33314194
ENSG00000165370	X	136112307	136113833
ENSG00000126247	19	36630477	36641255
ENSG00000156925	X	136648301	136659850
ENSG00000221953	1	247273462	247275719
ENSG00000123570	X	103077252	103087158
ENSG00000170871	4	6783102	6885897
ENSG00000162267	3	52828784	52843025
ENSG00000215271	14	23741666	23768656
ENSG00000196418	1	247285277	247335318
ENSG00000158427	X	103173479	103229570
ENSG00000249222	22	43035809	43036607
ENSG00000267988	7	45902684	45906045
ENSG00000204306	11	120382511	120385732
ENSG00000167196	15	76196200	76227609
ENSG00000179218	19	13049392	13055303
ENSG00000128274	22	43088127	43117304
ENSG00000187764	9	91975702	92113045
ENSG00000039123	5	54603588	54721409
ENSG00000147127	X	69501943	69504852
ENSG00000131503	5	139781399	139929163
ENSG00000185942	8	63161150	63912211
ENSG00000161281	19	36641824	36643771
ENSG00000133943	14	91526677	91691976
ENSG00000162714	1	247460714	247495148
ENSG00000221926	17	15531274	15587625
ENSG00000123569	X	103265719	103268259
ENSG00000184182	2	238875469	238951236
ENSG00000166181	11	43333513	43366079
ENSG00000181396	17	80347099	80376513
ENSG00000188760	2	220408385	220415317
ENSG00000154114	11	120894781	120961484
ENSG00000205038	8	110374706	110542559
ENSG00000171490	16	11929056	11945442
ENSG00000101812	X	103268269	103297021
ENSG00000113946	3	190040330	190129932
ENSG00000168078	8	27667137	27695612
ENSG00000196357	19	36673188	36737159
ENSG00000146678	7	45927956	45933267
ENSG00000197653	12	124247042	124420753
