ENSG00000250056	5	6582249	6588612
ENSG00000232273	1	38010364	38010895
ENSG00000215873	1	91793926	91795070
ENSG00000224142	X	109548648	109550449
ENSG00000252828	3	68932118	68932242
ENSG00000256995	12	22852793	23327057
ENSG00000238616	6	151522476	151522579
ENSG00000213386	5	172189524	172190261
ENSG00000213087	6	151546685	151547082
ENSG00000223776	1	236686369	236687808
ENSG00000254260	8	20798939	20807686
ENSG00000257656	HSCHR6_MHC_QBL	30445600	30445684
ENSG00000230124	1	180238788	180245359
ENSG00000211970	14	107095126	107095662
ENSG00000128262	22	24647796	24661493
ENSG00000244513	3	69063092	69105773
ENSG00000258228	HSCHR6_MHC_QBL	30446021	30446144
ENSG00000225366	X	109763540	109766249
ENSG00000273058	1	236699473	236700004
ENSG00000267940	11	6223131	6224483
ENSG00000252431	6	151601650	151601747
ENSG00000257423	HSCHR6_MHC_QBL	30449135	30449219
ENSG00000254383	8	40757535	40759373
ENSG00000235760	2	47754676	47762338
ENSG00000237574	2	130680750	130704276
ENSG00000252487	6	151619976	151620068
ENSG00000230325	1	236703394	236713580
ENSG00000257892	HSCHR6_MHC_QBL	30455663	30456253
ENSG00000206867	8	40890411	40890517
ENSG00000223039	6	151640770	151641085
ENSG00000237749	1	38021843	38022108
ENSG00000223648	14	107113741	107114274
ENSG00000254092	8	20810156	20831388
ENSG00000226498	1	236982934	236983818
ENSG00000238939	6	151668162	151668247
ENSG00000263372	8	41128567	41128662
ENSG00000230979	2	47917855	47918385
ENSG00000258299	HSCHR6_MHC_QBL	30461218	30461339
ENSG00000270435	11	6318419	6319836
ENSG00000252615	6	151699135	151699234
ENSG00000203875	6	86370710	86388451
ENSG00000235060	1	180403935	180405071
ENSG00000253736	5	172189983	172204777
ENSG00000234846	HSCHR6_MHC_SSTO	31817326	31822599
ENSG00000253147	8	20810638	20826415
ENSG00000241318	1	92000223	92001150
ENSG00000219395	6	151732394	151735080
ENSG00000224539	X	134732852	134749356
ENSG00000257980	HSCHR6_MHC_QBL	30468711	30468795
ENSG00000258921	12	56032696	56053579
ENSG00000204566	10	23492745	23528745
ENSG00000234559	2	130697421	130697790
ENSG00000254443	11	6384029	6386497
ENSG00000224443	2	47932607	47933118
ENSG00000257937	HSCHR6_MHC_QBL	30469811	30469898
ENSG00000200421	1	38203627	38203726
ENSG00000207422	6	151936908	151937014
ENSG00000161016	8	146015150	146017972
ENSG00000272837	12	56039979	56040447
ENSG00000229067	1	92065728	92065878
ENSG00000206741	5	172206985	172207097
ENSG00000237991	1	237144637	237145008
ENSG00000211972	14	107131033	107131560
ENSG00000238871	1	38215874	38215974
ENSG00000236934	HSCHR6_MHC_QBL	30473552	30476506
ENSG00000258907	12	56048342	56048952
ENSG00000233823	6	152134411	152135314
ENSG00000141639	18	48086448	48258194
ENSG00000270243	5	172212265	172212427
ENSG00000228042	X	109880069	109880900
ENSG00000239281	8	41128950	41129085
ENSG00000265435	1	180407449	180407525
ENSG00000214141	1	38242342	38245090
ENSG00000119865	2	68511303	68547183
ENSG00000203914	1	92100568	92109639
ENSG00000234577	6	152701681	152702699
ENSG00000259143	14	95651454	95652191
ENSG00000257324	HSCHR6_MHC_QBL	30487773	30488859
ENSG00000225449	2	130724165	130738039
ENSG00000105700	19	18668572	18680197
ENSG00000206905	1	180488152	180488255
ENSG00000254595	11	6509416	6510607
ENSG00000168566	6	7590432	7612200
ENSG00000260096	15	74355121	74356126
ENSG00000266683	1	180514968	180515067
ENSG00000254558	11	89597016	89598718
ENSG00000253509	8	41132634	41134522
ENSG00000225098	22	24655897	24659732
ENSG00000226193	6	152723533	152726101
ENSG00000258615	14	95665376	95665682
ENSG00000254400	11	6624872	6625650
ENSG00000236719	1	180528112	180535654
ENSG00000257251	HSCHR6_MHC_QBL	30490178	30490302
ENSG00000226112	X	110412449	110412631
ENSG00000211973	14	107169931	107170428
ENSG00000206852	8	41155682	41155784
ENSG00000244612	15	74364764	74365039
ENSG00000202044	6	152731410	152731529
ENSG00000172543	11	65647280	65651212
ENSG00000254641	11	6629897	6631366
ENSG00000249338	5	50705451	50706039
ENSG00000252396	1	237284107	237284409
ENSG00000238936	8	41284174	41284246
ENSG00000254026	8	20811523	20826415
ENSG00000233464	6	152867068	152868109
ENSG00000257618	HSCHR6_MHC_QBL	30495959	30496179
ENSG00000254102	8	65486863	65494445
ENSG00000266262	1	237634419	237634491
ENSG00000214702	15	74387926	74390758
ENSG00000239794	1	92295333	92295631
ENSG00000099834	11	616565	626078
ENSG00000272292	1	180727858	180727953
ENSG00000198022	X	134807306	134819866
ENSG00000248891	5	50723830	50724261
ENSG00000203843	1	144612266	144612683
ENSG00000234349	X	110473117	110474289
ENSG00000218792	6	153026870	153027263
ENSG00000252290	1	237718340	237718471
ENSG00000255680	11	6640021	6640995
ENSG00000179133	10	23556124	23633774
ENSG00000266532	1	92404826	92405131
ENSG00000266825	1	180797031	180797128
ENSG00000255235	11	89617095	89619381
ENSG00000257854	HSCHR6_MHC_QBL	30506291	30506412
ENSG00000233228	1	92531863	92533396
ENSG00000224058	2	47958541	47959174
ENSG00000237250	1	238025475	238091621
ENSG00000211974	14	107178820	107179338
ENSG00000255390	11	6642682	6643553
ENSG00000224662	9	139674391	139674670
ENSG00000225857	1	180875787	180878302
ENSG00000253199	8	20831308	20852630
ENSG00000258630	14	95795921	95801841
ENSG00000263700	HSCHR6_MHC_QBL	30541620	30541705
ENSG00000224893	6	153115631	153153048
ENSG00000253628	5	172243624	172246961
ENSG00000215861	1	144676874	144679969
ENSG00000132975	13	27329341	27334922
ENSG00000221232	10	77887009	77887069
ENSG00000255410	11	6651834	6656439
ENSG00000266361	HSCHR6_MHC_QBL	30573516	30573592
ENSG00000254617	11	89620534	89623159
ENSG00000172888	3	40566369	40616176
ENSG00000265486	10	78001782	78002071
ENSG00000229645	14	95873606	95876427
ENSG00000253396	8	41292817	41297938
ENSG00000201954	10	78020558	78020661
ENSG00000251125	5	50746992	50757923
ENSG00000235757	HSCHR6_MHC_QBL	30590916	30591185
ENSG00000230667	1	92540090	92540968
ENSG00000227416	1	38248129	38248557
ENSG00000241678	11	6707122	6707600
ENSG00000266595	6	153177801	153177879
ENSG00000230575	10	78197166	78198533
ENSG00000133606	7	140152840	140179369
ENSG00000267596	17	34323476	34329084
ENSG00000217372	6	153219182	153220415
ENSG00000253943	8	41368759	41370040
ENSG00000272093	5	71656517	71658805
ENSG00000171720	5	141000443	141016437
ENSG00000225698	14	107198932	107199471
ENSG00000269256	10	78318108	78320752
ENSG00000152404	11	107197071	107328572
ENSG00000254330	8	65616331	65647016
ENSG00000243781	1	238090131	238090905
ENSG00000264807	HSCHR6_MHC_QBL	30605953	30606046
ENSG00000233728	1	38265392	38266551
ENSG00000204758	5	172381789	172386395
ENSG00000122862	10	70847862	70864567
ENSG00000237616	Y	20107081	20109132
ENSG00000254838	11	6734767	6767670
ENSG00000251954	X	110664738	110664836
ENSG00000243155	1	180913178	180945618
ENSG00000238255	HSCHR6_MHC_QBL	30654118	30654847
ENSG00000252888	10	78595135	78595260
ENSG00000254539	1	144833168	144835867
ENSG00000254785	11	89628967	89633617
ENSG00000223904	X	110677655	110678252
ENSG00000235673	1	38306658	38307348
ENSG00000220745	6	153280494	153280740
ENSG00000248864	5	91625047	91628401
ENSG00000224948	10	78596326	78596619
ENSG00000244310	2	9255326	9257013
ENSG00000261543	15	74445141	74471567
ENSG00000272365	5	71663446	71664222
ENSG00000254006	8	65713793	65730130
ENSG00000227899	HSCHR6_MHC_QBL	30660380	30670495
ENSG00000227627	6	153304885	153310358
ENSG00000255148	1	144858174	144865800
ENSG00000232154	1	238111317	238112443
ENSG00000253133	8	41391674	41435887
ENSG00000228485	10	120968043	120971272
ENSG00000230955	1	38326369	38327252
ENSG00000244585	12	121354548	121355039
ENSG00000224678	1	92580360	92581353
ENSG00000232586	1	180918835	180924023
ENSG00000265955	HSCHR6_MHC_QBL	30693620	30693730
ENSG00000153201	2	109335937	109402267
ENSG00000244061	5	71677621	71678220
ENSG00000212101	6	153373597	153373679
ENSG00000259264	15	74495046	74513896
ENSG00000242853	10	120972369	120972656
ENSG00000254913	1	144874945	144878163
ENSG00000252448	1	38349909	38349989
ENSG00000264688	HSCHR6_MHC_QBL	30708329	30708576
ENSG00000201939	6	153480355	153480480
ENSG00000231328	7	23850763	23851279
ENSG00000251108	5	71713316	71714162
ENSG00000225723	1	238112514	238113034
ENSG00000236426	10	121094006	121095694
ENSG00000255055	11	89641708	89642215
ENSG00000222282	1	38350695	38350789
ENSG00000224033	Y	20134179	20135788
ENSG00000218426	6	153603422	153603868
ENSG00000254040	8	20880807	20886569
ENSG00000273066	9	139693675	139704494
ENSG00000254781	11	6769362	6771555
ENSG00000240980	2	9283295	9286235
ENSG00000212541	1	38457134	38457241
ENSG00000261269	5	71735730	71738214
ENSG00000264489	5	91741653	91741744
ENSG00000266739	1	144877330	144877395
ENSG00000224133	HSCHR6_MHC_QBL	30724117	30749533
ENSG00000251520	1	180933647	180935045
ENSG00000265719	10	121137484	121137555
ENSG00000251872	2	48008518	48008604
ENSG00000236570	3	18580165	18581391
ENSG00000222788	1	144944672	144944750
ENSG00000253493	8	65885723	65886083
ENSG00000249618	4	130692814	130876523
ENSG00000224592	1	38512986	38584697
ENSG00000064763	12	29302036	29493913
ENSG00000271353	10	121321613	121322042
ENSG00000260802	X	110754890	110765627
ENSG00000139645	12	56631591	56652175
ENSG00000272755	1	145018395	145018959
ENSG00000251761	3	18996435	18996541
ENSG00000235369	2	48024965	48025230
ENSG00000215464	22	24665314	24666102
ENSG00000227860	1	238113036	238114836
ENSG00000254712	11	6864895	6865897
ENSG00000224372	6	30319193	30319327
ENSG00000234569	10	121380580	121381392
ENSG00000271898	3	19356340	19356423
ENSG00000171227	2	120187477	120196096
ENSG00000237312	6	153625730	153630117
ENSG00000233401	1	92590858	92592019
ENSG00000227930	7	23931323	23936954
ENSG00000252656	1	145044651	145044900
ENSG00000255179	11	7244164	7252094
ENSG00000233802	11	89657232	89666218
ENSG00000273487	1	92654794	92656264
ENSG00000224486	6	30327055	30327688
ENSG00000227437	10	121397968	121398594
ENSG00000239261	8	66067642	66068013
ENSG00000241388	12	121406416	121418768
ENSG00000271546	1	145088039	145088567
ENSG00000232953	3	19981761	19984802
ENSG00000264321	6	153665248	153665350
ENSG00000184216	X	153275951	153285431
ENSG00000213772	2	9411421	9411757
ENSG00000213873	8	66289827	66290346
ENSG00000152484	13	27640293	27746033
ENSG00000249776	5	91745963	91996570
ENSG00000223589	1	38546244	38546583
ENSG00000261384	15	74595346	74596684
ENSG00000236405	6	30330889	30332057
ENSG00000223380	1	145096220	145116922
ENSG00000238849	7	23934647	23934753
ENSG00000264858	6	153740156	153740225
ENSG00000221703	11	7255997	7256068
ENSG00000230019	1	238271036	238271867
ENSG00000226773	1	92668705	92669548
ENSG00000252041	7	24172324	24172456
ENSG00000215523	HSCHR6_MHC_QBL	30755939	30787964
ENSG00000222806	6	153741573	153741707
ENSG00000215945	8	21013642	21013744
ENSG00000101850	X	9693386	9754337
ENSG00000205916	Y	26980008	27053183
ENSG00000232989	1	238431794	238431895
ENSG00000228944	7	24236281	24295338
ENSG00000265596	1	38554903	38555001
ENSG00000024862	6	139094657	139114456
ENSG00000217160	6	153986842	153987525
ENSG00000270711	1	180939973	180940383
ENSG00000254081	8	66439243	66475015
ENSG00000260266	15	74643109	74656961
ENSG00000254334	8	21155717	21166960
ENSG00000230412	Y	20230369	20230696
ENSG00000226577	6	30382492	30387096
ENSG00000243009	HSCHR6_MHC_DBB	30303165	30304918
ENSG00000232823	10	121442639	121443335
ENSG00000234464	1	238439337	238450316
ENSG00000239098	7	24301228	24301333
ENSG00000237290	1	38674706	38680439
ENSG00000225888	HSCHR6_MHC_QBL	30796824	30805462
ENSG00000272198	1	181060245	181062035
ENSG00000237479	2	217731055	217732536
ENSG00000072858	3	113251143	113348425
ENSG00000206877	7	24576951	24577057
ENSG00000251873	5	51182522	51182603
ENSG00000242246	6	153987601	153987801
ENSG00000252371	1	238488987	238489088
ENSG00000105323	19	41768401	41813503
ENSG00000251364	11	7448497	7533746
ENSG00000242818	10	121527759	121528052
ENSG00000237292	1	181143620	181151344
ENSG00000226611	Y	20242567	20258088
ENSG00000233125	1	92694138	92694992
ENSG00000249270	5	51226642	51227870
ENSG00000271096	7	24628734	24629026
ENSG00000215808	1	238643684	238649323
ENSG00000270300	10	121574741	121576154
ENSG00000249169	5	91990555	92014848
ENSG00000239300	2	9645574	9652541
ENSG00000177144	1	145139025	145139569
ENSG00000241451	12	22875163	22875403
ENSG00000218776	6	153987762	153988453
ENSG00000222861	4	130781577	130781655
ENSG00000272679	9	139694818	139723918
ENSG00000200796	1	38862331	38862437
ENSG00000184388	X	72223352	72225551
ENSG00000265370	10	121718025	121718104
ENSG00000180178	2	130748029	130808704
ENSG00000267614	19	45040251	45040599
ENSG00000271330	7	24713928	24714231
ENSG00000238063	1	38940868	38942156
ENSG00000234125	4	130824165	130825318
ENSG00000264415	HSCHR6_MHC_QBL	30821625	30821927
ENSG00000180230	10	121756598	121757221
ENSG00000227021	2	217732735	217733879
ENSG00000256923	12	22895516	22896025
ENSG00000231877	1	238648745	238701605
ENSG00000236549	2	48110594	48111048
ENSG00000266829	X	110859125	110859401
ENSG00000238976	7	24940431	24940524
ENSG00000225359	1	181159607	181160285
ENSG00000223405	HSCHR6_MHC_QBL	30824355	30833288
ENSG00000170365	4	146402346	146479231
ENSG00000249984	5	92011663	92023961
ENSG00000266713	8	21351539	21351627
ENSG00000261821	15	74657776	74659391
ENSG00000217044	6	153988453	153989241
ENSG00000223455	10	121829492	121829671
ENSG00000215149	1	238654658	238655944
ENSG00000234999	7	24945754	24946213
ENSG00000265355	3	69098109	69098186
ENSG00000236295	2	217735164	217738655
ENSG00000265336	HSCHR6_MHC_QBL	30848250	30848339
ENSG00000256321	12	23252302	23344521
ENSG00000229939	X	110862036	110862322
ENSG00000230666	19	45041045	45124119
ENSG00000080293	2	120197419	120282070
ENSG00000254818	11	89677203	89682570
ENSG00000251326	4	131297384	131307526
ENSG00000178803	22	24825178	24891042
ENSG00000179452	1	181205524	181207740
ENSG00000239263	3	69520603	69521683
ENSG00000215895	1	39174603	39176562
ENSG00000266819	HSCHR6_MHC_QBL	30864238	30864501
ENSG00000248877	4	131415828	131416440
ENSG00000266630	8	21407509	21407595
ENSG00000221402	10	121883644	121883738
ENSG00000259855	2	217860629	217861213
ENSG00000272010	8	66504085	66504707
ENSG00000224783	1	238940349	238942500
ENSG00000264602	HSCHR6_MHC_QBL	30889970	30890061
ENSG00000225031	X	110862905	110864717
ENSG00000220733	6	153989312	153989497
ENSG00000251849	2	218041221	218041305
ENSG00000249018	4	131424512	131425499
ENSG00000220842	10	122114177	122114718
ENSG00000200714	8	66504966	66505055
ENSG00000265543	1	92694813	92694896
ENSG00000271769	12	121438289	121439071
ENSG00000201789	1	145149740	145149840
ENSG00000240265	3	69584815	69585844
ENSG00000230541	HSCHR6_MHC_QBL	30903331	30912213
ENSG00000251982	2	218116279	218116598
ENSG00000157895	12	121440225	121454305
ENSG00000242764	1	92867948	92868242
ENSG00000272155	8	66626569	66627013
ENSG00000252977	1	181740702	181740780
ENSG00000238462	2	9672371	9672474
ENSG00000272709	1	145200338	145200891
ENSG00000229068	6	30434229	30435771
ENSG00000227854	1	239216048	239216203
ENSG00000220514	6	153989724	153989993
ENSG00000233143	2	218147462	218200843
ENSG00000273484	8	21654972	21655271
ENSG00000223787	1	93046033	93046378
ENSG00000108784	17	40688190	40696467
ENSG00000236976	7	63601916	63602779
ENSG00000272192	8	66754987	66755566
ENSG00000255360	11	89688314	89690333
ENSG00000272880	1	181781840	181782396
ENSG00000240842	3	69613257	69620273
ENSG00000247240	15	74753606	74773643
ENSG00000186288	X	72297115	72299351
ENSG00000221810	5	92053139	92053220
ENSG00000257236	HSCHR6_MHC_QBL	30955254	30955549
ENSG00000256963	12	121517645	121517927
ENSG00000234522	10	122194495	122199888
ENSG00000224414	2	218558618	218561486
ENSG00000259776	1	239411108	239414118
ENSG00000216713	6	153990014	153991036
ENSG00000253190	8	67024902	67027440
ENSG00000238466	8	21889861	21889963
ENSG00000250503	4	131802182	131806796
ENSG00000271855	2	9696028	9696904
ENSG00000241667	3	69640492	69642272
ENSG00000244621	5	51578401	51578693
ENSG00000229992	1	93112605	93113187
ENSG00000222397	1	181808608	181808909
ENSG00000213643	7	63610063	63610810
ENSG00000268402	6	143759575	143764295
ENSG00000228436	1	39325672	39385068
ENSG00000227185	1	239433025	239439761
ENSG00000236189	X	110867438	110867954
ENSG00000231035	2	218625270	218626014
ENSG00000153044	5	68485375	68506184
ENSG00000250213	4	132033903	132034410
ENSG00000229199	HSCHR6_MHC_QBL	30987747	30992544
ENSG00000250827	5	51875389	51876940
ENSG00000241665	3	69818640	69818928
ENSG00000224810	1	182031812	182038388
ENSG00000228544	9	139698379	139703300
ENSG00000224936	6	30436659	30438028
ENSG00000265722	3	69969276	69969361
ENSG00000181234	12	128751948	129192460
ENSG00000225895	Y	20267200	20269988
ENSG00000206782	4	132194397	132194503
ENSG00000265239	10	122223346	122223443
ENSG00000233396	1	145373054	145382434
ENSG00000207086	2	9755396	9755502
ENSG00000124615	6	39867354	39902290
ENSG00000227974	HSCHR6_MHC_QBL	31014738	31020038
ENSG00000256586	8	21960468	21961890
ENSG00000254655	11	89693590	89693792
ENSG00000233355	1	239866684	239893765
ENSG00000235227	7	63640384	63641270
ENSG00000199246	6	154002582	154002688
ENSG00000225982	1	182055686	182059247
ENSG00000250102	4	132301168	132462552
ENSG00000201317	1	93166376	93166491
ENSG00000248898	5	51971027	52083860
ENSG00000240687	2	9778901	9789568
ENSG00000253138	8	67104328	67109550
ENSG00000240405	3	70048728	70064469
ENSG00000256309	2	218664514	218665979
ENSG00000227165	10	122521324	122610721
ENSG00000217085	6	154259568	154260127
ENSG00000225505	1	93197557	93198814
ENSG00000177725	8	22026851	22029223
ENSG00000248588	5	92161962	92179711
ENSG00000236603	6	30453717	30454367
ENSG00000213644	7	63642088	63643271
ENSG00000201945	12	121544846	121544977
ENSG00000233230	2	48132817	48134949
ENSG00000266375	HSCHR6_MHC_QBL	31043216	31043315
ENSG00000223538	12	121545023	121545293
ENSG00000248715	4	132461436	132461644
ENSG00000204450	11	89701672	89708396
ENSG00000223614	7	63667581	63680031
ENSG00000234202	1	93214732	93214887
ENSG00000254864	11	7590097	7593277
ENSG00000237593	6	154538065	154538623
ENSG00000257351	HSCHR6_MHC_QBL	31082818	31082987
ENSG00000241392	4	132641417	132641698
ENSG00000223923	2	218843430	218857338
ENSG00000199963	1	39392542	39392649
ENSG00000217334	6	86441089	86441729
ENSG00000232309	1	182096432	182097800
ENSG00000243789	15	42120283	42129779
ENSG00000090376	12	66582659	66648402
ENSG00000235781	6	30484043	30486994
ENSG00000252014	4	132689295	132689404
ENSG00000207466	1	39416497	39416597
ENSG00000201420	X	110913057	110913176
ENSG00000260103	15	74770411	74782627
ENSG00000223896	1	93221351	93222513
ENSG00000223459	7	143295133	143305111
ENSG00000257783	HSCHR6_MHC_QBL	31094552	31094771
ENSG00000132170	3	12328867	12475855
ENSG00000224366	19	45073550	45073810
ENSG00000233120	Y	20278413	20279581
ENSG00000271758	11	7726175	7904494
ENSG00000235549	1	39423947	39424597
ENSG00000229487	X	110949877	110954329
ENSG00000250260	5	137374888	137375668
ENSG00000249416	4	132689388	132689733
ENSG00000206680	1	93302846	93302940
ENSG00000229754	2	218923878	218930452
ENSG00000213212	9	139707240	139709988
ENSG00000272520	5	6671219	6674499
ENSG00000216101	6	30552109	30552194
ENSG00000220181	6	154870651	154871376
ENSG00000227986	7	63815456	63816577
ENSG00000234601	1	240061316	240063172
ENSG00000271034	3	70174221	70175760
ENSG00000208037	8	22102475	22102556
ENSG00000237545	HSCHR6_MHC_QBL	31100958	31101144
ENSG00000266903	19	45135500	45222031
ENSG00000251795	1	93303575	93303627
ENSG00000222924	5	137405044	137405147
ENSG00000251237	5	52185498	52185786
ENSG00000222894	6	30584006	30584082
ENSG00000237190	5	133737778	133747589
ENSG00000207523	1	93306276	93306408
ENSG00000242728	3	70189368	70189639
ENSG00000198738	6	86445462	86445639
ENSG00000219146	6	154897443	154898213
ENSG00000238605	5	137450891	137450993
ENSG00000254707	11	7726835	7731064
ENSG00000246145	8	67331824	67341212
ENSG00000204025	X	111125125	111147218
ENSG00000228415	6	30601409	30601675
ENSG00000238428	2	219049702	219049805
ENSG00000241809	5	52199738	52200308
ENSG00000207022	1	93311616	93311739
ENSG00000233494	2	108519453	108519590
ENSG00000261775	15	74781943	74809300
ENSG00000251676	4	132694457	132712637
ENSG00000223873	2	182559169	182559627
ENSG00000231316	6	154926750	154927088
ENSG00000158615	1	204372515	204380919
ENSG00000224744	HSCHR6_MHC_QBL	31133984	31138149
ENSG00000228923	22	24912476	24914354
ENSG00000248371	5	71869947	71956496
ENSG00000228918	1	182098445	182283196
ENSG00000266183	6	30616443	30616536
ENSG00000224159	2	219065157	219066111
ENSG00000237970	10	37626343	37627799
ENSG00000229052	1	93396253	93399655
ENSG00000176716	11	7749632	7750935
ENSG00000231979	1	240078739	240080255
ENSG00000227159	X	155255323	155257848
ENSG00000221023	2	182603333	182603442
ENSG00000230449	6	30664583	30665312
ENSG00000205625	6	155027777	155028929
ENSG00000212460	5	137452262	137452369
ENSG00000212279	15	74783300	74783369
ENSG00000230947	22	24994021	24995365
ENSG00000244260	2	9814152	9848542
ENSG00000206654	1	39586612	39586715
ENSG00000260742	2	182752578	182756390
ENSG00000252200	19	45229248	45229322
ENSG00000226473	2	48166877	48167357
ENSG00000254295	5	172381910	172384165
ENSG00000263311	16	72038138	72038702
ENSG00000215805	1	240136087	240137545
ENSG00000199880	5	137458700	137458800
ENSG00000201558	1	145382757	145382920
ENSG00000260919	15	74905535	74907937
ENSG00000222686	6	86461299	86461471
ENSG00000224328	6	30670844	30680961
ENSG00000253027	19	45268207	45268357
ENSG00000222378	1	39619836	39619968
ENSG00000213958	2	182825939	182827205
ENSG00000101191	20	61509090	61569304
ENSG00000242173	16	318726	333003
ENSG00000227892	11	7767537	7768453
ENSG00000252523	7	143451721	143451823
ENSG00000249851	5	137602685	137603446
ENSG00000200427	6	86487357	86487473
ENSG00000255305	11	89711708	89713829
ENSG00000236807	19	45268405	45268721
ENSG00000270040	1	39672184	39672629
ENSG00000253785	5	172402514	172403377
ENSG00000264386	15	75081013	75081098
ENSG00000220890	HSCHR6_MHC_QBL	31157983	31164195
ENSG00000253623	8	67392883	67393721
ENSG00000254064	8	22112089	22132675
ENSG00000157833	2	26395960	26412532
ENSG00000236313	10	37637544	37638500
ENSG00000115956	2	68592305	68624585
ENSG00000222418	2	182913549	182913632
ENSG00000272540	6	30690882	30691654
ENSG00000226438	1	39715510	39723321
ENSG00000218766	6	86578671	86579182
ENSG00000217327	1	240175946	240176526
ENSG00000215481	22	25028882	25046799
ENSG00000249899	5	52228249	52286108
ENSG00000265129	2	182953156	182953343
ENSG00000241026	8	22247378	22248168
ENSG00000206949	8	67413440	67413546
ENSG00000267282	19	45385284	45394133
ENSG00000201988	6	30704081	30704191
ENSG00000252121	1	93435161	93435267
ENSG00000034693	6	143771944	143811147
ENSG00000248677	5	6686438	6707824
ENSG00000217897	1	39769966	39770570
ENSG00000261606	15	75108564	75124136
ENSG00000242121	2	183179011	183179269
ENSG00000201365	8	67565704	67565811
ENSG00000254328	5	172413683	172414201
ENSG00000254951	11	7775940	7927502
ENSG00000272273	6	30710706	30711369
ENSG00000239710	1	93440386	93440680
ENSG00000251613	5	71982939	72058554
ENSG00000263232	16	72038936	72040442
ENSG00000265783	11	58433274	58433366
ENSG00000201761	8	22291904	22292010
ENSG00000204851	19	46990163	46999755
ENSG00000232430	2	183652825	183653162
ENSG00000213005	8	67679632	67680240
ENSG00000184139	4	132778498	132779068
ENSG00000238787	1	93447794	93447865
ENSG00000228818	1	240305970	240308689
ENSG00000234222	1	145475982	145508503
ENSG00000223868	HSCHR6_MHC_QBL	31160394	31162153
ENSG00000237706	11	89714609	89724840
ENSG00000227270	2	108520420	108520697
ENSG00000261338	2	219120042	219122087
ENSG00000212404	2	183692851	183692948
ENSG00000212402	5	172447731	172447931
ENSG00000271421	X	111173963	111174320
ENSG00000197254	11	58452559	58459341
ENSG00000252752	1	93475814	93475908
ENSG00000207178	2	183738569	183738675
ENSG00000222664	1	93491809	93492099
ENSG00000207210	5	172479455	172479558
ENSG00000230773	2	48168835	48468122
ENSG00000214855	19	45430061	45434643
ENSG00000237745	2	108531404	108531742
ENSG00000258221	HSCHR6_MHC_QBL	31220948	31221315
ENSG00000263608	6	30718815	30719062
ENSG00000202141	2	183887587	183887699
ENSG00000260252	16	72118756	72121342
ENSG00000251837	1	93492967	93493063
ENSG00000166408	11	7794437	7795361
ENSG00000251555	4	132851186	132897107
ENSG00000253439	5	172512345	172513213
ENSG00000232096	1	182151865	182152231
ENSG00000226544	5	72021246	72021978
ENSG00000200034	2	9880772	9880912
ENSG00000221498	2	183928963	183929074
ENSG00000237624	1	39980628	39982162
ENSG00000237003	1	93656297	93656617
ENSG00000237281	2	219191612	219222689
ENSG00000228022	6	30734602	30760027
ENSG00000202041	1	240317951	240318072
ENSG00000261673	16	72258464	72259043
ENSG00000206764	1	182296203	182296309
ENSG00000240960	2	9886833	9886998
ENSG00000231203	2	183935768	183937214
ENSG00000200594	6	155146310	155146413
ENSG00000223497	5	72029660	72030036
ENSG00000176953	16	28962128	28978418
ENSG00000265806	9	139725409	139725475
ENSG00000223694	1	240333455	240334591
ENSG00000271670	10	122638768	122640179
ENSG00000266285	5	137614783	137615041
ENSG00000228664	1	182297632	182298142
ENSG00000228904	HSCHR6_MHC_QBL	31233164	31236336
ENSG00000218757	6	155166208	155166754
ENSG00000241008	11	7805244	7805954
ENSG00000253882	7	143339348	143534026
ENSG00000224920	10	37811939	37833629
ENSG00000261774	16	72312167	72312467
ENSG00000251598	4	132925965	133045186
ENSG00000206770	5	72064529	72064638
ENSG00000266507	9	139781185	139781255
ENSG00000272123	5	52384846	52385298
ENSG00000224643	2	183948133	183973247
ENSG00000238736	2	219193303	219193403
ENSG00000235325	2	108537219	108537704
ENSG00000249463	4	132948330	132949589
ENSG00000249085	5	72090232	72112392
ENSG00000225297	1	93665312	93665496
ENSG00000230580	2	219218798	219219295
ENSG00000250207	2	130750175	130750678
ENSG00000245910	8	67833919	67838633
ENSG00000254926	11	58516472	58528526
ENSG00000204850	19	46997765	46999755
ENSG00000227307	10	122685059	122740213
ENSG00000231684	1	182305136	182305475
ENSG00000115484	2	62095224	62115939
ENSG00000254272	8	22350144	22350557
ENSG00000207514	16	72410603	72410659
ENSG00000251051	4	133288941	133289634
ENSG00000247796	5	52405672	52410956
ENSG00000217289	2	130750462	130751613
ENSG00000225062	2	219231388	219232558
ENSG00000251365	5	6766004	6772066
ENSG00000249971	5	137682716	137685330
ENSG00000251398	4	133512244	133599658
ENSG00000264814	6	155174494	155174570
ENSG00000268423	19	47050313	47104118
ENSG00000272800	2	184079047	184080128
ENSG00000002933	7	150497491	150502208
ENSG00000251034	8	22398358	22402918
ENSG00000236762	10	122892604	122893237
ENSG00000182109	1	39987952	40011859
ENSG00000225276	10	37889724	37890296
ENSG00000260824	15	75192333	75193030
ENSG00000233735	1	240341139	240342944
ENSG00000253172	5	172571165	172572042
ENSG00000223286	6	155202416	155202504
ENSG00000271196	5	137790229	137790421
ENSG00000213120	2	184125370	184125774
ENSG00000249038	4	133513239	133513691
ENSG00000261008	16	72459384	72698908
ENSG00000214894	6	30766431	30798436
ENSG00000254230	8	22423510	22424684
ENSG00000213590	9	139830292	139831613
ENSG00000255265	11	58563710	58564327
ENSG00000238963	6	155226215	155226291
ENSG00000223927	HSCHR6_MHC_QBL	31237899	31239098
ENSG00000261813	15	75268581	75268914
ENSG00000177855	2	184472170	184472847
ENSG00000202103	6	86702739	86702877
ENSG00000231221	2	108665656	108669211
ENSG00000231147	2	130763773	130766696
ENSG00000265858	X	111502721	111502802
ENSG00000235381	6	155574273	155577858
ENSG00000243491	2	9897625	9910470
ENSG00000203729	1	182376756	182383950
ENSG00000220069	6	86796133	86796852
ENSG00000199580	15	75275615	75275717
ENSG00000253200	8	22471421	22474170
ENSG00000225954	HSCHR6_MHC_QBL	31245375	31246826
ENSG00000237923	6	30807303	30815936
ENSG00000260190	9	139831621	139832440
ENSG00000225581	11	89726704	89732909
ENSG00000241458	5	137809433	137810050
ENSG00000254717	11	58645775	58660933
ENSG00000273361	2	219263466	219263942
ENSG00000234172	2	184769256	184813839
ENSG00000252317	1	240504685	240504777
ENSG00000172500	11	65651212	65656010
ENSG00000260483	15	75315321	75315597
ENSG00000201010	2	48444714	48445038
ENSG00000233519	1	240563971	240564423
ENSG00000199121	2	219267369	219267445
ENSG00000251889	2	48567826	48567965
ENSG00000229890	2	108715566	108715948
ENSG00000271464	X	111563180	111563645
ENSG00000217272	6	86880165	86880736
ENSG00000225571	HSCHR6_MHC_QBL	31265712	31266446
ENSG00000187801	1	40915774	40929390
ENSG00000272663	2	48667182	48667736
ENSG00000270443	1	182403028	182403596
ENSG00000222714	2	219365452	219365760
ENSG00000232529	6	155701645	155702317
ENSG00000261026	8	22536526	22541522
ENSG00000224359	1	240693752	240694162
ENSG00000238268	9	139869546	139871433
ENSG00000233537	1	182410712	182411497
ENSG00000197830	5	137881629	137882992
ENSG00000202227	2	48729061	48729163
ENSG00000207393	2	219453937	219454043
ENSG00000238306	2	184814060	184814163
ENSG00000211451	1	145509752	145516076
ENSG00000272071	5	6779571	6780111
ENSG00000231305	3	128580156	128590383
ENSG00000202241	6	30832027	30832329
ENSG00000252805	2	219484524	219484660
ENSG00000239995	2	48859995	48860492
ENSG00000226578	10	38064299	38073059
ENSG00000115041	2	95963052	96051825
ENSG00000266808	2	185243702	185243771
ENSG00000220831	6	86923955	86924297
ENSG00000225328	2	108784204	108834297
ENSG00000238789	6	155976097	155976160
ENSG00000237775	6	30834759	30843695
ENSG00000236851	HSCHR6_MHC_QBL	31324240	31324786
ENSG00000196792	14	31363005	31495607
ENSG00000233861	X	134899166	134900630
ENSG00000273466	2	219497979	219498737
ENSG00000271400	X	111624620	111625448
ENSG00000269973	2	10076489	10079719
ENSG00000221456	6	156267931	156268013
ENSG00000254200	5	172652839	172653426
ENSG00000237824	2	185766838	185767289
ENSG00000260137	10	38080508	38080865
ENSG00000264594	6	30858660	30858749
ENSG00000213940	5	52502391	52503006
ENSG00000255184	11	89750779	89757679
ENSG00000226014	1	240713167	240713678
ENSG00000200436	X	111904885	111904996
ENSG00000212295	6	156699884	156699958
ENSG00000255523	11	58684488	58696162
ENSG00000232129	5	137887850	137888050
ENSG00000261504	1	182584389	182585764
ENSG00000260152	15	75406602	75407209
ENSG00000264731	6	30874655	30874913
ENSG00000235117	9	139931492	139932407
ENSG00000272555	2	219683413	219683867
ENSG00000266886	HSCHR6_MHC_QBL	31328026	31328132
ENSG00000225192	10	38083204	38085037
ENSG00000252761	6	30900395	30900486
ENSG00000260664	16	72459847	72463072
ENSG00000227360	6	156814360	156820905
ENSG00000261185	1	182610951	182612442
ENSG00000225406	2	186411862	186412545
ENSG00000219500	6	87141962	87142387
ENSG00000232727	7	63894208	63894970
ENSG00000253125	8	22547663	22656129
ENSG00000222937	5	137894659	137894728
ENSG00000232276	HSCHR6_MHC_QBL	31335308	31335905
ENSG00000232625	2	219706322	219706788
ENSG00000233529	6	30913756	30922639
ENSG00000243124	6	87145570	87145854
ENSG00000255240	11	58701116	58826132
ENSG00000206989	5	137896732	137896799
ENSG00000231240	2	130794531	130795995
ENSG00000221286	16	72613441	72613536
ENSG00000227181	1	182681997	182683679
ENSG00000221101	6	87183205	87183313
ENSG00000212581	2	186526501	186526633
ENSG00000253174	8	41397900	41402563
ENSG00000236877	2	108842471	108842787
ENSG00000203734	6	139117063	139225207
ENSG00000232285	2	49007741	49008034
ENSG00000218561	6	87439426	87439826
ENSG00000259768	16	72699069	72821143
ENSG00000207003	19	45550716	45550819
ENSG00000160870	7	99302660	99332819
ENSG00000228135	2	219765533	219795358
ENSG00000252722	15	75413877	75414007
ENSG00000219190	6	87478240	87478650
ENSG00000227597	2	108893268	108894398
ENSG00000220347	6	156983184	156983571
ENSG00000226747	2	186584601	186605206
ENSG00000236394	9	139947226	139947826
ENSG00000159224	17	47035916	47045958
ENSG00000146950	X	9754496	9917483
ENSG00000228789	6	31021227	31027667
ENSG00000201277	5	172681193	172681293
ENSG00000240366	15	75478992	75479309
ENSG00000267348	19	45579768	45593649
ENSG00000134056	5	68513587	68525956
ENSG00000271269	1	182702927	182703914
ENSG00000238200	X	134919550	134921014
ENSG00000217769	6	87606836	87607139
ENSG00000231773	HSCHR6_MHC_QBL	31338302	31338728
ENSG00000243970	1	39997510	40024379
ENSG00000252169	5	172719520	172719622
ENSG00000240906	22	25047814	25048364
ENSG00000229257	9	139952115	139956913
ENSG00000238731	16	72707402	72707463
ENSG00000160014	19	47104331	47114050
ENSG00000264809	1	182726054	182726153
ENSG00000231440	1	240751822	240754048
ENSG00000199219	5	172789137	172789243
ENSG00000254803	11	89783113	89783434
ENSG00000232174	5	137956018	137956653
ENSG00000200029	2	219780906	219781009
ENSG00000261764	16	72762515	72763793
ENSG00000223745	1	93727743	93811582
ENSG00000261779	15	75503642	75504508
ENSG00000237559	HSCHR6_MHC_QBL	31339952	31340166
ENSG00000224040	1	182911250	182911539
ENSG00000248313	2	130805999	130807013
ENSG00000224124	22	25041133	25055114
ENSG00000220240	6	87607265	87607401
ENSG00000271265	6	157095351	157095796
ENSG00000235024	2	219809351	219826625
ENSG00000265896	HSCHR6_MHC_QBL	31359978	31360076
ENSG00000238745	5	137959168	137959271
ENSG00000244619	1	145541593	145542229
ENSG00000254916	11	89785005	89786904
ENSG00000214457	6	87680184	87680911
ENSG00000264950	15	75518212	75518312
ENSG00000228844	1	240799899	240800352
ENSG00000199837	1	182913500	182913625
ENSG00000213652	X	111933143	111933748
ENSG00000258370	HSCHR6_MHC_QBL	31375872	31376202
ENSG00000249734	5	6795993	6826841
ENSG00000264578	8	41467211	41479021
ENSG00000224928	2	219818123	219818772
ENSG00000261209	2	108934181	108935067
ENSG00000217169	6	87709763	87710009
ENSG00000271551	6	157097494	157098211
ENSG00000226570	1	182924525	182925283
ENSG00000260660	15	75519094	75526292
ENSG00000240052	5	52709334	52710090
ENSG00000101882	X	119059014	119077735
ENSG00000231864	9	139957987	139959033
ENSG00000265852	HSCHR6_MHC_QBL	31454788	31454889
ENSG00000267346	19	45631827	45632288
ENSG00000235702	1	145827205	145833118
ENSG00000265573	16	72821592	72821672
ENSG00000253968	5	172841038	172878168
ENSG00000228828	10	38107534	38109910
ENSG00000238508	5	52905417	52905488
ENSG00000230162	X	135024637	135029298
ENSG00000225317	HSCHR6_MHC_QBL	31477555	31478366
ENSG00000200243	5	6848240	6848575
ENSG00000166211	12	101869199	101880775
ENSG00000259901	16	72823142	72825522
ENSG00000217776	6	87779874	87780179
ENSG00000271899	6	157100812	157100865
ENSG00000251750	1	240816667	240816777
ENSG00000267044	19	45639251	45640235
ENSG00000236445	2	219840321	219844382
ENSG00000236467	10	78647802	78740382
ENSG00000231646	2	186648418	186664878
ENSG00000222895	6	31050787	31050886
ENSG00000214602	2	49142406	49143669
ENSG00000253141	5	172890503	172911587
ENSG00000043143	5	133860003	133918918
ENSG00000259209	16	72840887	72843538
ENSG00000254877	11	58735069	58735764
ENSG00000270487	6	157101461	157101589
ENSG00000234872	1	240817541	240817925
ENSG00000167236	17	34340096	34345005
ENSG00000238211	6	31108504	31108690
ENSG00000228060	1	40030832	40038875
ENSG00000267037	19	45653008	45653863
ENSG00000223709	11	89789145	89796167
ENSG00000176855	1	182928209	182929540
ENSG00000252697	6	87792951	87793254
ENSG00000170688	11	7870247	7871182
ENSG00000251868	16	72855832	72855891
ENSG00000218596	6	157297428	157298206
ENSG00000255189	11	58746260	58761593
ENSG00000250060	5	6868672	6886900
ENSG00000232572	HSCHR6_MHC_QBL	31486175	31486754
ENSG00000215860	1	145924388	145942619
ENSG00000232180	HSCHR6_MHC_SSTO	31822859	31838708
ENSG00000215477	6	87831411	87832406
ENSG00000221799	16	73018756	73018853
ENSG00000199411	9	139988797	139988882
ENSG00000224806	22	25082135	25082646
ENSG00000221035	8	41517959	41518026
ENSG00000260104	15	75541573	75541748
ENSG00000204528	6	31141512	31145676
ENSG00000133056	1	204391756	204463852
ENSG00000228471	2	130839665	130839793
ENSG00000188525	2	10143286	10146158
ENSG00000272330	16	73048218	73048375
ENSG00000238824	9	140017961	140018060
ENSG00000225157	19	45687584	45688190
ENSG00000253404	5	138080123	138088998
ENSG00000263351	X	112023946	112024016
ENSG00000199241	1	240861620	240861729
ENSG00000224334	22	25082890	25084054
ENSG00000264768	1	182928620	182928710
ENSG00000224019	2	186821314	186821790
ENSG00000230015	1	240902719	240906911
ENSG00000253389	8	41518509	41523084
ENSG00000243011	X	112099102	112099388
ENSG00000261205	15	75544084	75545275
ENSG00000265206	17	56408245	56409869
ENSG00000207472	1	182951347	182951453
ENSG00000261793	9	140063306	140066436
ENSG00000252769	11	7910729	7910826
ENSG00000127948	7	75528518	75616173
ENSG00000201457	1	40033046	40033180
ENSG00000266295	HSCHR6_MHC_QBL	31494434	31494509
ENSG00000242120	3	70246045	70361877
ENSG00000267045	19	45741890	45748628
ENSG00000272250	16	73094144	73094658
ENSG00000224468	1	183107537	183110417
ENSG00000272008	6	87860877	87865003
ENSG00000233044	6	157428861	157440840
ENSG00000266646	HSCHR6_MHC_QBL	31499156	31499233
ENSG00000254642	11	7999028	7999255
ENSG00000248738	8	22735485	22745535
ENSG00000225903	1	40099088	40099575
ENSG00000272501	6	31162977	31165814
ENSG00000254786	11	58762912	58767162
ENSG00000026103	10	90750414	90775542
ENSG00000254341	8	67834709	67834786
ENSG00000237877	2	186897618	186947960
ENSG00000265361	5	138099909	138100243
ENSG00000250447	5	53072474	53115516
ENSG00000242675	19	45835956	45836382
ENSG00000238071	HSCHR6_MHC_QBL	31500359	31501193
ENSG00000271009	16	73094369	73096215
ENSG00000222615	3	70300794	70300896
ENSG00000252609	6	157712343	157712431
ENSG00000201532	5	138348018	138348130
ENSG00000233562	1	183235737	183236420
ENSG00000253223	8	67896370	67898422
ENSG00000271821	6	31167942	31169695
ENSG00000250974	5	6933783	7190925
ENSG00000225333	1	40183700	40184267
ENSG00000198973	2	219866362	219866431
ENSG00000166855	15	65440557	65477680
ENSG00000240156	3	70800274	70800501
ENSG00000263697	9	140063638	140063722
ENSG00000217783	6	157720077	157721158
ENSG00000226919	1	240928857	240931980
ENSG00000224090	2	219866937	219880443
ENSG00000255420	11	8032825	8038036
ENSG00000255726	6	31190690	31190870
ENSG00000242542	15	75560749	75561024
ENSG00000270259	9	140180557	140180848
ENSG00000218313	6	87883086	87884021
ENSG00000232860	1	183430009	183440881
ENSG00000237223	2	108938694	108970255
ENSG00000266491	8	67971141	67971238
ENSG00000252413	1	40189238	40189299
ENSG00000255899	6	31192119	31192835
ENSG00000254399	11	58810210	58818444
ENSG00000271040	6	157744996	157745509
ENSG00000229189	HSCHR6_MHC_QBL	31569105	31569378
ENSG00000244438	15	75585025	75585300
ENSG00000260880	16	73126248	73127673
ENSG00000252637	8	68011537	68011660
ENSG00000237601	22	25099315	25099470
ENSG00000223963	1	240932720	240934834
ENSG00000261798	1	40254648	40255843
ENSG00000214892	6	31243349	31246531
ENSG00000111801	6	26440700	26453643
ENSG00000109079	17	26662628	26674035
ENSG00000219930	X	135160003	135160790
ENSG00000213078	6	157787022	157787955
ENSG00000260357	15	75592294	75595306
ENSG00000250869	8	68045789	68048146
ENSG00000255011	11	89804304	89806223
ENSG00000229213	1	40261515	40261668
ENSG00000232025	X	112160864	112160989
ENSG00000271966	8	68256210	68257322
ENSG00000264755	2	219923410	219923472
ENSG00000182351	22	25108259	25108489
ENSG00000254921	11	8056993	8061265
ENSG00000216990	6	88008490	88010165
ENSG00000202222	1	40347238	40347350
ENSG00000183657	3	171509580	171527714
ENSG00000252930	X	112162360	112162458
ENSG00000206915	2	49460933	49461038
ENSG00000260476	2	10161705	10162952
ENSG00000264153	HSCHR6_MHC_QBL	31581097	31581228
ENSG00000236546	1	40363417	40364770
ENSG00000261227	16	73265954	73267869
ENSG00000238811	X	112244247	112244356
ENSG00000241961	8	68318750	68319307
ENSG00000234253	2	50105761	50106501
ENSG00000227939	6	31248094	31249296
ENSG00000260077	2	10179219	10180790
ENSG00000255151	11	58853780	58862259
ENSG00000215802	1	240986306	240986733
ENSG00000224835	HSCHR6_MHC_QBL	31616346	31618738
ENSG00000260996	9	140188320	140190173
ENSG00000254253	8	68481651	68482313
ENSG00000124608	6	44267391	44281063
ENSG00000218631	6	157793588	157794203
ENSG00000058729	5	96496571	96518964
ENSG00000102007	X	49028273	49031588
ENSG00000199066	19	46142252	46142345
ENSG00000207356	1	40410562	40410670
ENSG00000266617	6	157950164	157950232
ENSG00000221660	8	68623867	68623958
ENSG00000259790	15	75613738	75615034
ENSG00000254888	11	89808007	89808264
ENSG00000231402	6	31255287	31256741
ENSG00000258779	16	73420704	73455292
ENSG00000255130	8	68644822	68647900
ENSG00000241226	19	46154768	46155060
ENSG00000263710	5	53078528	53078604
ENSG00000228477	1	40428352	40429076
ENSG00000258226	HSCHR6_MHC_QBL	31617025	31617964
ENSG00000219448	6	157998119	158003309
ENSG00000185615	16	333152	337215
ENSG00000226410	2	187027676	187027972
ENSG00000233615	1	241082953	241083909
ENSG00000265042	1	183479810	183479899
ENSG00000207101	8	41660867	41660968
ENSG00000224290	HSCHR6_MHC_COX	31607608	31613401
ENSG00000207773	19	46178186	46178282
ENSG00000217791	5	53154996	53156231
ENSG00000234361	6	158250175	158251605
ENSG00000255531	8	68761279	68761573
ENSG00000270009	1	183589981	183590626
ENSG00000232568	2	187126146	187126646
ENSG00000231513	X	135179994	135180507
ENSG00000186329	3	171561139	171656505
ENSG00000255009	11	89819081	89820299
ENSG00000256166	6	31261685	31269419
ENSG00000212258	5	7047340	7047449
ENSG00000207636	15	75645952	75646026
ENSG00000272272	9	140315596	140315690
ENSG00000259605	19	46268043	46273064
ENSG00000187815	1	40942887	40962015
ENSG00000270994	1	183678440	183679375
ENSG00000226745	1	40598436	40599120
ENSG00000265278	HSCHR6_MHC_QBL	31621311	31621424
ENSG00000259915	2	187219299	187221500
ENSG00000248775	5	7288037	7288590
ENSG00000255206	8	68994439	69007316
ENSG00000234406	7	25225242	25228343
ENSG00000238085	1	241161751	241162094
ENSG00000263933	9	140440200	140440285
ENSG00000260591	15	75647551	75648087
ENSG00000245571	11	58897606	58910488
ENSG00000212580	2	50116006	50116124
ENSG00000257575	HSCHR6_MHC_QBL	31630519	31630764
ENSG00000229836	6	31275592	31276326
ENSG00000229502	6	158293603	158296242
ENSG00000227692	2	187229325	187229855
ENSG00000260588	8	41685683	41687452
ENSG00000254051	8	69089003	69089456
ENSG00000115275	2	74688184	74692537
ENSG00000254436	11	89831589	89831985
ENSG00000272416	5	53176123	53176881
ENSG00000134058	5	68530668	68573250
ENSG00000271581	6	31324424	31325414
ENSG00000260274	15	75660496	75661925
ENSG00000224323	2	187353351	187353810
ENSG00000233998	9	140535438	140535999
ENSG00000266271	HSCHR6_MHC_QBL	31659062	31659124
ENSG00000230327	2	50815828	50816553
ENSG00000228432	6	31334129	31334675
ENSG00000267395	19	46271054	46275762
ENSG00000250796	3	128588467	128588869
ENSG00000207299	11	89851559	89851629
ENSG00000258582	16	73517216	73521643
ENSG00000227227	2	187506066	187560014
ENSG00000133773	12	82617460	82752584
ENSG00000264556	HSCHR6_MHC_QBL	31714972	31715074
ENSG00000207508	1	40643515	40643621
ENSG00000241890	15	75680608	75681169
ENSG00000252210	8	69135553	69135637
ENSG00000249593	5	138348336	138386892
ENSG00000215077	HSCHR6_MHC_QBL	32865184	32878022
ENSG00000236324	6	158306146	158313818
ENSG00000265732	HSCHR6_MHC_QBL	31793302	31793364
ENSG00000239080	X	135216476	135216579
ENSG00000130340	6	158244296	158366109
ENSG00000259943	1	40722099	40723639
ENSG00000253964	8	69205681	69206053
ENSG00000226553	2	187866603	187868104
ENSG00000201658	6	31337911	31338017
ENSG00000260687	16	73533208	73533662
ENSG00000171634	17	65821640	65980494
ENSG00000241834	8	41697580	41697857
ENSG00000227554	1	183723553	183724072
ENSG00000249505	3	128764606	128765764
ENSG00000265156	HSCHR6_MHC_QBL	31795112	31795178
ENSG00000261645	11	89984400	90648220
ENSG00000223845	7	63904180	63905120
ENSG00000265294	6	31342095	31342180
ENSG00000220867	6	158345434	158345708
ENSG00000228221	3	177159709	177470093
ENSG00000271787	2	10194548	10194993
ENSG00000230079	X	135377849	135382457
ENSG00000231296	1	40728344	40728656
ENSG00000252435	3	128792139	128792241
ENSG00000255585	9	140682117	140683139
ENSG00000231869	HSCHR6_MHC_QBL	31841932	31842225
ENSG00000259971	16	73545075	73545553
ENSG00000170185	4	144106070	144144983
ENSG00000230994	6	31345196	31345796
ENSG00000222960	5	53207850	53207953
ENSG00000261714	15	75707590	75708361
ENSG00000236191	8	69437752	69438141
ENSG00000199840	1	184140848	184140957
ENSG00000238874	3	128792938	128793045
ENSG00000228014	7	63929563	63931031
ENSG00000207627	5	53247334	53247429
ENSG00000234469	X	9935392	9936134
ENSG00000252658	6	158355200	158355289
ENSG00000247732	5	7290936	7296458
ENSG00000207080	1	184284792	184284899
ENSG00000255381	11	58909594	58910083
ENSG00000224063	2	187867947	188419390
ENSG00000124574	6	43395104	43418168
ENSG00000207693	9	140732871	140732968
ENSG00000273174	3	128842282	128842846
ENSG00000260848	16	73577840	73592421
ENSG00000235250	HSCHR6_MHC_QBL	31892622	31899887
ENSG00000227311	1	40798748	40799230
ENSG00000233496	6	158422139	158423415
ENSG00000216191	2	50923310	50923400
ENSG00000231791	1	184298205	184301960
ENSG00000213798	7	25251789	25252584
ENSG00000223702	6	31348188	31348616
ENSG00000273437	3	128882449	128882783
ENSG00000264258	HSCHR6_MHC_QBL	31915008	31915109
ENSG00000134042	18	48324574	48351772
ENSG00000256905	8	41818758	41820184
ENSG00000215968	2	51026102	51026193
ENSG00000265831	1	241295572	241295646
ENSG00000201105	1	145944938	145945104
ENSG00000214391	11	90015728	90017340
ENSG00000241673	3	128936936	128937193
ENSG00000271070	2	108983572	108984394
ENSG00000259817	16	73846520	73849953
ENSG00000241230	5	53343839	53344138
ENSG00000230075	HSCHR6_MHC_QBL	31958163	31961692
ENSG00000265803	6	158596016	158596102
ENSG00000234245	1	145952372	145956451
ENSG00000224348	1	241468880	241469182
ENSG00000258784	14	56214926	56239921
ENSG00000238966	8	41901022	41901093
ENSG00000239184	8	69607878	69608014
ENSG00000242683	5	138370837	138371676
ENSG00000244568	1	184304792	184305081
ENSG00000270458	12	56056121	56056285
ENSG00000228653	7	63961203	63962107
ENSG00000122026	13	27825446	27830828
ENSG00000238165	2	51056580	51056816
ENSG00000260165	15	75773002	75773177
ENSG00000244235	8	41958836	41959354
ENSG00000225851	6	31349851	31350065
ENSG00000254337	8	69760977	69764998
ENSG00000271387	1	184354887	184355838
ENSG00000266035	HSCHR6_MHC_QBL	32003912	32004032
ENSG00000188451	6	158658368	158663829
ENSG00000223101	11	90057944	90058052
ENSG00000225178	16	73974538	73975423
ENSG00000177350	14	56232895	56234435
ENSG00000272221	6	31362066	31363272
ENSG00000207418	1	145969270	145969433
ENSG00000269148	19	46333422	46334366
ENSG00000259931	15	75805111	75805381
ENSG00000266703	11	90288942	90289025
ENSG00000271284	2	109040068	109040341
ENSG00000212558	2	10230332	10230446
ENSG00000263999	11	58981880	58982172
ENSG00000266272	X	135569451	135569551
ENSG00000257661	HSCHR6_MHC_QBL	32171956	32172096
ENSG00000145147	4	20254883	20622184
ENSG00000213172	1	40830438	40830855
ENSG00000206417	3	129034235	129045068
ENSG00000221586	11	90602289	90602370
ENSG00000119669	14	77490888	77495034
ENSG00000225802	11	59022833	59026959
ENSG00000230470	1	184377471	184381494
ENSG00000225554	1	241587592	241596792
ENSG00000253135	8	41986292	41986767
ENSG00000214184	2	109123971	109150652
ENSG00000211580	19	46522190	46522307
ENSG00000229828	1	146011091	146025308
ENSG00000205976	5	7299887	7306705
ENSG00000257536	HSCHR6_MHC_QBL	32191853	32192020
ENSG00000222845	2	187987289	187987588
ENSG00000254677	11	90847892	90849119
ENSG00000253658	8	69824038	70016425
ENSG00000206337	6	31368479	31445283
ENSG00000248332	11	8081585	8090920
ENSG00000236537	6	158703295	158733390
ENSG00000268401	19	46530912	46533419
ENSG00000232036	1	184535645	184536969
ENSG00000199626	2	188135425	188135531
ENSG00000258791	14	56247864	56263406
ENSG00000261404	16	74088050	74330660
ENSG00000265421	5	53371348	53371413
ENSG00000231739	2	188280279	188280545
ENSG00000260920	1	40929991	40932436
ENSG00000167105	17	48348767	48358844
ENSG00000139289	12	76419227	76427712
ENSG00000258008	HSCHR6_MHC_QBL	32240867	32241016
ENSG00000203987	9	140762377	140787022
ENSG00000238019	6	158818917	158819593
ENSG00000229022	1	241995237	241996089
ENSG00000260269	15	75819491	75893546
ENSG00000216060	X	135633037	135633119
ENSG00000254799	11	59030862	59031275
ENSG00000267922	19	46604380	46699475
ENSG00000249069	5	53616774	53710955
ENSG00000243373	6	158858829	158859118
ENSG00000235171	HSCHR6_MHC_QBL	32250800	32251759
ENSG00000252790	1	184647068	184647141
ENSG00000252533	5	138557447	138557526
ENSG00000227216	1	146059926	146060343
ENSG00000231689	2	188577543	189152418
ENSG00000255070	11	90849129	90849723
ENSG00000202233	7	25304275	25304377
ENSG00000235990	1	242079425	242079845
ENSG00000199424	X	135653864	135653974
ENSG00000219188	6	158936637	158937261
ENSG00000252222	1	184790562	184790623
ENSG00000252213	5	138611869	138612009
ENSG00000214797	11	59036349	59051506
ENSG00000271938	8	41996979	41997270
ENSG00000238287	1	40958829	40974333
ENSG00000234922	7	25305543	25305909
ENSG00000100104	22	26879843	26890624
ENSG00000218226	6	159030738	159042668
ENSG00000200959	5	138614470	138614667
ENSG00000260976	1	184970659	184977815
ENSG00000268053	19	46614337	46617121
ENSG00000252004	2	188607314	188607401
ENSG00000246820	11	8190714	8200450
ENSG00000198658	1	146076838	146080009
ENSG00000252320	X	135665399	135665504
ENSG00000227278	1	40980133	40980729
ENSG00000219249	6	159146779	159147835
ENSG00000201312	1	184984083	184984199
ENSG00000255187	11	90891251	90900462
ENSG00000199545	5	138635541	138635657
ENSG00000223974	7	64011876	64012444
ENSG00000216011	2	51170430	51170524
ENSG00000254704	11	59054812	59056959
ENSG00000253015	5	138668727	138669054
ENSG00000232792	1	185040699	185041167
ENSG00000265920	HSCHR6_MHC_QBL	32278119	32278225
ENSG00000233093	X	135721702	135724588
ENSG00000272385	2	51188383	51188471
ENSG00000228763	2	109293251	109295057
ENSG00000265558	6	159185693	159185785
ENSG00000238186	1	40981426	40982846
ENSG00000272524	2	10260861	10261192
ENSG00000252778	11	8576563	8576693
ENSG00000228738	HSCHR6_MHC_QBL	32315749	32318924
ENSG00000255332	11	91527528	91545460
ENSG00000238808	8	70022748	70022809
ENSG00000259868	14	56382445	56383044
ENSG00000231918	2	51259739	52635055
ENSG00000233893	6	159239043	159241625
ENSG00000216324	6	88135513	88135806
ENSG00000272742	5	138700366	138705406
ENSG00000254900	11	8700636	8702460
ENSG00000091844	6	153325594	153452384
ENSG00000047644	X	9983602	10112518
ENSG00000206647	2	10295199	10295333
ENSG00000196289	1	242121039	242122364
ENSG00000254332	8	70041833	70042580
ENSG00000198894	14	77564440	77583630
ENSG00000206208	HSCHR6_MHC_MCF	33437818	33452509
ENSG00000236505	1	41029206	41029331
ENSG00000265418	2	10332740	10332797
ENSG00000200983	11	8705774	8705903
ENSG00000213622	14	56464932	56465307
ENSG00000108984	17	67410839	67539472
ENSG00000218793	6	88150883	88151864
ENSG00000233648	2	109311206	109311349
ENSG00000259339	19	46640003	46640804
ENSG00000226035	HSCHR6_MHC_QBL	32385108	32398790
ENSG00000212607	11	8706986	8707116
ENSG00000203473	15	75830020	75830438
ENSG00000229926	9	141031547	141038316
ENSG00000212522	14	56535161	56535245
ENSG00000200378	5	138783596	138783706
ENSG00000243775	6	159262149	159278664
ENSG00000266884	HSCHR6_MHC_QBL	32414984	32415132
ENSG00000231084	1	185140467	185140842
ENSG00000213026	1	242156487	242156984
ENSG00000235644	2	109328718	109329356
ENSG00000260235	15	75917134	75918031
ENSG00000264389	HSCHR6_MHC_QBL	32452834	32452980
ENSG00000251597	5	53695269	53695863
ENSG00000120254	6	151186685	151423023
ENSG00000218698	6	88154113	88154893
ENSG00000251250	5	7326177	7326722
ENSG00000254961	11	91682897	91683200
ENSG00000233910	1	41059305	41060025
ENSG00000260206	15	75928480	75931580
ENSG00000199332	6	31369929	31370027
ENSG00000227442	HSCHR6_MHC_QBL	32456257	32470744
ENSG00000249689	5	138872123	138872690
ENSG00000269729	19	46667150	46683904
ENSG00000229567	1	93744518	93744686
ENSG00000159479	1	43849588	43855479
ENSG00000230174	6	31409444	31414750
ENSG00000223119	1	242187251	242187356
ENSG00000260892	15	75968568	75969503
ENSG00000261449	8	42009290	42010281
ENSG00000253373	8	70087814	70090424
ENSG00000213051	1	185195940	185196832
ENSG00000264030	2	10420757	10421017
ENSG00000206715	6	88198163	88198270
ENSG00000242248	11	91894272	91895055
ENSG00000227733	1	146093234	146159103
ENSG00000227470	2	109494764	109494916
ENSG00000213076	6	159342303	159343182
ENSG00000238628	6	88430633	88430736
ENSG00000237374	2	51429219	51448902
ENSG00000222482	7	99817650	99817743
ENSG00000246877	15	76020011	76030964
ENSG00000233902	6	31430505	31431113
ENSG00000263593	5	72174418	72174490
ENSG00000238714	8	42083151	42083252
ENSG00000224625	1	242220387	242223544
ENSG00000249215	5	138873841	138875701
ENSG00000207131	6	88535891	88536003
ENSG00000243873	3	70803005	70803724
ENSG00000012211	X	49031151	49042845
ENSG00000135114	12	121458095	121477045
ENSG00000201680	6	31464466	31464567
ENSG00000235547	11	92069198	92069662
ENSG00000240997	6	88555368	88555663
ENSG00000242602	5	72174695	72175012
ENSG00000253479	8	70337270	70360479
ENSG00000268621	19	46692423	46706340
ENSG00000257914	HSCHR6_MHC_COX	31808914	31809602
ENSG00000128989	15	52839242	52862080
ENSG00000211983	6	88557263	88557350
ENSG00000256851	6	31483756	31483988
ENSG00000078319	7	99918615	99939531
ENSG00000260288	15	76030161	76055662
ENSG00000271926	5	72249462	72250101
ENSG00000248950	5	92176514	92177335
ENSG00000251678	5	7344692	7346034
ENSG00000223191	6	159347498	159347603
ENSG00000271114	6	88601142	88601587
ENSG00000253408	8	42091193	42128715
ENSG00000237899	1	41134761	41153260
ENSG00000229635	1	93850044	93850555
ENSG00000259863	2	109743783	109745386
ENSG00000249255	11	92099662	92100416
ENSG00000145414	4	164031225	164088073
ENSG00000206898	2	10436173	10436306
ENSG00000232517	5	54104038	54168379
ENSG00000207020	5	138934485	138934586
ENSG00000272081	5	72251033	72251526
ENSG00000170426	12	57316938	57328189
ENSG00000271913	6	159409210	159485957
ENSG00000220131	6	88974877	88975230
ENSG00000084754	2	26413504	26467594
ENSG00000206633	2	10586840	10586975
ENSG00000264934	2	109757946	109758044
ENSG00000272145	1	41156052	41157738
ENSG00000207379	1	93851268	93851374
ENSG00000266689	HSCHR6_MHC_QBL	32478740	32478886
ENSG00000268879	19	46699495	46700580
ENSG00000249958	5	92225094	92226547
ENSG00000264399	17	56413337	56413383
ENSG00000197980	3	156543270	156763918
ENSG00000201421	1	185220445	185220543
ENSG00000254705	11	92133357	92141342
ENSG00000260815	15	76039110	76039604
ENSG00000212601	1	93953890	93954009
ENSG00000251467	5	72292747	72293469
ENSG00000272255	5	139024045	139024587
ENSG00000266051	17	56533485	56533575
ENSG00000233744	HSCHR6_MHC_QBL	32555985	32556833
ENSG00000219797	6	31487257	31488068
ENSG00000206640	1	185227043	185227147
ENSG00000198974	1	41220027	41220118
ENSG00000220267	6	88985601	88986708
ENSG00000266648	17	56553499	56554311
ENSG00000248930	5	72316527	72317106
ENSG00000228551	2	109867878	109868102
ENSG00000248528	5	92242887	92275298
ENSG00000268460	19	46706683	46718094
ENSG00000233583	1	185231418	185233488
ENSG00000207962	1	41222956	41223044
ENSG00000164002	1	40974413	40982228
ENSG00000224093	1	94057756	94071130
ENSG00000240110	HSCHR6_MHC_QBL	32555990	32558585
ENSG00000264582	1	41270518	41270811
ENSG00000250635	5	139028584	139029313
ENSG00000234426	6	89008669	89130752
ENSG00000264672	17	56597198	56634338
ENSG00000102901	16	67862060	67881714
ENSG00000225499	6	31495891	31496470
ENSG00000253216	8	70358292	70358495
ENSG00000251361	5	92355369	92404375
ENSG00000229528	1	41329586	41342342
ENSG00000250668	5	7347099	7348090
ENSG00000226032	6	159485760	159486305
ENSG00000206939	3	70857501	70857603
ENSG00000229710	HSCHR6_MHC_QBL	32602598	32603429
ENSG00000222145	6	89423961	89424149
ENSG00000252028	3	177221091	177221340
ENSG00000221382	3	70927811	70927943
ENSG00000265965	2	109930027	109930081
ENSG00000220130	6	89711267	89711533
ENSG00000261043	15	76051842	76054746
ENSG00000200833	5	72395900	72396009
ENSG00000236385	3	177339170	177346075
ENSG00000224478	6	159528823	159537085
ENSG00000222889	8	70612459	70612730
ENSG00000228940	1	41403776	41405435
ENSG00000212510	X	135856158	135856264
ENSG00000220960	6	89769347	89769828
ENSG00000257135	2	10588820	10591453
ENSG00000249526	5	139064230	139124595
ENSG00000251599	5	72427835	72446419
ENSG00000201785	6	31504151	31504226
ENSG00000254557	8	70625625	70631957
ENSG00000213730	5	92603135	92604131
ENSG00000222692	2	51662260	51662356
ENSG00000230150	HSCHR6_MHC_QBL	32614456	32615286
ENSG00000117461	1	46505812	46642160
ENSG00000271339	X	135870445	135870946
ENSG00000252612	1	185235667	185235759
ENSG00000227315	HSCHR6_MHC_COX	31812978	31818226
ENSG00000269637	19	46722680	46723177
ENSG00000265236	6	31508878	31508955
ENSG00000224344	2	51738196	51738621
ENSG00000250747	5	72448243	72448765
ENSG00000271113	8	70706297	70706969
ENSG00000231164	X	135873223	135873939
ENSG00000238061	1	185249976	185250948
ENSG00000233682	6	159586941	159591039
ENSG00000222120	1	242297574	242297683
ENSG00000200288	3	177342070	177342197
ENSG00000169682	16	28985542	28995869
ENSG00000212195	17	56709003	56709197
ENSG00000238738	5	72449938	72450011
ENSG00000234006	6	31510081	31510915
ENSG00000223710	2	52002396	52002540
ENSG00000237916	2	110310113	110310423
ENSG00000230439	1	94218480	94241000
ENSG00000269745	19	46732221	46733645
ENSG00000272865	1	242310816	242372431
ENSG00000238765	1	146124161	146124283
ENSG00000228561	3	177401415	177409038
ENSG00000202077	17	56736510	56736666
ENSG00000223001	6	89773219	89773409
ENSG00000246528	8	70746346	70767206
ENSG00000225125	X	135889382	135890036
ENSG00000230696	2	110352270	110363275
ENSG00000235616	2	188690068	188691176
ENSG00000271931	6	89789883	89790386
ENSG00000268238	19	46763677	46764115
ENSG00000249743	5	72509774	72590761
ENSG00000187812	15	76067894	76079239
ENSG00000264017	6	89800665	89800959
ENSG00000252084	1	242351949	242352091
ENSG00000230622	6	31578860	31579133
ENSG00000273004	1	185286911	185287662
ENSG00000235086	6	159661818	159664361
ENSG00000139547	12	57345219	57353158
ENSG00000199796	19	46809727	46809834
ENSG00000220418	6	90011502	90012833
ENSG00000211575	1	94312388	94312467
ENSG00000213115	2	189091916	189093109
ENSG00000240395	8	42199285	42200152
ENSG00000241136	7	143479760	143481377
ENSG00000255587	6	36683256	36699870
ENSG00000224525	1	242366857	242374129
ENSG00000231574	3	177534653	177617012
ENSG00000200756	5	139097570	139097675
ENSG00000269124	19	46823454	46843261
ENSG00000224197	HSCHR6_MHC_QBL	32627212	32628148
ENSG00000126106	1	45100910	45140227
ENSG00000260464	1	94312730	94314495
ENSG00000231178	6	159774954	159775705
ENSG00000233118	1	41407923	41408187
ENSG00000202279	X	135898636	135898733
ENSG00000249131	5	139120934	139125808
ENSG00000266826	17	56737941	56738960
ENSG00000221073	5	54148674	54148776
ENSG00000261024	1	185290289	185304171
ENSG00000200650	2	189141459	189141571
ENSG00000254131	8	42342118	42342537
ENSG00000159111	17	45900638	45908900
ENSG00000200816	6	31590856	31590987
ENSG00000223490	1	94386824	94387223
ENSG00000083290	17	19674142	19771249
ENSG00000199426	17	56743898	56744058
ENSG00000268810	19	46885749	46886426
ENSG00000226750	1	242508860	242509020
ENSG00000226810	5	54153100	54154319
ENSG00000234777	6	159804563	159817475
ENSG00000207951	2	189162219	189162315
ENSG00000218965	6	90131818	90132767
ENSG00000232611	X	135923090	135929956
ENSG00000227198	6	31626106	31628498
ENSG00000232637	1	146032648	146253110
ENSG00000265377	HSCHR6_MHC_QBL	32646402	32646469
ENSG00000269151	19	46893772	46894109
ENSG00000234099	1	94388130	94389501
ENSG00000255107	8	70771499	70772775
ENSG00000223523	2	189463518	189704171
ENSG00000215893	1	41564310	41564808
ENSG00000230603	2	110422786	110423319
ENSG00000160013	19	47123725	47128375
ENSG00000254165	8	42392672	42393447
ENSG00000201207	6	31631065	31631178
ENSG00000230840	2	52152830	52152971
ENSG00000249638	5	7363092	7364644
ENSG00000235467	1	242528491	242529124
ENSG00000216480	6	159947094	159947559
ENSG00000251543	5	72633733	72634360
ENSG00000266776	6	31668806	31668868
ENSG00000249210	19	47061898	47062899
ENSG00000235794	1	94389942	94390272
ENSG00000239580	8	70834989	70835281
ENSG00000225400	X	135929543	135930193
ENSG00000053747	18	21269407	21535030
ENSG00000223293	8	70842140	70842257
ENSG00000239316	6	90187860	90188150
ENSG00000225790	3	177652611	177655450
ENSG00000252743	6	31724728	31724830
ENSG00000221502	2	189842818	189842887
ENSG00000179270	2	29283842	29297127
ENSG00000206296	HSCHR6_MHC_QBL	32740573	32742982
ENSG00000249149	5	72678211	72706336
ENSG00000227143	10	122938214	122945480
ENSG00000235663	6	31732087	31733365
ENSG00000237187	5	92745065	92921354
ENSG00000247570	8	70855183	70856883
ENSG00000235358	1	41708045	41750533
ENSG00000237027	6	90270594	90276763
ENSG00000213690	1	242540225	242540734
ENSG00000272233	8	42409933	42410336
ENSG00000228073	2	189959789	189960884
ENSG00000269292	19	47112534	47114036
ENSG00000232752	1	94390299	94390941
ENSG00000270321	3	177671854	177677586
ENSG00000237927	6	160007987	160010201
ENSG00000201555	6	31746594	31746682
ENSG00000159247	9	141044565	141071821
ENSG00000206979	X	135961358	135961430
ENSG00000183900	5	72742083	72744352
ENSG00000222979	10	123170430	123170714
ENSG00000264725	2	189997762	189997837
ENSG00000201823	6	31803040	31803103
ENSG00000256892	10	37890366	37891859
ENSG00000270859	1	242834442	242834878
ENSG00000223432	10	123374939	123375353
ENSG00000255101	8	42560726	42577089
ENSG00000245598	19	47163621	47180704
ENSG00000220305	6	160133833	160135017
ENSG00000213601	2	190175989	190176693
ENSG00000201754	6	31804853	31804919
ENSG00000215800	1	242935922	242936405
ENSG00000252407	1	185403376	185403437
ENSG00000138615	15	65488337	65503826
ENSG00000249865	5	7368042	7373187
ENSG00000247993	5	72742184	72742811
ENSG00000228124	6	90383188	90385502
ENSG00000223540	10	123473121	123473508
ENSG00000266817	2	190176397	190176487
ENSG00000253721	8	70899650	70899932
ENSG00000229842	1	94390962	94391628
ENSG00000270920	1	185404971	185405179
ENSG00000124772	6	36708552	36807778
ENSG00000237080	6	31851538	31851831
ENSG00000250890	1	94391588	94391744
ENSG00000217258	2	10592445	10595678
ENSG00000262118	16	3417719	3419246
ENSG00000221267	6	31924616	31924717
ENSG00000213121	6	153552455	153668623
ENSG00000251604	5	72747323	72749220
ENSG00000220871	6	90507317	90507596
ENSG00000224250	10	123495818	123499245
ENSG00000234062	X	135991554	136103789
ENSG00000270818	1	243045368	243046777
ENSG00000251387	5	139152113	139154991
ENSG00000235329	X	112590640	112590846
ENSG00000232145	7	143493388	143493813
ENSG00000236689	1	94392171	94393125
ENSG00000233627	6	31967753	31971298
ENSG00000228309	1	185527504	185597659
ENSG00000251988	6	160141447	160141572
ENSG00000213987	1	41730222	41730534
ENSG00000251324	5	72750012	72768721
ENSG00000233996	2	190351206	190352718
ENSG00000217653	6	90524428	90525182
ENSG00000263944	11	59058526	59058806
ENSG00000207392	6	160201282	160201413
ENSG00000201884	10	123606115	123606215
ENSG00000220541	X	112765753	112766265
ENSG00000212473	8	70990141	70990267
ENSG00000263177	16	3419957	3420906
ENSG00000264972	1	243061172	243061255
ENSG00000062598	20	44994688	45061704
ENSG00000235678	11	59077154	59078049
ENSG00000238747	6	90533014	90533115
ENSG00000226864	10	123687827	123711480
ENSG00000206910	6	160206626	160206765
ENSG00000230199	1	243138307	243138386
ENSG00000159860	7	143333745	143515397
ENSG00000243560	19	47192056	47192325
ENSG00000204338	6	31973413	31976228
ENSG00000234116	1	243169147	243170770
ENSG00000253173	8	71016028	71016414
ENSG00000272525	5	72793375	72794118
ENSG00000263212	16	3508071	3565564
ENSG00000236823	6	160320218	160323542
ENSG00000229901	1	41840676	41841341
ENSG00000223597	5	7373230	7379903
ENSG00000255386	11	59100230	59101559
ENSG00000253142	8	22752947	22755326
ENSG00000252563	1	41932608	41932699
ENSG00000111962	6	149068464	149398126
ENSG00000268257	6	160424323	160428696
ENSG00000240116	8	22835390	22835638
ENSG00000202245	10	124105205	124105308
ENSG00000255883	5	72804510	72805079
ENSG00000230881	1	42001114	42001539
ENSG00000226960	1	94393270	94393858
ENSG00000245025	8	22842109	22876848
ENSG00000265442	10	124176481	124176583
ENSG00000207108	1	185599560	185599660
ENSG00000167414	19	47137333	47137942
ENSG00000213073	6	160514114	160517244
ENSG00000234818	2	10729292	10744956
ENSG00000201596	1	185603205	185603314
ENSG00000164023	4	108745719	108836203
ENSG00000198105	10	38091751	38147034
ENSG00000160868	7	99354604	99381888
ENSG00000255361	8	42580690	42581371
ENSG00000261729	1	185624134	185626300
ENSG00000230638	1	42007740	42010258
ENSG00000231512	1	243192814	243215554
ENSG00000247092	14	95998634	96001209
ENSG00000241743	X	112859587	113181506
ENSG00000198261	11	59158827	59159765
ENSG00000176584	10	124516210	124558696
ENSG00000224691	1	186145946	186146434
ENSG00000122035	13	27844464	27847827
ENSG00000254665	11	8714904	8718154
ENSG00000262730	17	7829249	7833940
ENSG00000233129	1	94400035	94400800
ENSG00000202025	1	186280957	186281060
ENSG00000226914	HSCHR6_MHC_QBL	32775657	32776334
ENSG00000164128	4	164245113	164265984
ENSG00000242719	8	42736379	42736675
ENSG00000270524	X	113125873	113126950
ENSG00000254640	11	59235717	59236130
ENSG00000213003	8	71185604	71186072
ENSG00000229739	1	186420213	186420881
ENSG00000270949	6	160529406	160532536
ENSG00000266044	8	42751340	42751418
ENSG00000233482	1	94610667	94611175
ENSG00000248290	6	31976391	31980249
ENSG00000130758	19	40697651	40721482
ENSG00000118412	6	90539613	90584155
ENSG00000204989	11	59259125	59260054
ENSG00000264896	1	42224812	42224898
ENSG00000255159	11	8790325	8831778
ENSG00000241807	15	76077453	76077726
ENSG00000246130	8	22925742	22941132
ENSG00000216516	6	160584571	160584787
ENSG00000202514	8	42804531	42804638
ENSG00000273198	1	186490905	186491436
ENSG00000264963	1	94616294	94616610
ENSG00000227538	1	42506268	42507400
ENSG00000250761	5	7707915	7749879
ENSG00000261820	15	76083811	76085024
ENSG00000200731	8	42928617	42928761
ENSG00000122958	10	70883268	70932617
ENSG00000238389	1	94616974	94617077
ENSG00000228238	1	186547411	186548431
ENSG00000252418	11	59266465	59266539
ENSG00000233824	7	25360921	25366434
ENSG00000201674	X	113187479	113187691
ENSG00000254198	8	42981138	42981540
ENSG00000231363	1	94713464	94715048
ENSG00000233053	HSCHR6_MHC_QBL	32792898	32792972
ENSG00000254770	11	59299227	59300168
ENSG00000230234	6	160693649	160697162
ENSG00000207036	8	71269582	71269683
ENSG00000264401	HSCHR6_MHC_QBL	32833423	32833517
ENSG00000253616	8	22928890	22932001
ENSG00000204822	2	74699085	74700449
ENSG00000252481	14	95999692	95999966
ENSG00000178596	1	94767594	94768578
ENSG00000197380	19	47150869	47164395
ENSG00000260951	7	25397859	25399527
ENSG00000253326	1	243218163	243219696
ENSG00000115425	2	216861052	216947678
ENSG00000228104	HSCHR6_MHC_QBL	32866827	32867341
ENSG00000241204	8	71336360	71336811
ENSG00000256731	6	160824666	160825898
ENSG00000252372	15	76109433	76109504
ENSG00000232379	X	136029907	136030292
ENSG00000233196	1	186549647	186550323
ENSG00000252905	11	8866810	8866905
ENSG00000266308	15	76187381	76187639
ENSG00000258390	14	96039899	96048293
ENSG00000252893	11	59326273	59326334
ENSG00000233194	HSCHR6_MHC_QBL	32976288	32976697
ENSG00000228776	1	42606306	42607062
ENSG00000202276	11	8898964	8899065
ENSG00000243819	2	10830470	10832225
ENSG00000260685	15	76242805	76243485
ENSG00000170043	17	7833663	7835441
ENSG00000273129	1	186649754	186650578
ENSG00000100109	22	26887191	26908471
ENSG00000207220	X	113193202	113193367
ENSG00000255008	11	59328619	59333547
ENSG00000223080	11	8964927	8965014
ENSG00000125347	5	131817301	131826490
ENSG00000236098	1	94784035	94790125
ENSG00000240327	X	113219603	113219893
ENSG00000258927	14	96087251	96109622
ENSG00000253143	8	71383347	71392858
ENSG00000259422	15	76467232	76473827
ENSG00000143727	2	264140	278283
ENSG00000212611	X	113260261	113260330
ENSG00000227286	HSCHR6_MHC_QBL	32988586	32994128
ENSG00000226835	1	94798823	94800404
ENSG00000214837	1	243242159	243265035
ENSG00000254860	11	8986222	8999074
ENSG00000218819	2	21346789	21366144
ENSG00000264559	11	59362550	59362631
ENSG00000230502	X	113623441	113623608
ENSG00000253967	8	71383369	71397922
ENSG00000236030	1	187061974	187329455
ENSG00000251168	5	7924405	7925511
ENSG00000255139	11	59383902	59407334
ENSG00000253930	8	23046792	23048188
ENSG00000231599	1	187412738	187446354
ENSG00000259581	15	76551327	76554031
ENSG00000167302	17	79202077	79212891
ENSG00000253611	8	43075103	43075952
ENSG00000228164	HSCHR6_MHC_QBL	33000629	33004165
ENSG00000227527	1	42801057	42804047
ENSG00000243265	8	23064431	23064882
ENSG00000232918	1	94871951	94872438
ENSG00000241105	8	71418486	71419053
ENSG00000255355	11	59436785	59443514
ENSG00000272827	1	187449425	187449746
ENSG00000271686	X	113623588	113624407
ENSG00000235002	1	42878069	42878465
ENSG00000135525	6	136663875	136871957
ENSG00000227386	7	25587382	25590682
ENSG00000082515	5	154320630	154348971
ENSG00000272135	10	124578332	124585965
ENSG00000219073	1	22303514	22325135
ENSG00000271558	1	187475970	187476251
ENSG00000222101	7	25610288	25610378
ENSG00000223675	1	95051112	95057853
ENSG00000253884	8	43101898	43102078
ENSG00000236162	2	10857899	10861078
ENSG00000230116	1	42957410	42958164
ENSG00000253973	11	9025709	9086701
ENSG00000265489	17	12663457	12693559
ENSG00000223561	7	25632971	25790614
ENSG00000259514	15	76631950	76634404
ENSG00000235565	1	95086707	95089740
ENSG00000228012	1	187505233	187505431
ENSG00000246582	8	23081984	23088439
ENSG00000136631	1	150039369	150117505
ENSG00000241150	X	136041042	136103638
ENSG00000225462	1	187532193	187533263
ENSG00000265503	17	12820585	12820659
ENSG00000270036	15	76635983	76636706
ENSG00000269815	19	17407005	17407504
ENSG00000250535	6	31981047	31981564
ENSG00000264984	11	9111859	9111926
ENSG00000101193	20	61569471	61576996
ENSG00000266152	17	12875869	12876142
ENSG00000269350	19	17471741	17473562
ENSG00000234834	HSCHR6_MHC_QBL	33009286	33025634
ENSG00000251691	4	70172187	70172891
ENSG00000271043	5	79945819	79946855
ENSG00000226547	X	113625127	113625709
ENSG00000213538	11	9115910	9117737
ENSG00000236876	1	42965876	42966067
ENSG00000224081	1	95104017	95285837
ENSG00000261232	15	76764440	76764706
ENSG00000244203	3	71338920	71355004
ENSG00000212230	1	243244458	243244561
ENSG00000199773	5	7980259	7980417
ENSG00000269720	19	17502238	17503093
ENSG00000255624	10	124639246	124658230
ENSG00000227230	1	243299200	243303890
ENSG00000229776	6	32000490	32004035
ENSG00000263707	17	12893466	12893927
ENSG00000244244	11	92231318	92232101
ENSG00000273098	17	12999225	13004245
ENSG00000238450	8	71516767	71516872
ENSG00000221264	3	71591121	71591240
ENSG00000085719	8	87497059	87573726
ENSG00000252512	6	32046285	32046405
ENSG00000232085	1	243327940	243332747
ENSG00000200254	1	43034704	43034810
ENSG00000243532	8	71566815	71567118
ENSG00000266449	15	76878988	76879032
ENSG00000230426	1	187610358	187612992
ENSG00000224664	X	113824088	113824403
ENSG00000242094	3	71619406	71623608
ENSG00000239086	11	92462496	92462581
ENSG00000103126	16	337440	402673
ENSG00000273333	6	32152516	32153659
ENSG00000250612	4	70212327	70223895
ENSG00000223220	8	71693149	71693243
ENSG00000255097	11	9263995	9267056
ENSG00000236180	1	43036641	43037061
ENSG00000201510	15	77028982	77029321
ENSG00000249486	5	8157654	8157901
ENSG00000138617	15	65526798	65592956
ENSG00000255506	11	92481898	92500033
ENSG00000122034	13	27998681	28009958
ENSG00000236401	1	187675692	187678029
ENSG00000243365	15	77269258	77269551
ENSG00000270562	3	71634094	71636560
ENSG00000254031	8	72067692	72116458
ENSG00000239053	2	10884312	10884375
ENSG00000254884	11	9332831	9333236
ENSG00000225914	6	32223488	32233615
ENSG00000259565	15	77271586	77272792
ENSG00000224727	1	243430559	243431421
ENSG00000234917	1	43144406	43147325
ENSG00000213071	6	160874460	160932156
ENSG00000255127	11	92647768	92649757
ENSG00000239250	3	71876328	71876614
ENSG00000266800	10	38120817	38120899
ENSG00000223847	1	187683374	187683866
ENSG00000237285	6	32292996	32293955
ENSG00000201998	11	9450320	9450501
ENSG00000244130	3	72055925	72056126
ENSG00000236514	10	38146668	38148038
ENSG00000228452	1	43241484	43242461
ENSG00000021762	11	3108346	3187969
ENSG00000254397	11	9451903	9455033
ENSG00000245729	5	8333596	8457671
ENSG00000119771	2	23608088	23931481
ENSG00000224929	HSCHR6_MHC_QBL	33027765	33039900
ENSG00000151963	10	38172522	38173037
ENSG00000264456	17	29298670	29300330
ENSG00000253124	8	72361046	72361454
ENSG00000269640	19	17516503	17529713
ENSG00000238387	11	9599575	9599678
ENSG00000238100	HSCHR6_MHC_QBL	33041365	33044349
ENSG00000150732	1	188036429	188036656
ENSG00000227051	14	96505661	96560417
ENSG00000264743	17	29302405	29302972
ENSG00000223335	6	32320654	32320760
ENSG00000243869	11	9602453	9602763
ENSG00000228192	1	43300352	43312093
ENSG00000271792	5	139154890	139155057
ENSG00000265071	HSCHR6_MHC_QBL	33096204	33096298
ENSG00000265201	1	243509478	243509557
ENSG00000243964	11	9627689	9628156
ENSG00000266340	17	29305628	29307268
ENSG00000228962	6	32358287	32361463
ENSG00000250714	8	23082746	23088428
ENSG00000263552	HSCHR6_MHC_QBL	33104442	33104551
ENSG00000250692	5	139227875	139235974
ENSG00000260787	15	77334178	77335533
ENSG00000236031	1	243708834	243711631
ENSG00000187024	9	130455257	130487152
ENSG00000264148	17	29335172	29335337
ENSG00000221446	8	72361930	72362043
ENSG00000227586	10	124931048	124931395
ENSG00000204923	2	68686551	68694390
ENSG00000164129	4	164265091	164273086
ENSG00000232857	1	95116100	95116934
ENSG00000231030	HSCHR6_MHC_QBL	33112312	33112935
ENSG00000258056	12	56122888	56124467
ENSG00000222240	1	188124970	188125311
ENSG00000254277	8	72587535	72615021
ENSG00000253837	8	23193684	23223638
ENSG00000235684	HSCHR6_MHC_QBL	33134418	33136320
ENSG00000261182	1	188187531	188189807
ENSG00000155016	4	108852525	108874613
ENSG00000255287	11	92670607	92670832
ENSG00000240311	16	3546201	3546768
ENSG00000226766	1	243787968	243788358
ENSG00000196301	6	32427598	32441277
ENSG00000231099	2	110424705	110425579
ENSG00000259652	15	77336022	77337502
ENSG00000253287	8	72691840	72705110
ENSG00000268209	4	70253298	70254025
ENSG00000251916	6	32517717	32517867
ENSG00000257384	12	56126150	56126432
ENSG00000224278	1	188211270	188211809
ENSG00000269951	15	77359996	77360667
ENSG00000244433	1	95138474	95139717
ENSG00000073711	3	135684515	135866733
ENSG00000113318	5	79950467	80172279
ENSG00000266865	17	29335515	29420145
ENSG00000254874	11	92698963	92699769
ENSG00000259722	15	77496920	77497442
ENSG00000262312	16	3594431	3595785
ENSG00000253390	8	23316114	23342484
ENSG00000265463	10	124975618	124975704
ENSG00000200191	8	72727729	72727860
ENSG00000168970	15	42120293	42140353
ENSG00000263526	1	95211416	95211456
ENSG00000242807	11	92785561	92785993
ENSG00000208839	X	113865259	113865386
ENSG00000261938	16	3631182	3633267
ENSG00000264576	8	72744839	72744923
ENSG00000232184	1	243866159	243904123
ENSG00000229391	6	32520490	32527799
ENSG00000117010	1	40997233	41013841
ENSG00000255166	8	43102334	43102553
ENSG00000235197	10	38183565	38185594
ENSG00000253483	8	23340529	23341047
ENSG00000241942	8	72808226	72808565
ENSG00000237416	1	95302304	95320982
ENSG00000263235	16	3700637	3701704
ENSG00000215616	GL000201.1	3905	22432
ENSG00000266684	10	38243850	38243919
ENSG00000255445	11	92885241	92885916
ENSG00000145990	6	13358062	13487894
ENSG00000230459	15	77570807	77571116
ENSG00000215110	4	70255208	70267799
ENSG00000221686	2	89066835	89066930
ENSG00000228939	1	243956507	243957702
ENSG00000178430	16	3725411	3727060
ENSG00000226447	10	38265753	38281395
ENSG00000272275	2	10908001	10910184
ENSG00000263653	X	113870731	113870837
ENSG00000240040	2	89109984	89161075
ENSG00000225006	1	188477669	188505596
ENSG00000233737	11	92954652	92954796
ENSG00000262516	16	3890529	3891011
ENSG00000199783	22	25297114	25297181
ENSG00000226828	1	244080704	244210619
ENSG00000253986	8	23350522	23351711
ENSG00000233708	1	43352268	43354438
ENSG00000207317	5	139399077	139399177
ENSG00000238962	2	10955611	10955672
ENSG00000206840	10	38283791	38283903
ENSG00000203280	22	25498407	25508659
ENSG00000142789	1	22328149	22339032
ENSG00000262888	16	3981218	3996306
ENSG00000231343	HSCHR6_MHC_QBL	33146133	33151585
ENSG00000235083	1	188640484	188640890
ENSG00000151005	4	164392257	164395047
ENSG00000235501	1	95393122	95428826
ENSG00000255233	11	92973299	92974334
ENSG00000241163	3	72084451	72291716
ENSG00000212100	X	113873918	113874002
ENSG00000252132	10	38332801	38332903
ENSG00000253317	8	73108569	73114504
ENSG00000148773	10	129894923	129924649
ENSG00000266561	17	56752647	56752823
ENSG00000226086	10	38368984	38369805
ENSG00000259362	15	77817882	77826452
ENSG00000252067	8	23457539	23457651
ENSG00000221565	11	93140991	93141079
ENSG00000206917	17	56754935	56755098
ENSG00000199858	3	177725460	177725567
ENSG00000262185	16	3997610	4000445
ENSG00000257150	12	96043031	96067775
ENSG00000245146	5	139452442	139488215
ENSG00000222321	X	113886019	113886098
ENSG00000234106	11	93268634	93268982
ENSG00000112038	6	154331631	154568001
ENSG00000200997	17	56756888	56757051
ENSG00000270488	2	11014417	11014693
ENSG00000271181	22	25575276	25575521
ENSG00000270902	10	125082938	125083102
ENSG00000235964	10	38380692	38380979
ENSG00000168067	11	64556290	64570713
ENSG00000250979	8	73114986	73163800
ENSG00000251865	17	56913260	56913355
ENSG00000253488	8	23492389	23493020
ENSG00000229960	1	244232122	244256328
ENSG00000230131	10	125115966	125277224
ENSG00000237090	1	43356765	43358101
ENSG00000115295	2	29320571	29412509
ENSG00000263159	16	4082013	4082937
ENSG00000244066	1	244267234	244267510
ENSG00000231022	1	188663451	188664242
ENSG00000240202	11	93290079	93290369
ENSG00000259420	15	77861312	77901023
ENSG00000241462	17	56975137	56977053
ENSG00000101194	20	61584052	61599949
ENSG00000239475	1	146310555	146349531
ENSG00000272983	10	38426265	38433327
ENSG00000237759	1	244270667	244272313
ENSG00000255515	11	93342926	93343499
ENSG00000273019	10	38438896	38439221
ENSG00000249159	5	8387751	8457677
ENSG00000262471	16	4180556	4180821
ENSG00000175745	5	92919043	92930321
ENSG00000240963	1	244538402	244572894
ENSG00000230427	1	95527152	95533101
ENSG00000236641	22	25608709	25609652
ENSG00000199875	11	93452769	93452881
ENSG00000221710	X	113949650	113949761
ENSG00000251488	4	133757927	133902832
ENSG00000117472	1	46640745	46651630
ENSG00000265510	2	89111884	89111968
ENSG00000225965	10	38450498	38450677
ENSG00000263105	16	4230118	4233516
ENSG00000248824	4	70272649	70273373
ENSG00000254911	11	93454679	93455032
ENSG00000253471	8	23564654	23647000
ENSG00000233577	22	25675496	25678641
ENSG00000159217	17	47074774	47133012
ENSG00000231992	1	95585703	95604110
ENSG00000241125	10	38453576	38466958
ENSG00000249513	4	133906665	133909832
ENSG00000259666	15	77934106	77943997
ENSG00000223534	6	32627657	32628506
ENSG00000230193	HSCHR6_MHC_QBL	33235605	33236122
ENSG00000206679	1	95591067	95591165
ENSG00000222715	X	113997744	113997823
ENSG00000225401	1	244558278	244558962
ENSG00000237283	1	188674754	188680011
ENSG00000262468	16	4295826	4303790
ENSG00000207112	11	93463679	93463812
ENSG00000224761	10	38464596	38501285
ENSG00000003137	2	72356367	72375167
ENSG00000225099	1	43368903	43369583
ENSG00000226026	1	95628775	95699538
ENSG00000241287	6	32627663	32630227
ENSG00000206799	11	93464145	93464265
ENSG00000238054	1	188838608	188856565
ENSG00000250241	4	133996466	134070271
ENSG00000206066	22	25714223	25716047
ENSG00000235040	6	32673901	32674732
ENSG00000231486	2	89130700	89165653
ENSG00000202314	11	93464668	93464740
ENSG00000257509	12	56155334	56156412
ENSG00000271952	2	11018395	11025244
ENSG00000226486	1	188874819	189006393
ENSG00000249956	4	70274554	70288882
ENSG00000206834	11	93465170	93465299
ENSG00000175602	11	65657875	65659105
ENSG00000238952	1	244752848	244752946
ENSG00000236309	10	38475598	38475699
ENSG00000271036	1	189005092	189005575
ENSG00000263938	17	57043313	57044088
ENSG00000207304	11	93465527	93465665
ENSG00000255313	8	125948766	125956007
ENSG00000233307	2	110490308	110490713
ENSG00000227533	1	43424720	43449029
ENSG00000259281	15	77952394	77960416
ENSG00000232080	6	32685782	32686612
ENSG00000227735	1	244761693	244761989
ENSG00000228852	1	95708781	95729610
ENSG00000168036	3	41236328	41301587
ENSG00000198498	4	164415594	164441691
ENSG00000216168	17	57066229	57066315
ENSG00000272644	2	219934076	219934531
ENSG00000164175	5	33944721	33984835
ENSG00000232948	8	12168471	12175825
ENSG00000226113	10	38536850	38622083
ENSG00000253513	8	126009227	126010440
ENSG00000263558	17	57136587	57136850
ENSG00000240317	2	219967156	219967437
ENSG00000226080	2	11242268	11243123
ENSG00000199630	6	90551048	90551143
ENSG00000182796	12	56223529	56230030
ENSG00000232059	1	244857732	244858022
ENSG00000262686	16	4374668	4378341
ENSG00000228504	1	95776484	95783819
ENSG00000224738	17	57183959	57195628
ENSG00000073464	X	10125024	10205700
ENSG00000221344	2	220088745	220088827
ENSG00000253167	8	126052926	126057231
ENSG00000218300	6	90586263	90586597
ENSG00000234941	10	38539370	38539531
ENSG00000259213	15	78079535	78081016
ENSG00000262712	16	4385871	4387819
ENSG00000242170	8	126282846	126283142
ENSG00000248735	4	134045259	134047218
ENSG00000226196	1	189101481	189102423
ENSG00000252212	17	57206637	57206819
ENSG00000254431	8	126360438	126363658
ENSG00000261789	16	4610002	4611663
ENSG00000230637	22	25723219	25735942
ENSG00000237419	9	141090383	141093775
ENSG00000226030	6	32698535	32699472
ENSG00000243910	2	220117965	220136910
ENSG00000211514	17	57215119	57215233
ENSG00000230434	1	95816807	95817810
ENSG00000233707	2	110494713	110495100
ENSG00000261612	16	4612815	4613129
ENSG00000266452	8	126456807	126457060
ENSG00000260662	16	32471587	32471683
ENSG00000221637	4	134482011	134482089
ENSG00000253111	8	126479181	126553615
ENSG00000207256	1	43457109	43457215
ENSG00000260139	15	78187026	78197016
ENSG00000269481	19	17525066	17533133
ENSG00000250191	4	134495721	134496363
