ENSG00000156928	7	23338358	23351348
ENSG00000181656	1	101003693	101007574
ENSG00000149260	11	76777979	76837201
ENSG00000142327	2	241505221	241520789
ENSG00000221923	19	52873170	52889048
ENSG00000150594	10	112836790	112840658
ENSG00000005075	7	102113565	102119354
ENSG00000102931	16	57279010	57287516
ENSG00000162490	1	11751786	11785914
ENSG00000106789	9	100883257	100954922
ENSG00000226531	HSCHR6_MHC_MCF	31702358	31704832
ENSG00000150433	11	124966398	124981659
ENSG00000108671	17	30771279	30810336
ENSG00000141542	17	80612849	80656604
ENSG00000254550	11	76813886	76814377
ENSG00000139151	12	18836103	18890991
ENSG00000136231	7	23349828	23510086
ENSG00000102934	16	57290004	57318599
ENSG00000167555	19	52901102	52921665
ENSG00000169684	15	78857862	78887611
ENSG00000156411	14	104378625	104394606
ENSG00000162692	1	101185298	101204601
ENSG00000101844	X	107334898	107397901
ENSG00000189367	6	127761488	127780536
ENSG00000143630	1	155247374	155259639
ENSG00000102962	16	57392684	57400102
ENSG00000103222	16	16043434	16236931
ENSG00000006210	16	57406370	57418960
ENSG00000232312	HSCHR6_MHC_MCF	31705289	31710343
ENSG00000189280	1	35220648	35224113
ENSG00000184530	6	127840600	127912962
ENSG00000170667	7	102122892	102158228
ENSG00000080644	15	78885394	78913637
ENSG00000189433	1	35225342	35229325
ENSG00000160951	19	14583278	14586174
ENSG00000188365	7	5459477	5462753
ENSG00000175220	11	46698630	46722165
ENSG00000272953	7	5465401	5466032
ENSG00000234432	7	5465908	5468558
ENSG00000188910	1	35246790	35251970
ENSG00000273084	7	5468362	5469303
ENSG00000102970	16	57438679	57449974
ENSG00000095383	9	100961311	101017915
ENSG00000108021	10	5726801	5805703
ENSG00000230733	7	5515435	5519442
ENSG00000238394	7	5525026	5525132
ENSG00000207973	7	5535450	5535548
ENSG00000263900	7	5567734	5567817
ENSG00000145912	5	177576461	177580968
ENSG00000272719	7	5596362	5596876
ENSG00000157168	8	31496902	32622548
ENSG00000151379	2	17997763	17998368
ENSG00000258151	HSCHR6_MHC_MCF	31707013	31738404
ENSG00000228974	7	5600374	5600686
ENSG00000187513	1	35258599	35261348
ENSG00000162694	1	101337943	101361554
ENSG00000119927	10	113909624	113975135
ENSG00000117971	15	78916461	79020096
ENSG00000170745	2	18059114	18542882
ENSG00000198633	19	52932440	52955568
ENSG00000237738	7	5702063	5720092
ENSG00000128596	7	128430811	128462186
ENSG00000116544	1	35331037	35395186
ENSG00000136960	8	120569326	120685693
ENSG00000163440	4	56422692	56458379
ENSG00000123159	19	14588572	14606944
ENSG00000235944	7	5862791	5894066
ENSG00000224398	HSCHR6_MHC_MCF	31709296	31717606
ENSG00000258405	19	52956829	53015407
ENSG00000162695	1	101361632	101447309
ENSG00000240857	2	18735989	18741946
ENSG00000153560	3	33429828	33482863
ENSG00000106070	7	50657760	50861159
ENSG00000136928	9	101050391	101471479
ENSG00000136378	15	79051545	79103773
ENSG00000175213	11	46722368	46727462
ENSG00000173786	17	40118759	40129749
ENSG00000152253	2	169690642	169769881
ENSG00000137474	11	76839310	76926284
ENSG00000109255	4	56461396	56502865
ENSG00000171777	19	38899695	38916945
ENSG00000152254	2	169757750	169766505
ENSG00000184575	12	64798130	64844907
ENSG00000241132	HSCHR6_MHC_MCF	31713178	31717606
ENSG00000198482	19	53030905	53067717
ENSG00000165495	11	125034583	125303285
ENSG00000237495	HSCHR6_MHC_MCF	31720744	31728100
ENSG00000073734	2	169779448	169887832
ENSG00000104885	19	2164148	2232577
ENSG00000143627	1	155259630	155271225
ENSG00000142330	2	241526133	241557122
ENSG00000265040	7	5911386	5911681
ENSG00000201990	7	6043914	6044016
ENSG00000157388	3	53528683	53847760
ENSG00000207217	7	6056508	6056642
ENSG00000240718	7	6087354	6087651
ENSG00000252929	7	6097131	6097235
ENSG00000180210	11	46740730	46761056
ENSG00000005194	16	57462081	57481440
ENSG00000231704	7	6120734	6132716
ENSG00000064313	8	120743015	120845103
ENSG00000169562	X	70435044	70445366
ENSG00000117543	1	101455179	101491644
ENSG00000156414	14	104394799	104519004
ENSG00000165138	9	101493611	101559247
ENSG00000206044	12	2958397	2966213
ENSG00000250741	2	18736811	18770830
ENSG00000271741	1	35447134	35497342
ENSG00000264605	7	6122736	6122805
ENSG00000238534	7	6214842	6214935
ENSG00000202273	7	6252269	6252371
ENSG00000231359	7	6530424	6530729
ENSG00000243749	1	35447136	35450954
ENSG00000178163	4	10441498	10459034
ENSG00000090989	4	56719782	56771200
ENSG00000141560	17	80674559	80688204
ENSG00000167562	19	53059075	53090427
ENSG00000111206	12	2966847	2986206
ENSG00000104886	19	2230002	2237703
ENSG00000236063	HSCHR6_MHC_MCF	31731009	31747477
ENSG00000114859	3	184063973	184079439
ENSG00000119514	9	101569981	101612363
ENSG00000177674	1	11796141	11814859
ENSG00000109684	4	10488019	10686489
ENSG00000237541	6	32709119	32714992
ENSG00000185013	2	18737050	18770838
ENSG00000100884	14	24540046	24547309
ENSG00000269175	1	101455761	101457653
ENSG00000010404	X	148558521	148615470
ENSG00000132002	19	14625582	14640582
ENSG00000170989	1	101702444	101707074
ENSG00000163867	1	35449523	35497569
ENSG00000232629	6	32723875	32731311
ENSG00000204291	9	101705461	101833069
ENSG00000154175	3	100468000	100712359
ENSG00000174177	16	88772871	88781794
ENSG00000104897	19	2236520	2248678
ENSG00000172673	6	128029217	128239776
ENSG00000241106	6	32780540	32784825
ENSG00000167766	19	53097313	53193749
ENSG00000232581	7	6618196	6628605
ENSG00000205903	7	6676953	6694242
ENSG00000185787	15	79102829	79190475
ENSG00000160752	1	155278539	155290457
ENSG00000260054	7	6694495	6696063
ENSG00000228010	7	6703605	6748532
ENSG00000265245	7	6731608	6731690
ENSG00000119913	10	114043493	114064793
ENSG00000118733	1	102268130	102462586
ENSG00000240396	GL000243.1	4607	4688
ENSG00000187953	7	6749759	6793493
ENSG00000180346	4	90033968	90036050
ENSG00000172113	3	48334754	48343175
ENSG00000263953	GL000243.1	5755	5838
ENSG00000241559	GL000243.1	8050	8132
ENSG00000128591	7	128470431	128499328
ENSG00000215910	1	11821844	11849642
ENSG00000185477	4	90157537	90229161
ENSG00000176749	17	30813637	30818274
ENSG00000127993	7	92158087	92167319
ENSG00000164548	7	23544399	23571660
ENSG00000136982	8	120846216	120868250
ENSG00000066777	8	68085747	68255912
ENSG00000197451	5	177631508	177638164
ENSG00000106799	9	101866320	101916474
ENSG00000091262	16	16242785	16317379
ENSG00000149557	11	125315646	125366213
ENSG00000130638	22	46067678	46241187
ENSG00000073737	2	169921299	169952677
ENSG00000099797	19	14627897	14676792
ENSG00000171792	12	2985424	2998626
ENSG00000234545	7	92190107	92219708
ENSG00000145335	4	90645250	90759466
ENSG00000177000	1	11845780	11866977
ENSG00000176658	17	30819540	31204195
ENSG00000119523	9	101978708	101984238
ENSG00000272897	20	34220262	34262466
ENSG00000177938	12	18891045	18892121
ENSG00000078246	12	2986389	3050306
ENSG00000147130	X	70459474	70474996
ENSG00000106803	9	101984346	101992897
ENSG00000104899	19	2249308	2252072
ENSG00000155792	8	120885957	121063152
ENSG00000188064	22	46316242	46373009
ENSG00000197056	1	35525387	35581460
ENSG00000168259	17	40128451	40173394
ENSG00000175216	11	46764598	46867847
ENSG00000167476	19	2252251	2269758
ENSG00000119508	9	102584137	102629173
ENSG00000244462	20	34236847	34252878
ENSG00000229453	3	48348336	48369831
ENSG00000182257	22	46445358	46450024
ENSG00000163848	3	124944405	125094198
ENSG00000178795	11	76927603	77012732
ENSG00000197182	22	46449749	46509808
ENSG00000273252	7	6875051	6875425
ENSG00000255537	11	125365110	125369424
ENSG00000156508	6	74225473	74233520
ENSG00000155070	7	6895116	6899461
ENSG00000257418	HSCHR6_MHC_MCF	31734428	31896594
ENSG00000164049	3	48413709	48442666
ENSG00000160753	1	155290687	155300905
ENSG00000205897	7	6906289	6907303
ENSG00000088682	16	57481337	57495187
ENSG00000104904	19	2269485	2273487
ENSG00000236902	HSCHR6_MHC_MCF	31750965	31761981
ENSG00000197142	10	114133776	114188138
ENSG00000136874	9	102668915	102732618
ENSG00000183735	12	64845660	64895888
ENSG00000227782	17	15943505	15943994
ENSG00000204580	6	30844198	30867933
ENSG00000002587	4	11394774	11431389
ENSG00000072778	17	7120444	7128592
ENSG00000197905	12	3068496	3149839
ENSG00000186951	22	46546424	46639653
ENSG00000244005	20	34255977	34287281
ENSG00000023318	9	102741461	102861322
ENSG00000099795	19	14676890	14682874
ENSG00000108474	17	16120505	16252115
ENSG00000263457	7	6918176	6918263
ENSG00000250561	7	6919258	6920257
ENSG00000157869	4	13362978	13485989
ENSG00000243531	7	6940055	6940254
ENSG00000226943	7	6963435	6970466
ENSG00000241539	7	6963709	6964144
ENSG00000102978	16	57496299	57505922
ENSG00000143867	2	19551246	19558414
ENSG00000240957	HSCHR6_MHC_MCF	31750946	31754656
ENSG00000187955	8	121072019	121384275
ENSG00000149269	11	77032752	77185680
ENSG00000242731	7	6971315	6979234
ENSG00000221011	7	7034846	7034949
ENSG00000264679	7	7106242	7106323
ENSG00000235769	HSCHR6_MHC_MCF	31756401	31757877
ENSG00000149547	11	125439112	125454575
ENSG00000167363	17	80693451	80709073
ENSG00000174948	3	154055461	154147504
ENSG00000213020	19	53206066	53238326
ENSG00000109705	4	13542454	13546674
ENSG00000266287	7	7106595	7106676
ENSG00000263504	7	7106998	7107080
ENSG00000265155	7	7107675	7107757
ENSG00000266409	7	7107818	7107900
ENSG00000266121	7	7108454	7108535
ENSG00000239696	7	7117926	7119373
ENSG00000167778	12	53458388	53473204
ENSG00000250264	6	32781544	32806599
ENSG00000183891	2	20096404	20101747
ENSG00000237459	HSCHR6_MHC_MCF	31762657	31770773
ENSG00000119509	9	102861538	103063282
ENSG00000197565	X	107386780	107682727
ENSG00000189190	19	53267448	53290044
ENSG00000057608	10	5807186	5884095
ENSG00000196218	19	38924339	39078204
ENSG00000038219	4	13570362	13629347
ENSG00000227729	14	104406763	104408645
ENSG00000187912	19	14693896	14721969
ENSG00000204267	6	32789610	32806557
ENSG00000205643	22	46639908	46646576
ENSG00000103226	16	16326352	16388668
ENSG00000103811	15	79213400	79241916
ENSG00000198538	19	53300662	53360853
ENSG00000111405	12	48103517	48119350
ENSG00000166183	14	104552016	104579098
ENSG00000130943	22	46651560	46659219
ENSG00000060718	1	103342023	103574052
ENSG00000172728	8	33228342	33330940
ENSG00000131355	19	14729929	14800839
ENSG00000134569	11	46878419	46940193
ENSG00000138722	4	90800683	90875780
ENSG00000152894	6	128289924	128841870
ENSG00000167779	12	53491220	53496129
ENSG00000075234	22	46663858	46689905
ENSG00000196549	3	154741913	154901497
ENSG00000116560	1	35641979	35658749
ENSG00000125995	20	34287194	34288906
ENSG00000163539	3	33537737	33759848
ENSG00000136891	9	103064359	103115221
ENSG00000241489	X	148564074	148615470
ENSG00000052126	12	19282648	19529334
ENSG00000115944	2	42560686	42652228
ENSG00000166582	17	16245848	16256970
ENSG00000174799	4	56815037	56899529
ENSG00000011021	1	11866207	11903201
ENSG00000204604	19	53341261	53360902
ENSG00000228250	HSCHR6_MHC_MCF	31762711	31765908
ENSG00000164050	3	48445261	48471594
ENSG00000184305	4	91048686	92523064
ENSG00000114520	3	125165495	125239041
ENSG00000188305	19	2274631	2282181
ENSG00000066697	9	103189438	103213511
ENSG00000182986	19	53367043	53400946
ENSG00000108639	17	76164639	76169608
ENSG00000201218	7	7142204	7142312
ENSG00000244167	7	7217583	7217955
ENSG00000125170	16	57505863	57521239
ENSG00000230825	7	7294785	7317410
ENSG00000165078	8	68334360	68658620
ENSG00000220008	19	2289774	2308156
ENSG00000251349	9	103204553	103339918
ENSG00000225635	HSCHR6_MHC_MCF	31771101	31774680
ENSG00000103335	16	88781751	88851619
ENSG00000130332	19	2321516	2328619
ENSG00000241697	9	103204560	103339918
ENSG00000167780	12	53497302	53518322
ENSG00000170681	9	103340361	103350188
ENSG00000197620	X	148621900	148632055
ENSG00000147140	X	70503042	70521018
ENSG00000128524	7	128502880	128505898
ENSG00000075218	22	46692638	46726707
ENSG00000268635	11	77184416	77188074
ENSG00000178297	19	2389769	2426237
ENSG00000148123	9	103790991	104087417
ENSG00000046889	8	68864353	69149265
ENSG00000146463	1	35734568	35887659
ENSG00000160961	19	14800613	14844558
ENSG00000118965	2	20110021	20189892
ENSG00000249049	4	92240185	92246457
ENSG00000248511	4	93218402	93225329
ENSG00000167513	16	88869621	88875666
ENSG00000169193	7	23636998	23684327
ENSG00000099800	19	2425622	2427892
ENSG00000136881	9	104122699	104145801
ENSG00000074201	11	77225981	77348850
ENSG00000141556	17	80709940	80900724
ENSG00000116539	1	155305059	155532598
ENSG00000136897	9	104149915	104160896
ENSG00000149179	11	46958240	47185936
ENSG00000185946	1	104068313	104097861
ENSG00000226417	HSCHR6_MHC_MCF	31774644	31783827
ENSG00000176619	19	2427636	2456994
ENSG00000152208	4	93225550	94695707
ENSG00000128604	7	128577666	128590089
ENSG00000175309	5	177635498	177659792
ENSG00000136870	9	104161155	104172942
ENSG00000175206	1	11905766	11908402
ENSG00000198931	16	88875747	88878352
ENSG00000188732	7	23719749	23742868
ENSG00000135736	16	57546090	57570511
ENSG00000120937	1	11917521	11918988
ENSG00000099860	19	2476120	2478257
ENSG00000136872	9	104182860	104198105
ENSG00000116685	1	11979648	11986485
ENSG00000236712	7	7333139	7333511
ENSG00000172172	8	121393000	121457642
ENSG00000272732	7	7589735	7592071
ENSG00000171307	10	99205927	99217127
ENSG00000272894	7	7592093	7606627
ENSG00000176533	19	2511217	2702707
ENSG00000178301	11	77300436	77321400
ENSG00000131051	20	34291531	34330234
ENSG00000272745	7	7659503	7660174
ENSG00000270314	7	7775374	7776482
ENSG00000234718	7	7778165	7782204
ENSG00000159618	16	57576333	57625593
ENSG00000269721	7	7781722	7782166
ENSG00000240038	1	104096437	104122156
ENSG00000129535	14	24549316	24584223
ENSG00000201747	7	7946150	7946255
ENSG00000214998	7	7948931	7950080
ENSG00000165152	9	104235453	104295819
ENSG00000123584	X	148663309	148669116
ENSG00000234141	7	7989484	7990340
ENSG00000233108	7	7997814	8009534
ENSG00000170315	17	16284112	16286059
ENSG00000171129	X	148674172	148676974
ENSG00000129696	8	33330904	33371119
ENSG00000106078	7	51083909	51384515
ENSG00000141012	16	88880142	88923378
ENSG00000178623	2	241544848	241570676
ENSG00000183889	16	16411301	16444447
ENSG00000109265	4	57036361	57194791
ENSG00000134910	11	125461607	125495110
ENSG00000268550	19	14834747	14835121
ENSG00000172167	8	121457640	121554373
ENSG00000185176	2	241615835	241622323
ENSG00000155827	9	104296133	104325622
ENSG00000243480	1	104159999	104168402
ENSG00000180257	19	53430388	53466164
ENSG00000066735	14	104605060	104647231
ENSG00000153179	12	65004293	65091347
ENSG00000083444	1	11994262	12035595
ENSG00000176490	19	2714565	2721416
ENSG00000050767	5	177664619	178017556
ENSG00000221874	19	53431728	53466076
ENSG00000267001	19	2717767	2740046
ENSG00000185046	12	99120235	100378432
ENSG00000233264	7	8019943	8021859
ENSG00000269526	19	53517174	53519375
ENSG00000268964	19	53547991	53554329
ENSG00000227719	7	8153655	8156191
ENSG00000265212	7	8194566	8194652
ENSG00000100416	22	46726772	46753237
ENSG00000244239	7	8301863	8302451
ENSG00000155984	X	148678216	148713568
ENSG00000237763	1	104197912	104207173
ENSG00000186825	2	132552534	132559234
ENSG00000229970	7	8301894	8384146
ENSG00000144909	3	125247702	125313934
ENSG00000141873	19	2732202	2740150
ENSG00000100889	14	24563262	24579807
ENSG00000268822	2	241624478	241624705
ENSG00000198785	9	104331635	104500862
ENSG00000163046	2	132905164	133015542
ENSG00000184945	2	241631262	241637900
ENSG00000172238	4	94750042	94751221
ENSG00000104969	19	2754712	2783369
ENSG00000188386	9	104353897	104357283
ENSG00000248727	5	55753622	55777773
ENSG00000133961	14	73741815	73930348
ENSG00000225940	5	55807394	55902059
ENSG00000170949	19	53569859	53606689
ENSG00000100504	14	51324609	51411454
ENSG00000155833	9	105757593	105780770
ENSG00000006042	17	31254928	31272124
ENSG00000137449	4	15004298	15071777
ENSG00000214967	16	16472912	16487811
ENSG00000157426	4	57204456	57253666
ENSG00000095015	5	56111401	56191979
ENSG00000125459	1	155579979	155718153
ENSG00000104814	19	39078281	39109522
ENSG00000120314	5	140044261	140053709
ENSG00000103489	16	17195626	17564738
ENSG00000149554	11	125495036	125546150
ENSG00000174876	1	104230037	104239302
ENSG00000256453	5	140050379	140053171
ENSG00000183840	2	133174147	133404132
ENSG00000163104	4	95128762	95212443
ENSG00000272328	7	8343371	8380973
ENSG00000236748	7	8978417	8978999
ENSG00000268028	12	65090189	65090329
ENSG00000198042	8	33342268	33358778
ENSG00000139631	12	53551447	53575135
ENSG00000011105	12	3186521	3395730
ENSG00000048649	11	77371041	77532063
ENSG00000058335	15	79252289	79383115
ENSG00000171126	2	42669157	42721237
ENSG00000105810	7	92234235	92465908
ENSG00000133874	8	33405273	33424643
ENSG00000012048	17	41196312	41277500
ENSG00000248801	8	69215703	69243726
ENSG00000269422	16	88894366	88894545
ENSG00000130294	2	241653181	241759725
ENSG00000081479	2	169983619	170219195
ENSG00000172009	19	2785458	2813599
ENSG00000170954	19	53611132	53636330
ENSG00000133878	8	33448856	33457624
ENSG00000187733	1	104293028	104301312
ENSG00000167900	17	76170160	76183314
ENSG00000111218	12	3490515	3703139
ENSG00000205413	7	92728829	92747336
ENSG00000167515	16	88922628	88929094
ENSG00000135677	12	65107225	65153227
ENSG00000136824	9	106856541	106903698
ENSG00000198890	1	107599267	107601916
ENSG00000172164	8	121547985	121825513
ENSG00000163145	4	15341442	15447790
ENSG00000196335	7	23749786	23872132
ENSG00000221900	7	53103349	53104617
ENSG00000165084	8	69242957	69731257
ENSG00000214940	16	18411799	18441131
ENSG00000087884	11	77532155	77629478
ENSG00000235711	15	79575146	79590580
ENSG00000170961	8	122624356	122653630
ENSG00000127507	19	14843205	14889353
ENSG00000150551	2	133402426	133429152
ENSG00000178764	8	123793633	123986750
ENSG00000177409	7	92759368	92777682
ENSG00000271526	7	9123652	9123805
ENSG00000170419	7	54610018	54638773
ENSG00000166557	15	79603404	79704334
ENSG00000264766	7	9634247	9634353
ENSG00000233876	7	9654608	9655615
ENSG00000205022	16	88928034	88933068
ENSG00000271077	7	9673900	9675333
ENSG00000057935	2	42721709	42984087
ENSG00000197320	7	9765870	9767915
ENSG00000233024	16	18451943	18473188
ENSG00000234710	7	9776951	9809142
ENSG00000205899	17	1173853	1174754
ENSG00000270611	7	9890553	9891015
ENSG00000185247	X	148769894	148798926
ENSG00000235431	7	10000651	10021444
ENSG00000187688	17	16318856	16340317
ENSG00000184811	17	1182957	1204281
ENSG00000212422	7	10262424	10262637
ENSG00000170445	5	140052758	140071609
ENSG00000229091	7	10490938	10492153
ENSG00000234356	7	10516208	10516505
ENSG00000169330	15	79724858	79764632
ENSG00000236414	7	10742303	10747033
ENSG00000132432	7	54819943	54827667
ENSG00000201774	7	10941605	10941701
ENSG00000271185	7	10980050	10980362
ENSG00000230370	7	11046026	11046503
ENSG00000230333	7	11221359	11559802
ENSG00000172006	19	2819872	2835771
ENSG00000136371	15	80125927	80189721
ENSG00000156687	8	35092975	35654068
ENSG00000149262	11	77589766	77705724
ENSG00000113240	5	178029665	178057616
ENSG00000108953	17	1247566	1303672
ENSG00000186881	9	107266455	107267547
ENSG00000148136	9	107288534	107289490
ENSG00000259332	15	80137537	80216096
ENSG00000189366	3	125648118	125655882
ENSG00000204246	9	107298030	107299137
ENSG00000136986	8	124025404	124054663
ENSG00000180953	15	80191182	80216044
ENSG00000186943	9	107331449	107332411
ENSG00000228032	14	104710541	104712473
ENSG00000132031	2	20191872	20212455
ENSG00000176771	2	133429374	134326034
ENSG00000142687	1	35899091	36023551
ENSG00000255800	9	107360650	107361788
ENSG00000259642	15	80215113	80217194
ENSG00000257019	9	107366924	107367951
ENSG00000257028	15	80215507	80217194
ENSG00000258986	14	104941015	105071984
ENSG00000130038	12	3715799	3873985
ENSG00000136839	9	107379529	107380485
ENSG00000227314	HSCHR6_MHC_MCF	31784012	31808922
ENSG00000162631	1	107682629	108026080
ENSG00000140379	15	80253231	80263788
ENSG00000179055	9	107456660	107457766
ENSG00000188153	X	107683074	107940775
ENSG00000129993	16	88941266	89043612
ENSG00000136783	9	107509969	107522403
ENSG00000149182	11	47185848	47198676
ENSG00000171116	X	148855726	148858525
ENSG00000169131	5	178138593	178157703
ENSG00000188175	7	92817899	92855837
ENSG00000114547	3	125687987	125702297
ENSG00000165028	9	107526438	107539738
ENSG00000155542	5	56205087	56221359
ENSG00000166008	X	148863584	148869397
ENSG00000168256	17	40163400	40177659
ENSG00000156009	X	149009941	149014609
ENSG00000164253	5	76721795	76916436
ENSG00000184601	14	105046021	105056852
ENSG00000185164	16	18511182	18573533
ENSG00000116688	1	12040238	12073571
ENSG00000016391	3	53846362	53880417
ENSG00000163106	4	95219686	95264027
ENSG00000131969	14	51338878	51371688
ENSG00000086666	15	80351910	80430735
ENSG00000196569	6	129204342	129837714
ENSG00000056736	3	53880607	53899827
ENSG00000128059	4	57259528	57301781
ENSG00000183077	17	76183398	76203782
ENSG00000114805	3	155093369	155462856
ENSG00000165029	9	107543283	107690518
ENSG00000178982	19	39109735	39127595
ENSG00000197937	19	53627325	53662328
ENSG00000167193	17	1323983	1366456
ENSG00000151364	11	77726761	77757237
ENSG00000259112	11	77728017	77790911
ENSG00000151365	11	77774907	77779397
ENSG00000048342	4	15471489	15603180
ENSG00000064419	7	128594948	128695198
ENSG00000197497	19	53662466	53696639
ENSG00000269686	2	133874577	133876625
ENSG00000151366	11	77779350	77791265
ENSG00000134940	11	125541417	125551018
ENSG00000163882	3	184079506	184086384
ENSG00000226827	7	11297308	11298162
ENSG00000230435	7	11446582	11453705
ENSG00000235920	7	11859943	11860920
ENSG00000152127	2	134877554	135212192
ENSG00000204264	6	32808494	32812480
ENSG00000197928	19	53731577	53758151
ENSG00000100897	14	24583404	24594451
ENSG00000178338	5	178286954	178315123
ENSG00000186300	19	2841433	2860482
ENSG00000141316	17	31297394	31324895
ENSG00000025293	20	34359896	34538303
ENSG00000134215	1	108113782	108507766
ENSG00000236048	7	12510978	12512171
ENSG00000075275	22	46756731	46933067
ENSG00000203523	7	12530721	12531630
ENSG00000130402	19	39138289	39222223
ENSG00000226690	7	12536055	12581536
ENSG00000156787	8	124054208	124164393
ENSG00000172000	19	2867333	2878515
ENSG00000198939	5	178322895	178360213
ENSG00000023041	10	114190058	114206672
ENSG00000068697	2	20232411	20251789
ENSG00000165912	11	47199076	47207994
ENSG00000171970	19	2900896	2918474
ENSG00000172482	2	241807896	241819919
ENSG00000159063	11	77811982	77850706
ENSG00000155545	5	56215429	56267502
ENSG00000134461	10	5903580	5931869
ENSG00000203485	14	105155943	105185942
ENSG00000175691	19	2933216	2944969
ENSG00000075240	22	46971909	47075688
ENSG00000233863	8	35649365	35653384
ENSG00000205018	16	89006197	89017932
ENSG00000196131	19	53761545	53765090
ENSG00000240065	6	32811913	32827362
ENSG00000020129	1	36023074	36032875
ENSG00000228567	19	53769929	53770972
ENSG00000163098	19	53792856	53794875
ENSG00000162881	2	42989642	42991401
ENSG00000004766	7	92861653	92988338
ENSG00000146648	7	55086714	55324313
ENSG00000111490	12	65174589	65274812
ENSG00000104953	19	2977444	2995177
ENSG00000213799	19	53837002	53858122
ENSG00000178187	5	178368192	178393434
ENSG00000162882	2	42994229	43019733
ENSG00000070214	9	108006903	108201452
ENSG00000137573	8	70378859	70573150
ENSG00000152128	2	135213330	135476570
ENSG00000100422	22	47080308	47134158
ENSG00000203326	19	53868946	53895470
ENSG00000176715	16	89154783	89222254
ENSG00000224667	7	12545633	12547104
ENSG00000225606	7	12609751	12611017
ENSG00000229233	7	12693804	12694610
ENSG00000113262	5	178405328	178423207
ENSG00000271253	7	12725262	12725658
ENSG00000199470	7	12740383	12740514
ENSG00000222974	7	12916309	12916571
ENSG00000168394	6	32812986	32821755
ENSG00000230879	7	12962170	12962545
ENSG00000229618	7	13141016	13743774
ENSG00000197021	X	149097745	149107029
ENSG00000171053	11	125616188	125619762
ENSG00000237713	7	13378826	13404674
ENSG00000224330	7	13893980	13898650
ENSG00000103876	15	80444832	80479288
ENSG00000213875	7	13911481	13912138
ENSG00000215262	8	36641842	36793646
ENSG00000116691	1	12079523	12092102
ENSG00000234284	5	178450753	178462065
ENSG00000196844	11	125646008	125648714
ENSG00000134574	11	47236493	47260767
ENSG00000236027	11	125658006	125661495
ENSG00000108684	17	31340105	32501983
ENSG00000237353	11	125703211	125709964
ENSG00000085491	1	108676658	108743471
ENSG00000129910	16	89238175	89261900
ENSG00000172478	2	241825465	241836306
ENSG00000183779	8	37553269	37557537
ENSG00000198331	11	125753509	125770543
ENSG00000196417	19	53893046	53930574
ENSG00000170248	3	33839844	33911194
ENSG00000259495	15	80637195	80695917
ENSG00000252374	7	14050294	14050388
ENSG00000223445	7	14110160	14111005
ENSG00000177932	5	178487416	178510538
ENSG00000233167	7	14230420	14231782
ENSG00000221428	7	14815031	14815148
ENSG00000226323	7	14853756	14856190
ENSG00000225816	7	15025003	15025699
ENSG00000151532	10	114206756	114578503
ENSG00000183154	8	37592279	37594944
ENSG00000227489	7	15105832	15108276
ENSG00000237070	7	15707572	15721605
ENSG00000054611	22	47158518	47571336
ENSG00000110060	11	125763381	125773116
ENSG00000114544	3	125725198	125820404
ENSG00000106701	9	108210077	108314714
ENSG00000182472	19	39220827	39260544
ENSG00000198346	19	53970989	54006950
ENSG00000120949	1	12123434	12204264
ENSG00000087116	5	178537852	178772431
ENSG00000115884	2	20400558	20425194
ENSG00000196427	1	108765963	108786689
ENSG00000111224	12	3900213	3982608
ENSG00000152492	3	191046866	191116459
ENSG00000172379	15	80696692	80890278
ENSG00000229108	7	15728003	15735116
ENSG00000225974	7	15728700	15730479
ENSG00000259803	16	89262406	89268072
ENSG00000235828	7	15741057	15741377
ENSG00000229379	7	15880922	15881985
ENSG00000188997	11	77882295	77899868
ENSG00000065717	19	2997636	3047633
ENSG00000109832	11	125773271	125793158
ENSG00000122585	7	24323782	24331484
ENSG00000268171	4	57276682	57277131
ENSG00000205336	16	57644564	57698944
ENSG00000156076	12	65444406	65515346
ENSG00000170100	16	89284118	89295363
ENSG00000226321	2	241858202	241932728
ENSG00000163110	4	95373037	95589377
ENSG00000164051	3	48473574	48481866
ENSG00000147475	8	37594117	37616619
ENSG00000134452	10	5931535	5979556
ENSG00000266442	HSCHR6_MHC_MCF	31784084	31808928
ENSG00000171222	20	34541539	34547394
ENSG00000205076	19	39261611	39264132
ENSG00000134575	11	47260853	47270457
ENSG00000273477	7	16127152	16129275
ENSG00000178934	19	39279851	39282389
ENSG00000230981	7	16128696	16129261
ENSG00000224683	7	16248570	16248890
ENSG00000105926	7	24612887	24733812
ENSG00000229688	7	16250113	16310229
ENSG00000106692	9	108320411	108403399
ENSG00000118369	11	77899858	77925757
ENSG00000128050	4	57301907	57327534
ENSG00000234951	HSCHR6_MHC_MCF	31806876	31808928
ENSG00000181350	17	16344891	16395467
ENSG00000272537	7	16510809	16510998
ENSG00000186086	1	108918421	109013624
ENSG00000224280	7	16623407	16626382
ENSG00000268024	17	32581900	32582306
ENSG00000272361	7	16633253	16633849
ENSG00000214919	3	155459933	155461515
ENSG00000149646	20	34556512	34618622
ENSG00000116819	1	36038971	36060929
ENSG00000197879	17	1367392	1396106
ENSG00000100505	14	51441980	51562779
ENSG00000146376	6	129897277	130031370
ENSG00000174928	3	155480401	155524140
ENSG00000126067	1	36067185	36107445
ENSG00000186051	9	108424738	108425367
ENSG00000141040	17	16454701	16472520
ENSG00000028137	1	12227060	12269285
ENSG00000226209	10	13350145	13350447
ENSG00000142686	1	36179476	36185073
ENSG00000108691	17	32582304	32584222
ENSG00000095209	9	108456825	108538893
ENSG00000223757	HSCHR6_MHC_MCF	31809667	31821408
ENSG00000167522	16	89334038	89556969
ENSG00000136379	15	80972025	81047962
ENSG00000118971	12	4382938	4414516
ENSG00000147166	X	70521584	70525221
ENSG00000235837	7	16735496	16759523
ENSG00000197566	17	16524051	16557170
ENSG00000162636	1	109102711	109187522
ENSG00000232112	3	48481667	48485616
ENSG00000134419	16	18792617	18801705
ENSG00000218357	22	47857048	47882860
ENSG00000105928	7	24737972	24809244
ENSG00000139651	12	53574484	53584596
ENSG00000033327	11	77926343	78129394
ENSG00000219438	22	48885272	49246724
ENSG00000013619	X	149529689	149682448
ENSG00000158457	7	128784712	128808671
ENSG00000174780	4	57333081	57369839
ENSG00000171747	19	39292311	39304004
ENSG00000219016	22	48934712	48943199
ENSG00000260342	16	18799385	18812841
ENSG00000162639	1	109190912	109204148
ENSG00000148143	9	109625378	109775915
ENSG00000092853	1	36185819	36235568
ENSG00000188269	19	14903302	14946188
ENSG00000113812	3	53901093	53916229
ENSG00000170540	16	18802991	18813000
ENSG00000164053	3	48488114	48507115
ENSG00000127530	19	14909958	14911023
ENSG00000171100	X	149737069	149841795
ENSG00000127515	19	14951760	14952689
ENSG00000187595	17	40177594	40217383
ENSG00000224264	HSCHR6_MHC_MCF	31821595	31840030
ENSG00000185385	19	14991138	14992264
ENSG00000118564	4	15606162	15683302
ENSG00000127529	19	15052301	15053260
ENSG00000176783	5	178977559	179037027
ENSG00000130844	19	54024235	54083523
ENSG00000088367	20	34679426	34820721
ENSG00000163374	1	155629237	155658791
ENSG00000260548	X	107965300	107975917
ENSG00000139626	12	53585102	53601091
ENSG00000242631	9	109685630	109686455
ENSG00000055917	2	20448452	20551995
ENSG00000104823	19	39306062	39322645
ENSG00000133124	X	107975712	107979651
ENSG00000105143	19	15060846	15133802
ENSG00000187105	14	73945189	74025651
ENSG00000101890	X	108616135	108725301
ENSG00000148737	10	114710009	114927437
ENSG00000134186	1	109234945	109244425
ENSG00000119318	9	110045418	110094475
ENSG00000155229	10	99218081	99258551
ENSG00000147689	8	124191200	124222314
ENSG00000078237	12	4430371	4462338
ENSG00000086475	10	13359424	13390297
ENSG00000184227	14	74003818	74010498
ENSG00000268218	16	89334512	89339452
ENSG00000160994	19	15121556	15134081
ENSG00000188511	22	49808176	50051190
ENSG00000101888	X	108779010	108787919
ENSG00000139921	14	51706880	51722759
ENSG00000113811	3	53918437	53926015
ENSG00000105141	19	15160195	15169104
ENSG00000094661	19	15197791	15199032
ENSG00000176076	X	108866929	108868393
ENSG00000118972	12	4477393	4488894
ENSG00000270593	7	16889581	16890349
ENSG00000232400	7	16903891	16905932
ENSG00000227965	7	16928245	16928509
ENSG00000223867	7	16977849	16978181
ENSG00000111241	12	4537321	4554780
ENSG00000232841	7	17072713	17073102
ENSG00000147471	8	37620111	37637283
ENSG00000105137	19	15218214	15225799
ENSG00000197912	16	89557325	89624176
ENSG00000237773	7	17319458	17338981
ENSG00000064309	11	125825691	125933230
ENSG00000143107	1	109255279	109285365
ENSG00000136826	9	110247133	110252763
ENSG00000103888	15	81071684	81244117
ENSG00000174106	12	65563351	65642107
ENSG00000214645	9	110539471	110540419
ENSG00000148156	9	111616871	111619239
ENSG00000139154	12	19556979	19873735
ENSG00000187003	9	111624603	111626035
ENSG00000047621	12	4596894	4647674
ENSG00000048707	1	12290124	12572099
ENSG00000068366	X	108867473	108976632
ENSG00000116266	1	109289296	109352148
ENSG00000170160	17	16592851	16707767
ENSG00000268083	19	39308111	39330818
ENSG00000108688	17	32597240	32599261
ENSG00000100425	22	50166931	50221160
ENSG00000063601	X	149861435	149933576
ENSG00000105135	19	15225795	15236596
ENSG00000134698	1	36273773	36323491
ENSG00000119673	14	74034324	74042357
ENSG00000025434	11	47269851	47290396
ENSG00000228913	HSCHR6_MHC_COX	29519995	29524308
ENSG00000162804	2	241938255	242034983
ENSG00000259649	15	81188532	81202118
ENSG00000169359	3	155538813	155572218
ENSG00000196503	4	57371509	57390614
ENSG00000117899	15	81239667	81282219
ENSG00000199473	7	17412825	17412950
ENSG00000249693	4	57396775	57469673
ENSG00000236318	7	17414491	17506288
ENSG00000236039	7	17474101	17500296
ENSG00000269650	20	34756461	34758180
ENSG00000104824	19	39327028	39342987
ENSG00000226598	7	17503069	17598533
ENSG00000070061	9	111629797	111696396
ENSG00000228675	7	17719173	17720283
ENSG00000236195	7	18001702	18002652
ENSG00000165526	11	126071993	126081587
ENSG00000265876	7	18033058	18033123
ENSG00000225998	HSCHR6_MHC_MCF	31841473	31851062
ENSG00000172156	17	32612687	32615353
ENSG00000131043	20	34824381	34858840
ENSG00000139926	14	51955818	52197445
ENSG00000163093	2	170335688	170382432
ENSG00000172995	3	35680437	35835988
ENSG00000243244	2	48756522	48826025
ENSG00000100426	22	50247490	50283726
ENSG00000185100	14	105190523	105213662
ENSG00000157106	16	18816175	18937776
ENSG00000257383	HSCHR6_MHC_MCF	31897466	31898321
ENSG00000203756	6	130152389	130182692
ENSG00000171476	4	57514155	57548065
ENSG00000171540	5	76924538	76935513
ENSG00000268864	19	54102882	54106751
ENSG00000138696	4	95679119	96079599
ENSG00000157445	3	54156574	55108584
ENSG00000092847	1	36335409	36395211
ENSG00000115970	2	43393800	43823185
ENSG00000204595	19	54135310	54140263
ENSG00000182858	22	50293877	50312106
ENSG00000182885	16	57702099	57723975
ENSG00000171530	5	76986991	77164604
ENSG00000132434	7	55433141	55501435
ENSG00000147133	X	70586114	70752224
ENSG00000257601	HSCHR6_MHC_MCF	31897853	31898542
ENSG00000229185	HSCHR6_MHC_COX	29552288	29553350
ENSG00000167526	16	89627065	89630950
ENSG00000080845	20	34894258	35157040
ENSG00000189376	8	124232196	124253638
ENSG00000227129	HSCHR6_MHC_MCF	31901917	31907164
ENSG00000128602	7	128828713	128853386
ENSG00000162641	1	109358520	109506106
ENSG00000137513	11	78147007	78285919
ENSG00000177465	14	74058410	74063200
ENSG00000205669	14	74077649	74086592
ENSG00000242574	6	32902406	32908847
ENSG00000137571	8	70579282	70747299
ENSG00000259305	8	124238431	124279627
ENSG00000119328	9	111696461	111713024
ENSG00000197798	11	126081309	126132881
ENSG00000140406	15	81293295	81296342
ENSG00000074181	19	15270444	15311792
ENSG00000198945	6	130334844	130462594
ENSG00000251569	2	170335990	170382432
ENSG00000156206	15	81299374	81441516
ENSG00000119661	14	74111578	74170435
ENSG00000142405	19	54296857	54327648
ENSG00000165156	8	124260696	124287781
ENSG00000239474	2	170366212	170382772
ENSG00000269197	8	70850403	70850635
ENSG00000089685	17	76210267	76221717
ENSG00000187994	19	39358470	39368919
ENSG00000147596	8	70963886	70983928
ENSG00000184164	22	50311815	50321188
ENSG00000149256	11	78363876	79151992
ENSG00000111247	12	4647950	4669214
ENSG00000172572	12	20522179	20837315
ENSG00000128040	4	57676026	57687908
ENSG00000121957	1	109417972	109477167
ENSG00000182934	11	126132814	126139039
ENSG00000182168	4	96083655	96470357
ENSG00000158467	7	128864864	129070052
ENSG00000119326	9	111704851	111775809
ENSG00000132842	5	77296349	77590579
ENSG00000132676	1	155657751	155708801
ENSG00000178773	16	89642176	89663654
ENSG00000020181	8	37641709	37702414
ENSG00000179820	19	54369477	54379691
ENSG00000182103	11	82443053	82444906
ENSG00000104964	19	3052908	3063105
ENSG00000153086	2	135596117	135659604
ENSG00000159625	16	57728705	57765717
ENSG00000122085	2	242011584	242041747
ENSG00000140396	8	71021997	71316040
ENSG00000172349	15	81451916	81605104
ENSG00000139155	12	20848289	20906320
ENSG00000108771	17	40253422	40264751
ENSG00000229077	HSCHR6_MHC_MCF	31907450	31923299
ENSG00000126070	1	36396319	36538101
ENSG00000213689	3	48506445	48509044
ENSG00000248993	6	32905141	32920899
ENSG00000137509	11	82534544	82681626
ENSG00000084093	4	57774075	57802010
ENSG00000088256	19	3094408	3124002
ENSG00000126583	19	54382444	54410906
ENSG00000105131	19	15337730	15344246
ENSG00000156802	8	124332090	124428590
ENSG00000237765	4	15683285	15707188
ENSG00000106771	9	111777432	111882225
ENSG00000138399	2	170386259	170430385
ENSG00000198355	22	50354161	50357728
ENSG00000157600	X	109245859	109425962
ENSG00000060558	19	3136191	3163767
ENSG00000154978	7	55503749	55640681
ENSG00000090534	3	184089723	184095932
ENSG00000121940	1	109472130	109506111
ENSG00000125910	19	3172344	3180329
ENSG00000084092	4	57829536	57844989
ENSG00000101335	20	35169887	35178228
ENSG00000062194	5	56469775	56560506
ENSG00000260230	9	111892573	111929571
ENSG00000141867	19	15347647	15443356
ENSG00000104221	8	37700786	37707422
ENSG00000162496	1	12627939	12677737
ENSG00000118707	20	35201891	35222353
ENSG00000068903	19	39369197	39390502
ENSG00000004948	7	93053799	93204042
ENSG00000095203	9	111934255	112083244
ENSG00000204257	6	32916390	32936871
ENSG00000259399	20	35202956	35240787
ENSG00000163114	4	96761239	96762625
ENSG00000144908	3	125822412	125916837
ENSG00000110074	11	126138950	126148026
ENSG00000237834	HSCHR6_MHC_COX	29621355	29636747
ENSG00000125912	19	3185561	3209573
ENSG00000163116	4	98105244	99064391
ENSG00000101084	20	35234137	35240960
ENSG00000141579	17	80787311	80798454
ENSG00000109743	4	15704573	15739936
ENSG00000070882	7	24836158	25021253
ENSG00000165490	11	82611017	82669319
ENSG00000047315	4	57843888	57897334
ENSG00000140854	16	57769642	57791162
ENSG00000176903	14	74178494	74181128
ENSG00000164054	3	48509197	48542259
ENSG00000169045	5	179041179	179061785
ENSG00000102181	X	149934810	150067289
ENSG00000175711	17	80900031	81009686
ENSG00000172345	15	81601394	81616524
ENSG00000204518	1	12704566	12727097
ENSG00000082258	2	135675805	135716912
ENSG00000188984	1	12776118	12788726
ENSG00000070159	9	112137746	112260590
ENSG00000156675	8	37716136	37756985
ENSG00000157330	1	12806163	12823847
ENSG00000170537	16	18995256	19075264
ENSG00000092850	1	36549676	36553876
ENSG00000101082	20	35240721	35274619
ENSG00000090539	3	184097861	184108524
ENSG00000105127	19	15464196	15490609
ENSG00000238134	HSCHR6_MHC_MCF	31924012	31941947
ENSG00000085433	1	109512836	109584850
ENSG00000015413	16	89679716	89704839
ENSG00000101935	X	109437414	109683461
ENSG00000268310	17	76210462	76220740
ENSG00000116863	1	36554476	36559533
ENSG00000156030	14	74181825	74256988
ENSG00000204278	17	76227391	76237068
ENSG00000137502	11	82684175	82782965
ENSG00000171812	1	36560837	36590821
ENSG00000188869	15	81623558	81666554
ENSG00000161082	19	3224701	3297074
ENSG00000243444	9	112403068	112713755
ENSG00000184557	17	76352864	76356158
ENSG00000186469	14	52292913	52446060
ENSG00000259371	14	24590560	24601038
ENSG00000139914	14	24600484	24602058
ENSG00000172819	12	53604354	53626764
ENSG00000131165	16	89710839	89724253
ENSG00000054116	1	36602173	36615098
ENSG00000147162	X	70752933	70795747
ENSG00000197780	1	109605108	109618624
ENSG00000067167	8	71485677	71520622
ENSG00000066427	14	92524896	92572965
ENSG00000116726	1	12834984	12838049
ENSG00000215717	1	109632425	109639556
ENSG00000116721	1	12851546	12856777
ENSG00000154997	7	55861237	55930482
ENSG00000157654	9	112542589	112934792
ENSG00000138698	4	99182535	99365012
ENSG00000253548	3	191178952	191179245
ENSG00000180219	12	100041531	100043824
ENSG00000249773	7	55954970	56022932
ENSG00000204256	6	32936437	32949282
ENSG00000204513	1	12884468	12891264
ENSG00000179172	1	12907261	12908578
ENSG00000133136	X	109589700	109590201
ENSG00000167523	16	89724210	89737680
ENSG00000179902	1	109648573	109656479
ENSG00000178665	7	55955169	56009918
ENSG00000167186	16	19078921	19091417
ENSG00000120952	1	12916941	12921764
ENSG00000258928	14	52382863	52385289
ENSG00000092010	14	24605367	24608176
ENSG00000243073	1	12939045	12946025
ENSG00000267802	14	52436014	52436247
ENSG00000108773	17	40265126	40273376
ENSG00000243978	X	109602044	109699562
ENSG00000132376	17	1397865	1420182
ENSG00000188263	22	50432942	50451088
ENSG00000187545	1	12952727	12958101
ENSG00000213002	8	71485681	71486671
ENSG00000246366	8	71520812	71575514
ENSG00000087302	14	52456193	52471420
ENSG00000204510	1	12976450	12980569
ENSG00000101079	20	35280169	35374481
ENSG00000176601	2	135722061	135805038
ENSG00000004468	4	15779898	15854853
ENSG00000164483	6	130465460	130686570
ENSG00000241978	9	112542769	112934792
ENSG00000184990	14	105219437	105234831
ENSG00000138892	22	50453552	50495364
ENSG00000116871	1	36621180	36646450
ENSG00000232423	1	12998181	13117751
ENSG00000188959	9	112952328	112970469
ENSG00000266302	17	16593575	16707767
ENSG00000169154	8	37791799	37797647
ENSG00000146729	7	56019486	56067874
ENSG00000185324	16	89747145	89762772
ENSG00000144771	3	54952264	55001115
ENSG00000136810	9	113006091	113018920
ENSG00000188778	8	37820516	37824483
ENSG00000141905	19	3359561	3469215
ENSG00000240505	17	16832849	16875432
ENSG00000187840	8	37887859	37917883
ENSG00000183496	15	82334119	82338482
ENSG00000144681	3	36421836	36589499
ENSG00000259518	15	82380935	82390035
ENSG00000101938	X	109917084	110039286
ENSG00000165494	11	82868030	82898493
ENSG00000138398	2	170440850	170497916
ENSG00000114251	3	55499743	55523973
ENSG00000111647	12	100422233	100536626
ENSG00000204193	9	113065801	113100127
ENSG00000100427	22	50497820	50524331
ENSG00000140859	16	57792129	57896957
ENSG00000116299	1	109656301	109749401
ENSG00000204508	1	13035543	13038381
ENSG00000156795	8	124428965	124479470
ENSG00000068781	2	48757064	49003654
ENSG00000239810	1	13052394	13052998
ENSG00000205730	16	19125254	19132946
ENSG00000229571	1	13216356	13219581
ENSG00000140598	15	82422571	82555104
ENSG00000140043	14	74318547	74353530
ENSG00000261427	16	19125324	19184900
ENSG00000145685	5	77781038	78065844
ENSG00000147592	8	71547553	71581409
ENSG00000204503	1	13328196	13331692
ENSG00000087157	17	76374721	76421195
ENSG00000010219	12	4671370	4723325
ENSG00000129691	8	37962760	38001594
ENSG00000150455	11	126152960	126168740
ENSG00000267261	17	40271692	40306934
ENSG00000204502	1	13359819	13369057
ENSG00000197723	17	40274756	40275371
ENSG00000176845	17	81037567	81052864
ENSG00000029993	X	150148982	150159248
ENSG00000104825	19	39390340	39399533
ENSG00000221947	8	71581600	71702606
ENSG00000255062	11	126164193	126174213
ENSG00000103528	16	19179293	19279652
ENSG00000100908	14	24608174	24610797
ENSG00000142208	14	105235686	105262088
ENSG00000108774	17	40276994	40307035
ENSG00000102195	X	150345125	150349937
ENSG00000110063	11	126173647	126215644
ENSG00000116580	1	155719508	155829191
ENSG00000262484	19	39399620	39402798
ENSG00000163453	4	57896939	57976551
ENSG00000169067	5	56775846	56778636
ENSG00000115687	2	242045514	242089679
ENSG00000113273	5	78073032	78281910
ENSG00000156804	8	124510129	124553446
ENSG00000137494	11	82904781	82971736
ENSG00000137440	4	15937192	15940363
ENSG00000111700	12	20963636	21243040
ENSG00000172115	7	25159710	25164980
ENSG00000095932	19	3474405	3480540
ENSG00000137441	4	15961866	15970932
ENSG00000273288	17	4961	5048
ENSG00000273172	17	33615	41378
ENSG00000262920	17	171183	172244
ENSG00000145632	5	57749809	57756087
ENSG00000160131	X	150564987	150577836
ENSG00000261210	16	19297061	19333467
ENSG00000262061	17	180996	183279
ENSG00000182330	1	13386646	13390765
ENSG00000154479	2	170501935	170550943
ENSG00000165124	9	113127531	113342160
ENSG00000129932	19	3490819	3500938
ENSG00000204501	1	13421176	13428191
ENSG00000262294	17	202429	207372
ENSG00000262558	17	204528	206673
ENSG00000149636	20	35380194	35402221
ENSG00000241525	17	254326	263814
ENSG00000104835	19	39405906	39440495
ENSG00000110514	11	47290712	47351582
ENSG00000168785	4	99391518	99579780
ENSG00000204495	1	13447414	13452656
ENSG00000187672	3	55542336	56502391
ENSG00000100911	14	24612574	24616779
ENSG00000144362	2	170550975	170558218
ENSG00000075089	12	100592900	100635643
ENSG00000073146	22	50528308	50600119
ENSG00000114279	3	191857184	192485553
ENSG00000204491	1	13474689	13477522
ENSG00000263015	17	406411	414587
ENSG00000164484	6	130686879	130764208
ENSG00000263300	17	426380	443816
ENSG00000011243	19	15490859	15529952
ENSG00000204488	1	13495254	13498260
ENSG00000256162	6	131148546	131158275
ENSG00000031698	1	109756540	109780791
ENSG00000204252	6	32971955	32977389
ENSG00000104313	8	72109668	72274467
ENSG00000114268	3	48555117	48599448
ENSG00000166049	X	150732094	150845211
ENSG00000127928	7	93220885	93540577
ENSG00000262905	17	455806	456657
ENSG00000260259	16	89749028	89752977
ENSG00000255150	12	104697517	104698980
ENSG00000175946	8	124657767	124665190
ENSG00000158792	16	89762751	89768113
ENSG00000188659	15	82555151	82577271
ENSG00000224153	3	184119325	184157436
ENSG00000105825	7	93514709	93520303
ENSG00000205281	15	82635130	82641706
ENSG00000182580	3	184279572	184300197
ENSG00000104537	8	124693034	124749647
ENSG00000153790	7	25174316	25219975
ENSG00000075399	16	89773542	89787394
ENSG00000132837	5	78293438	78531861
ENSG00000197978	15	82722223	82731338
ENSG00000171310	12	104849073	105155792
ENSG00000103534	16	19421818	19510435
ENSG00000030304	9	113431051	113563859
ENSG00000133030	17	16945859	17120993
ENSG00000269547	19	39406044	39440495
ENSG00000110080	11	126225535	126310239
ENSG00000163673	3	36753913	36781352
ENSG00000137500	11	82970139	82997450
ENSG00000184779	15	82821158	82824972
ENSG00000130032	X	150863596	150874396
ENSG00000128626	19	39421188	39423802
ENSG00000089558	17	40308909	40333296
ENSG00000262708	17	519242	519835
ENSG00000244097	17	560034	560787
ENSG00000231784	17	655900	658576
ENSG00000177383	3	184428156	184429836
ENSG00000180611	3	192514604	192635950
ENSG00000011451	19	15532319	15560762
ENSG00000007062	4	15964699	16086001
ENSG00000213160	2	170550998	170633499
ENSG00000143126	1	109792641	109818372
ENSG00000087303	14	52471521	52535712
ENSG00000257046	12	20968608	21243179
ENSG00000187775	17	76419778	76573476
ENSG00000151247	4	99792835	99851788
ENSG00000198121	9	113635543	113800981
ENSG00000127252	3	192958914	192995527
ENSG00000258653	14	74318674	74398981
ENSG00000196737	17	666805	668559
ENSG00000187185	16	57832098	57850850
ENSG00000262228	17	666805	668559
ENSG00000262434	17	692984	693765
ENSG00000262133	17	781142	783333
ENSG00000263017	17	862274	862606
ENSG00000265403	17	885276	885361
ENSG00000158805	16	89786808	89807311
ENSG00000264429	17	925716	925799
ENSG00000235361	17	1085187	1088380
ENSG00000262213	17	1145233	1157294
ENSG00000262777	17	1327767	1329778
ENSG00000168016	3	36868311	36986548
ENSG00000171133	9	114089763	114090800
ENSG00000204486	1	13516066	13526943
ENSG00000105605	19	54412589	54447195
ENSG00000149639	20	35405845	35492089
ENSG00000147378	X	150884507	150891666
ENSG00000157358	1	13641973	13648988
ENSG00000239789	7	56019512	56024192
ENSG00000231389	6	33032346	33048552
ENSG00000142408	19	54466294	54493469
ENSG00000105325	19	3506271	3538328
ENSG00000128578	7	129074274	129128240
ENSG00000226560	HSCHR6_MHC_MCF	31942047	31989896
ENSG00000105954	7	25264189	25268105
ENSG00000204481	1	13668269	13673511
ENSG00000132718	1	155829300	155854990
ENSG00000236618	17	1420225	1421390
ENSG00000130433	19	54495542	54515923
ENSG00000243704	17	1507670	1507966
ENSG00000070729	16	57917503	58005020
ENSG00000204480	1	13694889	13698405
ENSG00000050344	7	26191860	26226745
ENSG00000215749	15	82930438	82939159
ENSG00000204479	1	13716092	13719089
ENSG00000146733	7	56078744	56119297
ENSG00000054118	1	36690017	36770958
ENSG00000269190	19	39432044	39466550
ENSG00000240204	7	129142320	129152773
ENSG00000259243	15	83011379	83018198
ENSG00000176853	8	124780696	124827692
ENSG00000204478	1	13736907	13747803
ENSG00000079819	6	131160487	131384462
ENSG00000162494	1	13801445	13840543
ENSG00000134470	10	5990855	6020150
ENSG00000196648	15	83098710	83108085
ENSG00000138385	2	170648443	170668574
ENSG00000189068	19	54544079	54567207
ENSG00000168229	14	52734431	52743442
ENSG00000161243	19	39481354	39523425
ENSG00000272921	12	4714110	4771809
ENSG00000101342	20	35504524	35522638
ENSG00000122566	7	26229547	26241149
ENSG00000165626	10	13480484	13570974
ENSG00000143622	1	155867599	155881195
ENSG00000147465	8	38001167	38008783
ENSG00000183862	X	150906923	150913776
ENSG00000106459	7	129251555	129396922
ENSG00000162493	1	13909960	13944452
ENSG00000214193	1	36771988	36790484
ENSG00000161091	19	3538259	3574288
ENSG00000105122	19	15562435	15575382
ENSG00000182774	15	83205504	83209315
ENSG00000119725	14	74353320	74399214
ENSG00000248385	19	54573149	54584634
ENSG00000238946	17	1519486	1519589
ENSG00000183760	19	39574553	39602133
ENSG00000175324	8	38020839	38034248
ENSG00000136813	9	114122972	114247025
ENSG00000073150	22	50609160	50618723
ENSG00000134222	1	109822178	109825808
ENSG00000146731	7	56119323	56131682
ENSG00000186594	17	1614805	1620468
ENSG00000142694	1	36787632	36789755
ENSG00000115839	2	135809835	135933964
ENSG00000178567	3	37027357	37034795
ENSG00000116883	1	36789335	36794822
ENSG00000147381	X	151080981	151093642
ENSG00000182544	12	53645035	53648189
ENSG00000147174	X	70798261	70833433
ENSG00000101347	20	35518632	35580246
ENSG00000170909	19	54597933	54606000
ENSG00000161031	19	15579456	15609767
ENSG00000006007	16	19513015	19533467
ENSG00000148702	10	115310596	115349361
ENSG00000156735	8	38034051	38070819
ENSG00000170638	22	50624344	50638027
ENSG00000196182	1	36805225	36851497
ENSG00000183397	19	3539152	3544028
ENSG00000221986	1	109834987	109849663
ENSG00000079337	12	48128455	48164823
ENSG00000164024	4	99916771	99983964
ENSG00000260836	15	83208783	83224682
ENSG00000175857	5	57787262	57792917
ENSG00000116731	1	14026693	14151574
ENSG00000111254	12	4724674	4758213
ENSG00000261086	15	83209620	83231124
ENSG00000159648	16	58010339	58022020
ENSG00000135476	12	53662083	53687427
ENSG00000170906	19	54606036	54612564
ENSG00000187527	3	192992579	193096632
ENSG00000250127	5	57837394	57854070
ENSG00000234196	HSCHR6_MHC_MCF	31943870	31946255
ENSG00000132680	1	155882834	155904191
ENSG00000223865	6	33043703	33054978
ENSG00000257733	HSCHR6_MHC_MCF	31955270	31955515
ENSG00000125384	14	52781023	52795324
ENSG00000205754	12	20968673	21245679
ENSG00000150471	4	62066976	62944053
ENSG00000171954	19	15619304	15663128
ENSG00000103540	16	19535133	19564730
ENSG00000087301	14	52897308	53019240
ENSG00000085788	8	38082736	38133076
ENSG00000187741	16	89803957	89883065
ENSG00000105619	19	54610320	54619055
ENSG00000262791	17	1629042	1641879
ENSG00000173258	9	114287439	114340124
ENSG00000265504	17	1733135	1733217
ENSG00000166188	16	58028572	58034357
ENSG00000214814	8	124864227	125132302
ENSG00000108958	17	1761333	1761740
ENSG00000134243	1	109852192	109940573
ENSG00000213780	6	30875961	30881883
ENSG00000163884	3	126061478	126076285
ENSG00000243570	HSCHR6_MHC_MCF	31989874	31996308
ENSG00000149571	11	126293254	126873355
ENSG00000132840	5	78365540	78385289
ENSG00000115685	2	242088991	242123067
ENSG00000173080	1	155911480	155912625
ENSG00000164983	8	125324231	125384933
ENSG00000262445	17	1898908	1906965
ENSG00000103005	16	58033450	58055522
ENSG00000228133	17	1921010	1924000
ENSG00000262869	17	1923246	1926958
ENSG00000214575	15	83211951	83317612
ENSG00000262533	17	1946194	1946719
ENSG00000263050	17	1946769	1948262
ENSG00000163885	3	126113782	126155399
ENSG00000139180	12	4758261	4798454
ENSG00000156931	3	184529931	184770402
ENSG00000181817	1	36856839	36863493
ENSG00000197894	4	99992132	100009952
ENSG00000186810	X	70835766	70838367
ENSG00000180376	3	56591189	56655846
ENSG00000106853	9	114312002	114362135
ENSG00000064961	19	3572775	3579086
ENSG00000152932	5	57878048	58155213
ENSG00000073169	22	50639408	50656045
ENSG00000204131	X	71130938	71363424
ENSG00000204661	5	179068545	179072047
ENSG00000143106	1	109941653	109969062
ENSG00000168255	7	102178365	102213103
ENSG00000186591	7	129470572	129592789
ENSG00000145040	3	48599160	48601206
ENSG00000116885	1	36881428	36916086
ENSG00000242732	X	71346958	71351758
ENSG00000136052	12	105196331	105352522
ENSG00000102287	X	151121596	151143152
ENSG00000228259	5	179078298	179079445
ENSG00000204659	5	179105584	179107975
ENSG00000186529	19	15751707	15773635
ENSG00000179627	14	105266933	105271049
ENSG00000059769	9	114393632	114432508
ENSG00000134571	11	47352957	47374253
ENSG00000143028	1	110009180	110024759
ENSG00000080839	20	35624752	35724398
ENSG00000244115	9	114393666	114432509
ENSG00000270249	7	102181948	102232891
ENSG00000130669	19	39616410	39673456
ENSG00000183665	8	125463048	125474391
ENSG00000242616	9	114423615	114432526
ENSG00000128159	22	50656118	50683421
ENSG00000170881	8	125486979	125500155
ENSG00000205238	7	102191679	102202755
ENSG00000102996	16	58059470	58080805
ENSG00000076242	3	37034823	37107380
ENSG00000174238	17	1421012	1466110
ENSG00000162650	1	110026101	110035426
ENSG00000115414	2	216225163	216300895
ENSG00000188505	19	39687601	39692524
ENSG00000077264	X	110187513	110470589
ENSG00000134954	11	128328656	128457453
ENSG00000179751	19	39693471	39694906
ENSG00000161610	17	40336078	40337470
ENSG00000099814	14	105331617	105363107
ENSG00000197110	19	39734246	39735646
ENSG00000127022	5	179105629	179157926
ENSG00000272395	19	39737773	39739219
ENSG00000183709	19	39759154	39760732
ENSG00000186204	19	15783567	15807984
ENSG00000257062	12	21200113	21329829
ENSG00000174151	1	110036674	110045554
ENSG00000182393	19	39786965	39789313
ENSG00000128011	19	39797208	39805976
ENSG00000165181	9	114448453	114557288
ENSG00000179598	17	17104309	17109629
ENSG00000134538	12	21284136	21392180
ENSG00000253379	8	72315675	72504260
ENSG00000147687	8	125500726	125551699
ENSG00000167925	17	40340817	40346531
ENSG00000105808	7	102220093	102257204
ENSG00000103723	15	83328033	83378666
ENSG00000181754	1	110046797	110052360
ENSG00000229363	HSCHR6_MHC_MCF	31996311	32003316
ENSG00000151702	11	128556430	128683162
ENSG00000235531	8	72740402	73030628
ENSG00000070761	16	58147496	58163354
ENSG00000114270	3	48601506	48632700
ENSG00000130755	19	39818993	39833012
ENSG00000178860	8	72753784	72756703
ENSG00000103544	16	19566562	19718115
ENSG00000156097	1	110082494	110091028
ENSG00000150672	11	83166055	85338966
ENSG00000091732	7	129658126	129691291
ENSG00000148154	9	114659046	114697649
ENSG00000152518	2	43449541	43453748
ENSG00000242441	2	48844937	48960287
ENSG00000070770	16	58191811	58231824
ENSG00000105618	19	54618837	54635140
ENSG00000116898	1	36921319	36930038
ENSG00000065135	1	110091233	110136975
ENSG00000146205	2	242127924	242164792
ENSG00000113448	5	58264865	59817947
ENSG00000197893	10	115348475	115423886
ENSG00000104321	8	72932152	72987852
ENSG00000264187	17	17105963	17140499
ENSG00000177951	11	167784	207428
ENSG00000269846	20	35724188	35725581
ENSG00000084453	12	21417534	21572528
ENSG00000103021	16	58265061	58317740
ENSG00000152527	2	43864412	43995126
ENSG00000198099	4	100044808	100078949
ENSG00000154803	17	17115526	17140502
ENSG00000134183	1	110145889	110155679
ENSG00000161021	5	179159851	179223512
ENSG00000171942	19	15838834	15839862
ENSG00000171936	19	15852203	15853153
ENSG00000205678	4	65140975	65275186
ENSG00000116584	1	155916630	155976861
ENSG00000172519	19	15904761	15905892
ENSG00000004975	17	7128660	7137864
ENSG00000186723	19	15917817	15918936
ENSG00000179134	19	39833036	39876350
ENSG00000213316	5	179220981	179223648
ENSG00000106868	9	114803065	114937688
ENSG00000124260	X	151301782	151307033
ENSG00000186115	19	15988833	16008930
ENSG00000182674	8	73449626	73850584
ENSG00000070476	3	126156444	126194762
ENSG00000179855	19	3585551	3593539
ENSG00000101353	20	35729629	35807991
ENSG00000006638	19	3594504	3606838
ENSG00000172955	4	100123795	100140694
ENSG00000088038	19	54641444	54659419
ENSG00000147601	8	73921099	73960357
ENSG00000167703	17	1472561	1532180
ENSG00000204991	16	89884587	89937727
ENSG00000081148	3	100941390	101039404
ENSG00000092098	14	24615892	24629870
ENSG00000166153	12	100597447	100660857
ENSG00000119535	1	36931644	36948879
ENSG00000103023	16	58313901	58328951
ENSG00000180998	14	53019866	53104431
ENSG00000123349	12	53689075	53693234
ENSG00000189337	1	14925200	15444539
ENSG00000011677	X	151334706	151619830
ENSG00000181938	16	58328984	58440048
ENSG00000105298	19	3610639	3626813
ENSG00000100429	22	50683612	50689834
ENSG00000267200	17	1953202	1953302
ENSG00000267195	17	1953565	1953674
ENSG00000188076	11	193080	194573
ENSG00000127920	7	93551011	93557922
ENSG00000262810	17	1992975	2004854
ENSG00000262402	17	2030724	2031198
ENSG00000265777	17	2103056	2103331
ENSG00000236838	17	2116991	2117708
ENSG00000236457	17	2118776	2119309
ENSG00000147684	8	125551344	125580751
ENSG00000225084	17	2135974	2136904
ENSG00000262333	17	2210055	2211009
ENSG00000177947	11	196738	200261
ENSG00000066336	11	47376411	47400127
ENSG00000118705	20	35806813	35870022
ENSG00000119314	9	114980715	115095947
ENSG00000171729	1	15479028	15546976
ENSG00000121988	2	135894486	136288806
ENSG00000105829	7	93592074	93633694
ENSG00000173757	17	40351186	40428725
ENSG00000187758	4	100197524	100212185
ENSG00000166428	14	105391153	105399574
ENSG00000105617	19	54658899	54663620
ENSG00000204464	1	15490840	15497813
ENSG00000171903	19	16023177	16045677
ENSG00000211584	12	48147699	48176536
ENSG00000145242	4	66185281	66536213
ENSG00000138382	2	170666591	170681441
ENSG00000151704	11	128706210	128737268
ENSG00000147402	X	151806637	151825999
ENSG00000116337	1	110158726	110174673
ENSG00000212552	17	2232413	2232507
ENSG00000177963	11	207511	215113
ENSG00000122565	7	26240782	26252976
ENSG00000127249	3	193119866	193310900
ENSG00000212163	17	2233570	2233664
ENSG00000165886	10	99258625	99330966
ENSG00000186111	19	3630181	3700477
ENSG00000165915	11	47428683	47438047
ENSG00000263345	17	2278355	2282600
ENSG00000164692	7	94023873	94060544
ENSG00000120457	11	128761251	128790930
ENSG00000186628	15	83424114	83474822
ENSG00000145692	5	78407602	78428108
ENSG00000129103	7	56131695	56148363
ENSG00000119471	9	115142217	115234690
ENSG00000174370	11	128769460	128775930
ENSG00000136021	12	100660918	100735502
ENSG00000077274	X	110488331	110513751
ENSG00000262456	17	2288141	2289958
ENSG00000156232	15	83478380	83503611
ENSG00000243049	17	2461096	2461388
ENSG00000262953	17	2489624	2491160
ENSG00000262480	17	2516578	2517238
ENSG00000239024	17	2558973	2559076
ENSG00000239884	17	2584242	2584528
ENSG00000141030	17	17150141	17184607
ENSG00000120471	11	128804626	128813040
ENSG00000086300	7	26331541	26413949
ENSG00000164764	8	73976775	74036323
ENSG00000230185	9	115196096	115249484
ENSG00000167608	19	54663846	54676944
ENSG00000122548	7	26572740	26578407
ENSG00000103942	15	83509838	83654661
ENSG00000222004	7	26677490	26686889
ENSG00000170873	8	125563031	125740730
ENSG00000163873	1	37261128	37499730
ENSG00000147604	8	74202506	74208024
ENSG00000165185	9	115249127	115431677
ENSG00000006712	19	39876492	39881835
ENSG00000134460	10	6052652	6104288
ENSG00000138468	3	101043049	101232085
ENSG00000115677	2	242166679	242256476
ENSG00000232616	HSCHR6_MHC_MCF	32003304	32013975
ENSG00000148153	9	115446206	115480516
ENSG00000168765	1	110198703	110208118
ENSG00000005020	7	26706681	27034858
ENSG00000142621	1	15573768	15726779
ENSG00000163479	1	155978839	155990750
ENSG00000118702	20	35879489	35890238
ENSG00000105289	19	3708107	3750811
ENSG00000137411	6	30876019	30894236
ENSG00000159650	3	126200124	126236616
ENSG00000148158	9	115513118	115643951
ENSG00000101363	20	35918041	35945663
ENSG00000163946	3	56654161	56717265
ENSG00000077279	X	110537007	110655603
ENSG00000197930	14	53106634	53162618
ENSG00000269167	HSCHR6_MHC_DBB	31956131	31957067
ENSG00000119457	9	115641200	115653193
ENSG00000259529	14	24620427	24636611
ENSG00000205236	7	102222970	102283316
ENSG00000128607	7	129710350	129775560
ENSG00000136866	9	115800660	115819039
ENSG00000196616	4	100226121	100242558
ENSG00000255639	12	4766800	4853747
ENSG00000134909	11	128834955	129149219
ENSG00000103550	16	19714902	19729557
ENSG00000141002	16	89940000	89977792
ENSG00000136867	9	115913222	115926417
ENSG00000165630	10	13628927	13672868
ENSG00000197122	20	35973088	36034453
ENSG00000130035	12	4829507	4960277
ENSG00000213928	14	24630262	24635774
ENSG00000224313	HSCHR6_MHC_MCF	32014034	32016516
ENSG00000165916	11	47440320	47447993
ENSG00000040633	17	7138347	7143041
ENSG00000145241	4	68337521	68411324
ENSG00000197172	X	151867214	151870825
ENSG00000213366	1	110210644	110252171
ENSG00000151079	12	4918342	4960277
ENSG00000111262	12	5019071	5040527
ENSG00000126561	17	40439565	40463961
ENSG00000171204	11	85339629	85347580
ENSG00000185567	14	105403581	105444694
ENSG00000169612	15	83654959	83659809
ENSG00000130037	12	5153085	5155949
ENSG00000174628	16	19727778	19868907
ENSG00000105991	7	27132612	27135615
ENSG00000183305	X	151883082	151887096
ENSG00000165887	10	99332198	99343641
ENSG00000074660	17	1537152	1549041
ENSG00000119321	9	115923286	115983641
ENSG00000121039	8	74206847	74237516
ENSG00000236625	HSCHR6_MHC_DBB	31964725	31979014
ENSG00000163874	1	37940153	37949980
ENSG00000160803	1	156005092	156023585
ENSG00000169609	15	83657193	83680393
ENSG00000139637	12	53693470	53700961
ENSG00000248144	4	100257649	100274184
ENSG00000142082	11	215458	236931
ENSG00000171202	11	85359011	85367591
ENSG00000241935	10	99344080	99372559
ENSG00000100519	14	53173890	53195305
ENSG00000121351	12	21507893	21532912
ENSG00000268965	17	76422409	76422834
ENSG00000011132	19	3750817	3761697
ENSG00000268470	17	76494911	76499138
ENSG00000142634	1	15736391	15756839
ENSG00000163875	1	37958176	37980375
ENSG00000136868	9	115983808	116028674
ENSG00000166619	20	36120874	36156333
ENSG00000134184	1	110230436	110251661
ENSG00000196344	4	100333418	100356894
ENSG00000188130	22	50683879	50700254
ENSG00000156050	14	74398204	74417117
ENSG00000176386	9	116018115	116037869
ENSG00000063322	19	39881943	39891277
ENSG00000151131	12	105380088	105443515
ENSG00000137504	11	85370752	85393951
ENSG00000161013	5	179224597	179233952
ENSG00000213401	X	151899293	151903184
ENSG00000258839	16	89978527	89987385
ENSG00000125505	19	54677107	54693733
ENSG00000146842	7	129804555	129847610
ENSG00000043039	11	129245835	129322171
ENSG00000064726	15	83685174	83736106
ENSG00000185652	12	5541278	5630702
ENSG00000136875	9	116037623	116055185
ENSG00000180938	8	125985540	125991631
ENSG00000121350	12	21590549	21623300
ENSG00000167191	16	19868616	19897489
ENSG00000128016	19	39897453	39900052
ENSG00000163877	1	38000050	38019903
ENSG00000162438	1	15764935	15775737
ENSG00000134201	1	110254864	110318050
ENSG00000138813	4	100432161	100463460
ENSG00000198211	16	89985573	90002500
ENSG00000053438	20	36149617	36152092
ENSG00000116586	1	156024543	156028301
ENSG00000163879	1	38022520	38032458
ENSG00000179071	11	85394893	85397320
ENSG00000108669	17	76670130	76778379
ENSG00000183617	19	3762662	3768573
ENSG00000204248	6	33130458	33160276
ENSG00000165188	9	116059373	116065656
ENSG00000198930	X	151903228	151909518
ENSG00000173976	19	3769087	3772233
ENSG00000140104	14	105452112	105476819
ENSG00000138036	2	44001178	44037149
ENSG00000047617	12	5641035	6055398
ENSG00000151715	11	129685714	129729898
ENSG00000103034	16	58496750	58547532
ENSG00000165917	11	47459308	47470730
ENSG00000104549	8	126010739	126034525
ENSG00000136404	15	83776159	83813606
ENSG00000136010	12	105413568	105478355
ENSG00000180767	3	126243126	126262134
ENSG00000134202	1	110276554	110284384
ENSG00000093167	3	37094117	37225180
ENSG00000226033	HSCHR6_MHC_MCF	32015399	32025671
ENSG00000118507	6	131456806	131604675
ENSG00000180697	3	126245842	126277808
ENSG00000148225	9	116075502	116102578
ENSG00000132698	1	156030951	156040295
ENSG00000258947	16	89987800	90005169
ENSG00000197763	3	126290622	126373998
ENSG00000119723	14	74416629	74430373
ENSG00000170892	19	54693789	54697585
ENSG00000184750	X	151918387	151922364
ENSG00000007264	19	3777971	3802127
ENSG00000112855	5	140071011	140078889
ENSG00000110799	12	6058040	6233936
ENSG00000040341	8	74332604	74659943
ENSG00000061273	12	48176505	48226915
ENSG00000118520	6	131894284	131905472
ENSG00000119411	9	116111821	116133513
ENSG00000254726	1	156041804	156051789
ENSG00000132792	20	36322408	36500531
ENSG00000179520	12	100750857	100815837
ENSG00000145331	4	100467866	100485189
ENSG00000119431	9	116135699	116139279
ENSG00000170322	11	129733531	129765485
ENSG00000198758	1	110292702	110306649
ENSG00000180269	16	20042807	20085239
ENSG00000272770	17	2586599	2588382
ENSG00000272911	17	2591767	2592254
ENSG00000262050	17	2615603	2616127
ENSG00000105996	7	27139721	27142430
ENSG00000261963	17	2627714	2652714
ENSG00000272920	17	2651372	2651476
ENSG00000221200	17	2651372	2651476
ENSG00000265566	17	2657126	2657430
ENSG00000262884	17	2865542	2869189
ENSG00000142163	17	3019717	3020660
ENSG00000148218	9	116148597	116163613
ENSG00000261848	17	3038263	3080325
ENSG00000268012	5	78523714	78523911
ENSG00000227746	HSCHR6_MHC_MCF	32058986	32079643
ENSG00000166503	15	83784320	83876770
ENSG00000152409	5	78532012	78623038
ENSG00000167705	17	1549444	1553371
ENSG00000048991	2	136289025	136482840
ENSG00000149187	11	47487496	47587121
ENSG00000134453	10	6130950	6159420
ENSG00000262085	17	3057183	3058176
ENSG00000232414	HSCHR6_MHC_DBB	31981894	31985266
ENSG00000255095	17	3143970	3144908
ENSG00000132821	20	36531499	36573752
ENSG00000262106	17	3168905	3169835
ENSG00000164961	8	126036502	126104082
ENSG00000164776	7	56148440	56160689
ENSG00000161011	5	179233388	179265078
ENSG00000169347	16	20320894	20339130
ENSG00000148229	9	116169515	116172952
ENSG00000094914	12	53701240	53718648
ENSG00000100918	14	24641062	24649463
ENSG00000134697	1	38032417	38061536
ENSG00000090924	19	39903225	39919054
ENSG00000004700	12	21621845	21654603
ENSG00000101407	20	36611409	36661870
ENSG00000176231	19	16059818	16060768
ENSG00000263169	HSCHR9_3_CTG35	90795584	90796324
ENSG00000157653	9	116172334	116191964
ENSG00000263283	HSCHR9_3_CTG35	90802650	90805117
ENSG00000198252	14	53196898	53241716
ENSG00000267368	7	102277472	102283238
ENSG00000146007	5	140078265	140086248
ENSG00000273326	HSCHR12_2_CTG2	10954131	10955226
ENSG00000100522	14	53241912	53258386
ENSG00000169594	15	83924655	83953466
ENSG00000221867	X	151934652	151938240
ENSG00000169218	1	38076951	38100595
ENSG00000170889	19	54704610	54752862
ENSG00000155252	10	99344131	99436191
ENSG00000105278	19	3804022	3869030
ENSG00000228049	7	102277474	102312076
ENSG00000184371	1	110452864	110473614
ENSG00000204970	5	140165876	140391929
ENSG00000167460	19	16177831	16213813
ENSG00000144357	2	170683968	170940641
ENSG00000012504	12	100867486	100958191
ENSG00000267645	7	102277496	102312088
ENSG00000272712	HSCHR12_2_CTG2	10958650	10959892
ENSG00000140600	15	84115980	84287495
ENSG00000105997	7	27145803	27192200
ENSG00000185386	22	50702142	50709196
ENSG00000273086	HSCHR12_2_CTG2	10961736	10962767
ENSG00000173678	7	102290772	102301847
ENSG00000116922	1	38147242	38157914
ENSG00000263247	HSCHR12_2_CTG2	10977559	11356160
ENSG00000138039	2	48859428	48982880
ENSG00000197576	7	27168126	27170418
ENSG00000138823	4	100484918	100545156
ENSG00000106004	7	27180671	27183287
ENSG00000170296	17	7143333	7146089
ENSG00000101413	20	36661948	36720768
ENSG00000170779	14	105475910	105487485
ENSG00000101901	X	110909043	111003877
ENSG00000106006	7	27185015	27190222
ENSG00000174231	17	1553923	1588176
ENSG00000249967	10	99344131	99433667
ENSG00000185627	11	236546	252983
ENSG00000165120	7	129847700	129856683
ENSG00000122592	7	27193335	27197555
ENSG00000203942	10	99349450	99350690
ENSG00000262670	17	3182069	3289633
ENSG00000180068	17	3213539	3214740
ENSG00000147400	X	151995517	151999321
ENSG00000272546	17	3214487	3215186
ENSG00000078399	7	27202054	27210117
ENSG00000073712	14	53323986	53419153
ENSG00000267129	17	3280821	3280896
ENSG00000137501	11	85405267	85522184
ENSG00000158516	7	129906667	129929638
ENSG00000171160	10	99374310	99393344
ENSG00000257184	7	27203154	27219632
ENSG00000222011	7	102389418	102449672
ENSG00000167461	19	16222439	16245044
ENSG00000169344	16	20344374	20367623
ENSG00000147383	X	151999511	152038273
ENSG00000272805	HSCHR12_2_CTG2	10977916	10978957
ENSG00000253293	7	27210210	27219880
ENSG00000204577	19	54720147	54746602
ENSG00000152413	5	78668459	78810040
ENSG00000273457	HSCHR12_2_CTG2	11060525	11062161
ENSG00000272803	HSCHR12_2_CTG2	11081835	11084940
ENSG00000168710	1	110527308	110566357
ENSG00000183484	14	105515728	105531782
ENSG00000261984	HSCHR12_2_CTG2	11090005	11356120
ENSG00000005073	7	27221129	27224842
ENSG00000231608	HSCHR6_MHC_DBB	31984751	32061164
ENSG00000174173	3	101280706	101285290
ENSG00000273431	HSCHR12_2_CTG2	11138512	11139511
ENSG00000156218	15	84322838	84708594
ENSG00000180042	17	3289224	3290132
ENSG00000262526	17	7143746	7147954
ENSG00000273092	HSCHR12_2_CTG2	11149094	11150474
ENSG00000106031	7	27233122	27239725
ENSG00000273404	HG1133_PATCH	10954131	10955226
ENSG00000263028	HSCHR12_2_CTG2	11174218	11175219
ENSG00000263338	17	3481249	3482147
ENSG00000206483	3	126290625	126327398
ENSG00000263097	HSCHR12_2_CTG2	11182986	11184006
ENSG00000273359	HG1133_PATCH	10958650	10959892
ENSG00000106153	7	56169262	56174269
ENSG00000261916	17	3505055	3505566
ENSG00000262248	17	3522550	3523207
ENSG00000119986	10	99437181	99447080
ENSG00000272930	HG1133_PATCH	10961736	10962767
ENSG00000106038	7	27282164	27290112
ENSG00000262903	17	3558915	3561386
ENSG00000196576	22	50713408	50746056
ENSG00000262525	HSCHR12_2_CTG2	11213964	11214893
ENSG00000205309	17	17206649	17250977
ENSG00000196684	19	16244838	16269386
ENSG00000262612	HSCHR12_2_CTG2	11243907	11244933
ENSG00000105193	19	39923847	39926588
ENSG00000226858	HSCHR6_MHC_COX	29636767	29645520
ENSG00000262111	HSCHR12_2_CTG2	11317505	11319191
ENSG00000272718	HSCHR12_2_CTG2	10983673	10984615
ENSG00000263040	HG1133_PATCH	10977559	11320498
ENSG00000127995	7	94138531	94186331
ENSG00000155254	10	99472930	99477907
ENSG00000138835	9	116207011	116360018
ENSG00000272751	HSCHR12_2_CTG2	11047542	11048481
ENSG00000273144	HSCHR12_2_CTG2	11117024	11117951
ENSG00000159685	3	126423063	126679249
ENSG00000263158	HSCHR12_2_CTG2	11200931	11201855
ENSG00000224838	5	59726565	59726939
ENSG00000010278	12	6308881	6347425
ENSG00000167654	19	3879862	3928077
ENSG00000240898	17	3568514	3568996
ENSG00000263083	HSCHR12_2_CTG2	11229368	11231770
ENSG00000035720	4	68424446	68473055
ENSG00000262692	17	3624922	3625782
ENSG00000262358	17	3632655	3633787
ENSG00000175826	17	7146910	7155810
ENSG00000262194	17	3705459	3706676
ENSG00000262758	17	3710042	3712148
ENSG00000263312	17	3880397	3885193
ENSG00000252456	17	3960050	3960170
ENSG00000141977	19	16272179	16284336
ENSG00000112282	6	131895106	131949369
ENSG00000238807	17	4017902	4018004
ENSG00000263165	17	4067204	4068007
ENSG00000251812	17	4089621	4089719
ENSG00000213619	11	47586888	47606114
ENSG00000207390	17	4096063	4096160
ENSG00000263219	17	4125386	4127123
ENSG00000261868	17	4204667	4205993
ENSG00000263882	17	4267463	4267748
ENSG00000262823	17	4385261	4389648
ENSG00000204969	5	140174444	140391929
ENSG00000170325	11	129769601	129872730
ENSG00000111711	12	21654715	21671342
ENSG00000105058	19	16296191	16302857
ENSG00000035499	5	59892739	59996017
ENSG00000143093	1	110574199	110617263
ENSG00000198959	20	36756863	36794980
ENSG00000128510	7	129932974	129964020
ENSG00000169340	16	20370492	20416059
ENSG00000010256	3	48636435	48648409
ENSG00000239665	10	13652047	13710299
ENSG00000081154	3	101292939	101313281
ENSG00000160789	1	156052364	156109880
ENSG00000110536	11	47586982	47595013
ENSG00000142615	1	15783223	15798586
ENSG00000033178	4	68478370	68566897
ENSG00000077009	19	3933101	3942414
ENSG00000235134	HSCHR6_MHC_MCF	32082523	32085891
ENSG00000141026	17	17380300	17396540
ENSG00000164329	5	78907943	78982471
ENSG00000262293	HSCHR12_2_CTG2	11249795	11249890
ENSG00000215704	1	15792404	15817895
ENSG00000147394	X	152082986	152142024
ENSG00000149633	20	36838890	36889174
ENSG00000123444	11	47593749	47600567
ENSG00000185290	7	56182374	56184093
ENSG00000140995	16	90014333	90034468
ENSG00000183549	16	20420856	20452658
ENSG00000156150	1	110602616	110613322
ENSG00000268427	22	50714103	50714350
ENSG00000170525	10	6186881	6277495
ENSG00000185177	7	57187321	57207571
ENSG00000072958	19	16308389	16346160
ENSG00000186150	1	110655062	110656569
ENSG00000229782	17	4400689	4402969
ENSG00000262921	17	4469047	4475055
ENSG00000182111	7	57509883	57533252
ENSG00000262519	17	4475501	4475810
ENSG00000259511	15	84841242	84850986
ENSG00000261863	17	4513744	4520945
ENSG00000222429	17	4523044	4523147
ENSG00000134690	1	38158090	38175391
ENSG00000230000	7	62809239	62812151
ENSG00000273279	HG1133_PATCH	10977916	10978957
ENSG00000268181	7	62858414	62858860
ENSG00000235085	17	4578674	4600126
ENSG00000205593	22	50747459	50765489
ENSG00000184916	14	105607318	105635161
ENSG00000273105	HG1133_PATCH	11060525	11062161
ENSG00000257482	7	63505821	63538927
ENSG00000197106	1	110693108	110744824
ENSG00000244184	17	4607525	4608824
ENSG00000273050	HG1133_PATCH	11081835	11084940
ENSG00000255408	5	140180783	140391929
ENSG00000213939	17	4608111	4608512
ENSG00000197123	7	63688852	63727309
ENSG00000196497	14	24649425	24658170
ENSG00000262103	HG1133_PATCH	11090005	11320458
ENSG00000261898	17	4635051	4635666
ENSG00000101425	20	36888551	36965907
ENSG00000262165	17	4704454	4710308
ENSG00000230201	17	4760052	4760669
ENSG00000167657	19	3958451	3971121
ENSG00000272952	HG1133_PATCH	11138512	11139511
ENSG00000234444	7	63767837	63815238
ENSG00000204967	5	140186659	140391929
ENSG00000272873	HG1133_PATCH	11149094	11150474
ENSG00000157657	9	116638562	116818871
ENSG00000262393	HG1133_PATCH	11174217	11175218
ENSG00000263599	17	4778921	4779205
ENSG00000264113	17	4786270	4786591
ENSG00000262429	17	4871290	4872117
ENSG00000109163	4	68605046	68620078
ENSG00000132906	1	15817327	15853029
ENSG00000262379	HG1133_PATCH	11183296	11184316
ENSG00000234203	17	4876146	4877976
ENSG00000163947	3	56761446	57113357
ENSG00000262889	HG1133_PATCH	11216134	11217063
ENSG00000262678	17	4889761	4890619
ENSG00000262908	HG1133_PATCH	11281895	11283582
ENSG00000258677	8	74600926	74791089
ENSG00000203562	17	4890302	4890972
ENSG00000204965	5	140201222	140391929
ENSG00000262227	17	4891001	4891741
ENSG00000174885	11	278365	285359
ENSG00000272868	HG1133_PATCH	10983673	10984615
ENSG00000227495	17	4922509	4923388
ENSG00000248713	4	100557686	100575805
ENSG00000108551	17	17397751	17399709
ENSG00000272590	HG1133_PATCH	11047542	11048481
ENSG00000262495	17	4963651	4965418
ENSG00000273191	HG1133_PATCH	11117024	11117951
ENSG00000262431	HG1133_PATCH	11201237	11202161
ENSG00000262324	HG1133_PATCH	11232340	11233269
ENSG00000116396	1	110753965	110825722
ENSG00000184206	15	84904525	84914120
ENSG00000262693	17	4978973	4981408
ENSG00000262233	HG1133_PATCH	11245762	11246691
ENSG00000070190	4	100737990	100791311
ENSG00000161040	7	102453308	102715286
ENSG00000103037	16	58549383	58554431
ENSG00000244482	19	54720737	54746649
ENSG00000234327	17	5014763	5017674
ENSG00000183317	1	38179552	38230805
ENSG00000161010	5	179261436	179289173
ENSG00000106927	9	116822407	116840752
ENSG00000261885	HG1133_PATCH	11307670	11308579
ENSG00000155256	10	99496878	99520664
ENSG00000081842	5	140207563	140391929
ENSG00000262042	HG1133_PATCH	11311985	11312049
ENSG00000263019	HG1133_PATCH	11314975	11320238
ENSG00000262396	HG1133_PATCH	11320249	11320450
ENSG00000008323	12	6419602	6437672
ENSG00000104343	8	74692332	74791145
ENSG00000187068	3	184795838	184870802
ENSG00000156831	8	126103921	126379362
ENSG00000204963	5	140213969	140391929
ENSG00000134548	12	21679241	21690311
ENSG00000114554	3	126707437	126756235
ENSG00000127528	19	16435628	16438685
ENSG00000183747	16	20462783	20498991
ENSG00000136883	9	116848406	116861507
ENSG00000206258	HSCHR6_MHC_MCF	32085376	32161818
ENSG00000162775	1	110881128	110889299
ENSG00000176371	15	85144217	85171027
ENSG00000204962	5	140220907	140391929
ENSG00000111713	12	21689123	21757781
ENSG00000185090	1	38259474	38266809
ENSG00000116138	1	15853308	15918874
ENSG00000113790	3	184908412	184999778
ENSG00000268485	2	242167319	242168850
ENSG00000109270	4	100799493	100815647
ENSG00000231880	11	47599277	47599823
ENSG00000262829	HSCHR12_2_CTG2	11267953	11268873
ENSG00000261936	HSCHR12_2_CTG2	11281388	11282317
ENSG00000204961	5	140227048	140391929
ENSG00000261853	HSCHR12_2_CTG2	11343332	11344241
ENSG00000066422	3	101367733	101396339
ENSG00000196666	11	47608198	47610746
ENSG00000263128	HSCHR12_2_CTG2	11347647	11347711
ENSG00000262531	HSCHR12_2_CTG2	11350637	11355900
ENSG00000262986	HSCHR12_2_CTG2	11355911	11356112
ENSG00000137403	HSCHR6_MHC_COX	29684537	29700280
ENSG00000173041	7	63980262	64023484
ENSG00000267981	11	129936836	129944012
ENSG00000172247	11	47611216	47616211
ENSG00000153802	4	68686594	68749750
ENSG00000250120	5	140235595	140391929
ENSG00000114391	3	101399935	101405626
ENSG00000129988	20	36974759	37005665
ENSG00000106049	7	27565061	27702614
ENSG00000262302	17	7150148	7165408
ENSG00000196235	19	39926796	39967310
ENSG00000173334	8	126442563	126450647
ENSG00000249034	5	140240341	140243224
ENSG00000116771	1	15898848	15911605
ENSG00000196247	7	64126511	64171404
ENSG00000127990	7	94214542	94285521
ENSG00000249158	5	140248689	140391929
ENSG00000109919	11	47638867	47664175
ENSG00000167658	19	3976054	3985467
ENSG00000196739	9	116917840	117074791
ENSG00000133027	17	17408877	17495022
ENSG00000259938	HG115_PATCH	101459219	101927238
ENSG00000197312	1	15943995	15995539
ENSG00000164031	4	100817405	100867883
ENSG00000168679	1	110905470	110933704
ENSG00000187054	4	68775103	68829858
ENSG00000100523	14	53510686	53620000
ENSG00000215695	1	15986364	15988217
ENSG00000262855	17	5030035	5030305
ENSG00000215504	11	85563600	85565986
ENSG00000111716	12	21788276	21910791
ENSG00000261879	17	5095379	5151364
ENSG00000168468	HSCHR6_MHC_DBB	32041705	32071805
ENSG00000177082	15	85185999	85197574
ENSG00000263164	17	5143803	5144838
ENSG00000263220	17	5267610	5274921
ENSG00000168672	8	127564687	127570638
ENSG00000263272	17	5328459	5336196
ENSG00000105229	19	4007644	4039384
ENSG00000170291	17	7154735	7163259
ENSG00000212993	8	128426535	128432311
ENSG00000154582	8	74851404	74884522
ENSG00000150676	11	85566144	85631064
ENSG00000183396	3	48658192	48659288
ENSG00000267824	16	20499024	20500981
ENSG00000136997	8	128747680	128753674
ENSG00000168610	17	40465342	40540586
ENSG00000055483	17	76783463	76837523
ENSG00000229314	9	117085336	117088755
ENSG00000134248	1	110943871	110950564
ENSG00000256655	8	128959126	128960591
ENSG00000105609	19	54754263	54761164
ENSG00000198092	4	68918916	68995598
ENSG00000187097	14	74424713	74486102
ENSG00000147697	8	130760442	130799134
ENSG00000197008	7	64254766	64294054
ENSG00000226894	4	69054242	69083798
ENSG00000084234	11	129939732	130014699
ENSG00000251664	5	140255058	140391929
ENSG00000142102	11	289135	296107
ENSG00000143125	1	110993822	110999976
ENSG00000127527	19	16466050	16582896
ENSG00000185873	4	69092371	69111438
ENSG00000158525	7	129984630	130008571
ENSG00000228278	9	117092149	117095532
ENSG00000164032	4	100869243	100871545
ENSG00000143105	1	111059839	111061797
ENSG00000100239	22	50781733	50883514
ENSG00000116786	1	16010827	16061264
ENSG00000144674	3	37284668	37408242
ENSG00000121361	12	21917889	21928515
ENSG00000182504	3	101442769	101489406
ENSG00000072315	X	111017543	111326004
ENSG00000239389	5	140261793	140391929
ENSG00000206013	11	298200	299526
ENSG00000066813	16	20547548	20587749
ENSG00000177301	1	111136202	111174096
ENSG00000185201	11	307631	315272
ENSG00000175606	8	74884672	74895018
ENSG00000168385	2	242254515	242293442
ENSG00000196260	6	30899130	30899952
ENSG00000177272	1	111214310	111217655
ENSG00000185885	11	313506	315272
ENSG00000248383	5	140306302	140391929
ENSG00000142089	11	319669	327537
ENSG00000143119	1	111415775	111442550
ENSG00000224200	HSCHR6_MHC_DBB	32072259	32073843
ENSG00000205147	19	4041127	4043154
ENSG00000108557	17	17584787	17714767
ENSG00000144224	2	136499189	136542625
ENSG00000170471	20	37101459	37207504
ENSG00000178951	19	4044362	4066943
ENSG00000165923	11	47681143	47736941
ENSG00000182272	11	369796	382116
ENSG00000214324	3	126911974	126917025
ENSG00000196189	1	156117157	156147543
ENSG00000225141	HSCHR6_MHC_DBB	32091910	32097926
ENSG00000071909	2	171034655	171511681
ENSG00000196449	1	38268616	38273857
ENSG00000121931	1	111489807	111506701
ENSG00000177946	16	90036206	90038942
ENSG00000069431	12	21950335	22094336
ENSG00000144815	3	101498046	101547073
ENSG00000197982	1	38272651	38275126
ENSG00000083896	4	69176105	69215807
ENSG00000126934	19	4090319	4124126
ENSG00000153310	8	130851839	131029375
ENSG00000003249	16	90071273	90086536
ENSG00000243232	5	140345820	140391936
ENSG00000073803	3	185000729	185206885
ENSG00000168631	6	30908749	30921998
ENSG00000106948	9	117096436	117156685
ENSG00000188786	1	38275239	38325292
ENSG00000128606	7	102553438	102585396
ENSG00000197696	15	85198360	85201794
ENSG00000204544	6	30951495	30957680
ENSG00000225697	3	48663156	48672926
ENSG00000230610	1	38292232	38293886
ENSG00000245317	5	179286013	179288283
ENSG00000163870	3	127291912	127317094
ENSG00000184363	11	392614	404908
ENSG00000156171	1	111659955	111682838
ENSG00000187823	X	111697727	111700473
ENSG00000261272	6	30978251	31003179
ENSG00000136051	12	105501102	105562912
ENSG00000204542	6	31079000	31080336
ENSG00000100241	22	50883429	50913454
ENSG00000182508	X	111873876	111923375
ENSG00000242265	7	94285637	94299007
ENSG00000073921	11	85668727	85780924
ENSG00000145358	4	101107027	101111939
ENSG00000140612	15	85212775	85259947
ENSG00000185561	17	1611064	1613732
ENSG00000204540	6	31082527	31107869
ENSG00000154589	8	74903587	74941322
ENSG00000262099	17	5372412	5373680
ENSG00000253071	17	5417529	5417590
ENSG00000262961	17	5633609	5634405
ENSG00000005187	16	20621565	20808903
ENSG00000228116	HSCHR6_MHC_DBB	32096994	32101885
ENSG00000262231	17	6092681	6093861
ENSG00000206618	17	6110483	6110589
ENSG00000262609	17	6225733	6226548
ENSG00000262818	17	6321005	6321584
ENSG00000131042	19	54777675	54785039
ENSG00000170632	7	102715328	102740205
ENSG00000200914	17	6504264	6504371
ENSG00000256806	17	6555059	6556617
ENSG00000183828	14	105639275	105647660
ENSG00000138075	2	44039611	44066004
ENSG00000182035	20	37209838	37217106
ENSG00000164035	4	101316498	101801283
ENSG00000197226	5	179289066	179334859
ENSG00000106052	7	27778950	27884183
ENSG00000204084	1	38326369	38412729
ENSG00000164181	5	60047618	60140216
ENSG00000268069	12	48178706	48179787
ENSG00000124143	20	37230577	37279678
ENSG00000171815	5	140430979	140433512
ENSG00000164309	5	78985700	79096063
ENSG00000141013	16	90086037	90111383
ENSG00000112852	5	140474227	140476962
ENSG00000126016	X	112017731	112084043
ENSG00000134255	1	111682249	111727724
ENSG00000095397	9	117164360	117267730
ENSG00000101438	20	37353105	37358015
ENSG00000113205	5	140480234	140483406
ENSG00000181885	17	7163222	7167302
ENSG00000198039	7	64330550	64391344
ENSG00000261996	17	6556783	6558328
ENSG00000160785	1	156163880	156182587
ENSG00000264468	17	6558759	6558828
