ENSG00000201816	18	53746625	53746825
ENSG00000228243	9	45949232	45949823
ENSG00000213742	20	25604681	25658710
ENSG00000269946	9	96928571	96962909
ENSG00000256222	20	55933496	55934878
ENSG00000225812	9	46042425	46042722
ENSG00000252617	9	46042781	46042875
ENSG00000267712	18	53750587	53804767
ENSG00000264967	9	46048172	46048453
ENSG00000235938	9	46113699	46114039
ENSG00000242236	20	25635232	25635517
ENSG00000228617	9	46117172	46117907
ENSG00000236542	20	25650493	25651022
ENSG00000226129	9	46117312	46117651
ENSG00000230772	20	25714900	25715729
ENSG00000234725	9	46121006	46121348
ENSG00000226465	20	25731854	25733397
ENSG00000238413	9	46141564	46141675
ENSG00000199165	9	96938234	96938325
ENSG00000227490	9	46169973	46170336
ENSG00000267732	18	53805843	53810452
ENSG00000250090	20	25816621	25817468
ENSG00000225353	9	46270841	46274928
ENSG00000206865	18	54420457	54420557
ENSG00000199072	9	96938629	96938715
ENSG00000228593	20	25900135	25900317
ENSG00000267146	18	54539899	54541201
ENSG00000269929	9	96938740	96940174
ENSG00000224937	9	46334292	46334508
ENSG00000226203	20	25936448	25949924
ENSG00000231481	9	46359242	46380257
ENSG00000230262	9	96938884	96966850
ENSG00000212539	18	54624501	54624699
ENSG00000231081	20	25989427	25991167
ENSG00000239090	9	46362605	46362716
ENSG00000267225	18	54695063	54706076
ENSG00000226546	9	46382965	46383307
ENSG00000258609	18	54721813	54739350
ENSG00000204556	20	25999468	26001320
ENSG00000132819	20	55966463	55984389
ENSG00000204813	9	46387012	46387222
ENSG00000107099	9	214854	465259
ENSG00000267789	18	54803553	54814229
ENSG00000224615	9	46390070	46390277
ENSG00000119522	9	126141933	126692431
ENSG00000267726	18	54836846	54838425
ENSG00000231995	9	46577620	46578220
ENSG00000202240	18	54951833	54951939
ENSG00000199133	9	96941116	96941202
ENSG00000266636	18	55103053	55103112
ENSG00000125804	20	26035291	26073683
ENSG00000231212	9	46661242	46662837
ENSG00000267040	18	55297534	55405276
ENSG00000236450	9	46669135	46669441
ENSG00000252133	9	46669492	46669586
ENSG00000238792	9	96995760	96995863
ENSG00000263901	9	46674882	46675163
ENSG00000252723	9	97007971	97008041
ENSG00000240108	20	26084052	26094664
ENSG00000237679	9	97049981	97050832
ENSG00000141449	18	18822203	19105378
ENSG00000204802	9	46685429	46688137
ENSG00000232063	9	97094758	97123230
ENSG00000230440	20	26113523	26114834
ENSG00000259360	15	47689698	47691751
ENSG00000259740	15	47817366	47819953
ENSG00000224815	9	97100629	97101015
ENSG00000221202	15	47844672	47844768
ENSG00000259588	15	47896077	47898549
ENSG00000224245	9	97258557	97275161
ENSG00000213862	15	48022341	48023132
ENSG00000227449	9	46687462	46746500
ENSG00000259572	15	48095581	48138433
ENSG00000233651	9	46698472	46705305
ENSG00000259754	15	48176507	48341309
ENSG00000226429	9	46706671	46706979
ENSG00000259730	15	48236241	48241706
ENSG00000224603	9	46755557	46755935
ENSG00000266143	15	48454002	48454100
ENSG00000204801	9	46786249	46787634
ENSG00000259235	15	48481234	48483888
ENSG00000227195	20	26167556	26232162
ENSG00000232827	9	46826492	46833319
ENSG00000259385	15	48484388	48493881
ENSG00000166265	21	27838528	27945603
ENSG00000226007	9	46843638	46846025
ENSG00000196074	20	58438618	58508710
ENSG00000202445	9	97270020	97270126
ENSG00000231806	9	97317351	97330409
ENSG00000140287	15	50534144	50558223
ENSG00000212951	9	46842616	46844326
ENSG00000252153	9	97572244	97572339
ENSG00000230815	9	97586554	97587055
ENSG00000234217	9	46912527	46913973
ENSG00000236095	9	97662711	97667036
ENSG00000224764	9	97690833	97697228
ENSG00000236825	9	46918098	46919049
ENSG00000234451	9	46921026	46922100
ENSG00000241571	9	46998213	46999491
ENSG00000234276	9	47001334	47001835
ENSG00000132958	13	19997017	20110903
ENSG00000235256	9	47021337	47022699
ENSG00000237132	9	47249606	47264801
ENSG00000238129	20	26171625	26174582
ENSG00000204555	20	29449474	29449652
ENSG00000205611	20	29513582	29521213
ENSG00000203372	9	65467783	65469026
ENSG00000225490	20	29521637	29522987
ENSG00000140455	15	63796793	63886839
ENSG00000229746	9	65487273	65494248
ENSG00000200325	20	29543691	29543802
ENSG00000184828	18	45553044	45937123
ENSG00000273102	21	35339403	35340874
ENSG00000235496	9	65496525	65496924
ENSG00000231934	20	29558488	29596406
ENSG00000272657	21	35445892	35732332
ENSG00000221319	20	29637162	29637300
ENSG00000207563	9	97847490	97847586
ENSG00000224598	21	35507732	35508371
ENSG00000238151	20	29637799	29638060
ENSG00000207864	9	97847727	97847823
ENSG00000154734	21	28208066	28217728
ENSG00000215546	20	29861973	29862670
ENSG00000207617	9	97848296	97848376
ENSG00000267787	18	55306687	55405276
ENSG00000224628	20	29873120	29874638
ENSG00000229065	9	97875990	97876743
ENSG00000237792	9	65585692	65661972
ENSG00000202159	18	55422626	55422732
ENSG00000237929	20	29899106	29899765
ENSG00000227456	21	35552978	35562220
ENSG00000231544	18	55505708	55506198
ENSG00000236121	20	29929174	29932274
ENSG00000252649	20	29944673	29944781
ENSG00000212717	20	29948578	29948733
ENSG00000267209	18	55628463	55631666
ENSG00000212134	20	29964122	29964249
ENSG00000204547	20	30009239	30016983
ENSG00000265200	18	55684016	55684116
ENSG00000106689	9	126763949	126795580
ENSG00000235028	18	55686021	55686293
ENSG00000267743	18	55857066	55862928
ENSG00000233354	20	30073581	30075377
ENSG00000231379	9	65696702	65725786
ENSG00000259455	15	23405069	23414193
ENSG00000267504	18	56038798	56039898
ENSG00000223849	9	97885803	97886150
ENSG00000101898	20	30135307	30135852
ENSG00000267396	18	56065895	56067314
ENSG00000251884	9	97904731	97904823
ENSG00000235313	20	30150969	30151879
ENSG00000238746	9	97934777	97934880
ENSG00000233022	9	65880533	65883885
ENSG00000267675	18	56083997	56084860
ENSG00000230221	9	98054620	98057092
ENSG00000230613	20	30155510	30161066
ENSG00000201770	20	30168892	30168995
ENSG00000271384	9	98169272	98169944
ENSG00000267391	18	56113507	56116856
ENSG00000237086	9	65973177	65974604
ENSG00000264395	20	30194989	30195043
ENSG00000213761	9	98175549	98175731
ENSG00000207778	18	56118306	56118390
ENSG00000236559	20	30274019	30304628
ENSG00000237191	9	65978720	65979683
ENSG00000237857	9	98177116	98189078
ENSG00000230801	20	30396306	30396552
ENSG00000252330	18	56133495	56133559
ENSG00000267257	18	56202647	56205784
ENSG00000199497	20	30489057	30489229
ENSG00000271314	9	98257206	98257661
ENSG00000243382	9	66058843	66060121
ENSG00000252623	20	30596154	30596275
ENSG00000226239	20	30615556	30619378
ENSG00000223449	9	66061968	66062463
ENSG00000267579	18	56224302	56233909
ENSG00000212571	20	30638391	30638508
ENSG00000242301	9	66081972	66083332
ENSG00000252284	18	56267863	56267930
ENSG00000265736	20	30706457	30706554
ENSG00000224452	20	30758193	30758593
ENSG00000239659	18	56298491	56299352
ENSG00000237869	9	66342521	66343121
ENSG00000154736	21	28290231	28338832
ENSG00000261739	15	23599895	23612378
ENSG00000233414	9	66345261	66346161
ENSG00000267226	18	56337712	56339109
ENSG00000271155	9	98268517	98269918
ENSG00000235217	20	30774280	30778330
ENSG00000233171	9	66358548	66359282
ENSG00000267476	18	56339845	56419962
ENSG00000266946	18	56357588	56359385
ENSG00000221667	20	30825598	30825650
ENSG00000235327	9	66366966	66367990
ENSG00000196199	13	20207788	20247599
ENSG00000264308	20	30865503	30865591
ENSG00000267010	18	56419380	56421709
ENSG00000236772	20	31037558	31041410
ENSG00000234430	9	66394412	66395279
ENSG00000233293	20	31148895	31161690
ENSG00000231825	HSCHR6_MHC_SSTO	31578395	31595492
ENSG00000228156	20	31169765	31181702
ENSG00000235003	9	66396886	66397113
ENSG00000271659	9	98276327	98276802
ENSG00000238113	9	66457285	66469310
ENSG00000229345	9	98361827	98368568
ENSG00000198547	20	31219428	31261743
ENSG00000178997	15	41474923	41522941
ENSG00000214955	21	35577356	35697334
ENSG00000266007	21	35677430	35677493
ENSG00000202474	9	66458144	66458262
ENSG00000225555	21	35743101	35747647
ENSG00000175730	20	31276723	31278816
ENSG00000203438	9	66473375	66473673
ENSG00000273104	21	35784498	35784885
ENSG00000272958	21	35797806	35798315
ENSG00000229422	9	66493572	66494196
ENSG00000260536	20	31430934	31442063
ENSG00000221398	21	35828408	35828535
ENSG00000184523	9	66499743	66499994
ENSG00000260257	20	31444848	31446557
ENSG00000230978	21	36096105	36109478
ENSG00000237451	9	66500642	66501008
ENSG00000214245	20	31635323	31635958
ENSG00000228142	9	98412436	98478000
ENSG00000263856	20	31645394	31645476
ENSG00000238245	9	66513032	66514308
ENSG00000234380	21	36118054	36157183
ENSG00000237662	20	31775197	31776098
ENSG00000156239	21	30244513	30257693
ENSG00000234703	21	36508935	36511519
ENSG00000183566	20	31781391	31798268
ENSG00000223671	21	36844393	36844730
ENSG00000234665	9	66513488	66553911
ENSG00000230903	15	83041000	83125316
ENSG00000231300	21	36972030	36972320
ENSG00000227358	9	98415194	98415548
ENSG00000230794	21	37085437	37105240
ENSG00000259310	15	83087381	83102960
ENSG00000211590	21	37093013	37093106
ENSG00000224876	20	31802726	31804873
ENSG00000229761	21	37097045	37097398
ENSG00000233106	20	31860068	31860463
ENSG00000205271	15	83128128	83145983
ENSG00000234008	21	37259365	37260724
ENSG00000227582	9	66516697	66520781
ENSG00000233146	20	31904675	31917775
ENSG00000219693	9	66544359	66545745
ENSG00000125997	20	31935526	31942250
ENSG00000264923	20	32046605	32046854
ENSG00000272521	20	32244893	32245415
ENSG00000170161	9	66553273	66555928
ENSG00000271803	20	32262323	32263186
ENSG00000229188	20	32316737	32319634
ENSG00000230837	20	32339973	32340349
ENSG00000227318	9	66664325	66665950
ENSG00000230753	20	32375179	32398903
ENSG00000196547	15	91445448	91465814
ENSG00000259472	15	83141718	83182928
ENSG00000228991	9	66693277	66721073
ENSG00000214200	20	32500129	32501142
ENSG00000206946	9	66712628	66712734
ENSG00000230857	9	66720898	66759372
ENSG00000107104	9	470291	746105
ENSG00000228958	20	32552968	32553382
ENSG00000175611	9	98521513	98638259
ENSG00000121390	13	20248896	20357142
ENSG00000270092	9	66836662	66836791
ENSG00000221517	15	83145848	83145931
ENSG00000243464	15	83146764	83147043
ENSG00000238638	9	66858537	66858612
ENSG00000228265	20	32570858	32582163
ENSG00000264898	9	66861461	66861543
ENSG00000244081	9	66930569	66930965
ENSG00000235355	9	66951142	66951845
ENSG00000254374	15	83188579	83195251
ENSG00000234320	9	66954107	66954749
ENSG00000228386	20	32602775	32605555
ENSG00000174450	15	23684645	23692381
ENSG00000268960	18	45778672	45779208
ENSG00000198312	9	66960613	66964189
ENSG00000264616	20	32636925	32636996
ENSG00000229472	20	32668955	32669754
ENSG00000225246	20	32710276	32711096
ENSG00000259637	15	83200404	83202890
ENSG00000182021	9	67017400	67032072
ENSG00000259462	15	83316521	83361572
ENSG00000214185	20	32801301	32803698
ENSG00000250917	20	32822646	32868979
ENSG00000259707	15	83360475	83361110
ENSG00000236456	20	32833759	32834343
ENSG00000231106	21	37377636	37380136
ENSG00000228141	15	83379223	83382778
ENSG00000252847	9	98622186	98622298
ENSG00000272945	20	32869438	32874272
ENSG00000176115	9	67032331	67048373
ENSG00000199202	9	98667287	98667423
ENSG00000214914	21	37388377	37388844
ENSG00000234087	20	32935477	32935591
ENSG00000237631	9	98680418	98680986
ENSG00000201498	20	32971971	32972071
ENSG00000189089	21	37422512	37423675
ENSG00000225194	9	98782014	98790247
ENSG00000234933	20	32989955	32990502
ENSG00000259315	15	83394625	83407656
ENSG00000265285	9	67094933	67094999
ENSG00000236677	21	37432730	37436706
ENSG00000265601	9	67225386	67225452
ENSG00000236388	20	33029397	33029830
ENSG00000200213	21	37438843	37438950
ENSG00000269591	13	20268547	20269240
ENSG00000231795	20	33038735	33042357
ENSG00000237212	9	98857493	98864194
ENSG00000266697	15	83395302	83395385
ENSG00000230212	21	37441940	37498938
ENSG00000259442	15	83412975	83419041
ENSG00000207997	20	33054130	33054223
ENSG00000186466	9	67272038	67289492
ENSG00000225426	HSCHR6_MHC_MANN	29496774	29500922
ENSG00000181741	20	33063729	33064279
ENSG00000236119	21	37455157	37462712
ENSG00000119408	9	127019885	127115586
ENSG00000233393	21	37477179	37481988
ENSG00000206582	20	33114315	33114411
ENSG00000231034	20	33276492	33276782
ENSG00000250988	15	83419316	83425958
ENSG00000226054	21	37502669	37504208
ENSG00000237811	HSCHR6_MHC_MANN	29505058	29506141
ENSG00000201938	9	98865361	98865456
ENSG00000225336	20	33421378	33422265
ENSG00000233317	HSCHR6_MHC_SSTO	32765194	32766025
ENSG00000223441	HSCHR6_MHC_MANN	29520600	29521547
ENSG00000228522	9	67285298	67298632
ENSG00000207635	20	33578179	33578300
ENSG00000232343	HSCHR6_MHC_SSTO	32776588	32777418
ENSG00000225034	HSCHR6_MHC_MANN	29541315	29542242
ENSG00000202150	20	33618120	33618223
ENSG00000201151	20	33704939	33705010
ENSG00000200301	20	33783109	33783226
ENSG00000237238	9	67327775	67334983
ENSG00000224241	HSCHR6_MHC_MANN	29544866	29545155
ENSG00000269202	20	33789550	33791091
ENSG00000252690	15	83421636	83425960
ENSG00000264888	20	33802392	33802492
ENSG00000234968	HSCHR6_MHC_SSTO	32789345	32790282
ENSG00000259805	15	83594636	83772195
ENSG00000265663	HSCHR6_MHC_MANN	29549656	29549739
ENSG00000137090	9	841690	969090
ENSG00000260608	15	83681413	83730597
ENSG00000264770	HSCHR6_MHC_SSTO	32808498	32808565
ENSG00000224146	HSCHR6_MHC_MANN	29549915	29550432
ENSG00000223408	9	67579807	67583159
ENSG00000104064	15	50569389	50647605
ENSG00000179455	15	23810454	23873064
ENSG00000249214	15	83684154	83684448
ENSG00000224546	9	98908289	98910138
ENSG00000199432	9	67764522	67764633
ENSG00000259767	15	83690988	83693088
ENSG00000228130	HSCHR6_MHC_MANN	29603405	29603688
ENSG00000260351	15	83691323	83759534
ENSG00000265367	9	98998105	98998204
ENSG00000170217	9	67785634	67786684
ENSG00000134030	18	46065417	46389588
ENSG00000232283	9	99008744	99012675
ENSG00000233140	HSCHR6_MHC_SSTO	32901778	32904187
ENSG00000259308	15	83713120	83713523
ENSG00000126005	20	33804265	33865934
ENSG00000207276	9	99018498	99018601
ENSG00000226303	HSCHR6_MHC_MANN	29675447	29675869
ENSG00000229198	9	67789326	67789530
ENSG00000238251	9	99169566	99170079
ENSG00000263643	15	83736087	83736167
ENSG00000229573	HSCHR6_MHC_MANN	29687866	29688856
ENSG00000233172	9	67789674	67789866
ENSG00000260579	15	83782369	83783318
ENSG00000236233	9	67792167	67794649
ENSG00000259986	15	83847934	84108197
ENSG00000240165	9	67858947	67859228
ENSG00000236830	21	37504065	37528615
ENSG00000252878	9	67864533	67864627
ENSG00000226378	HSCHR6_MHC_MANN	29691488	29713937
ENSG00000223180	15	84284938	84285010
ENSG00000223983	9	67864636	67864981
ENSG00000212374	15	84386179	84386274
ENSG00000064218	9	976964	991731
ENSG00000261665	15	84408536	84408951
ENSG00000238397	9	67937393	67937499
ENSG00000229230	20	33805812	33805988
ENSG00000233555	9	68176988	68177568
ENSG00000200444	15	84493615	84493705
ENSG00000221484	15	84657985	84658097
ENSG00000261582	20	33855688	33867846
ENSG00000234042	9	68298799	68299489
ENSG00000259609	15	84721865	84748849
ENSG00000268951	9	68315598	68316175
ENSG00000132950	13	20397622	20437776
ENSG00000242039	HSCHR6_MHC_MANN	29691556	29692026
ENSG00000235214	20	33873054	33873559
ENSG00000128322	22	23915312	23922495
ENSG00000224267	9	68324611	68340644
ENSG00000221763	20	34041776	34041919
ENSG00000250154	HSCHR6_MHC_MANN	29706617	29713857
ENSG00000198862	21	30300466	30365270
ENSG00000225360	9	68325436	68325907
ENSG00000230155	20	34064028	34078808
ENSG00000259404	15	84748920	84795356
ENSG00000228656	9	68357280	68358558
ENSG00000224848	9	99449338	99483403
ENSG00000226020	9	68370604	68370975
ENSG00000254585	15	23888691	23891175
ENSG00000268340	20	34106682	34107108
ENSG00000233820	9	99488172	99489751
ENSG00000239684	9	68371626	68371877
ENSG00000228900	HSCHR6_MHC_MANN	29713177	29713401
ENSG00000269907	9	99672358	99672687
ENSG00000225411	9	68397878	68409893
ENSG00000259694	15	84839930	84841946
ENSG00000264495	HSCHR6_MHC_MANN	29715258	29715359
ENSG00000227257	9	99681210	99681600
ENSG00000207277	9	68408924	68409041
ENSG00000182636	15	23930565	23932450
ENSG00000233023	HSCHR6_MHC_MANN	29715614	29716034
ENSG00000232815	9	68413482	68414196
ENSG00000259726	15	84855504	84866136
ENSG00000242507	20	34108569	34117481
ENSG00000266017	9	68415308	68415388
ENSG00000132801	20	44486256	44507761
ENSG00000215548	9	68427861	68455375
ENSG00000224736	HSCHR6_MHC_MANN	29755659	29762533
ENSG00000136930	9	127115745	127177723
ENSG00000261328	HG686_PATCH	95663313	95664408
ENSG00000266622	HG962_PATCH	70843567	70844228
ENSG00000263754	9	68512346	68512422
ENSG00000263614	9	68513105	68513187
ENSG00000260667	HG686_PATCH	95664737	95665349
ENSG00000185823	15	24920541	24928593
ENSG00000236745	9	99717102	99717743
ENSG00000229789	9	68726629	68745997
ENSG00000224497	20	34132175	34132492
ENSG00000265586	HG962_PATCH	70921453	70945369
ENSG00000173253	9	1050354	1057552
ENSG00000197214	9	99830031	99830910
ENSG00000226379	HSCHR6_MHC_MANN	29755838	29757872
ENSG00000168612	20	44509866	44513905
ENSG00000204794	9	68741234	68809906
ENSG00000228376	9	99837953	99844227
ENSG00000124092	20	56071035	56100708
ENSG00000260875	HG686_PATCH	95676179	95676578
ENSG00000267705	18	56419411	56421130
ENSG00000261134	HSCHR6_MHC_MANN	29765137	29767145
ENSG00000187446	15	41523037	41574043
ENSG00000261921	HG325_PATCH	50355222	50360338
ENSG00000260384	HG989_PATCH	31882412	31907525
ENSG00000267501	18	56422091	56425074
ENSG00000265923	HG962_PATCH	70970105	70972768
ENSG00000149634	20	44515128	44516274
ENSG00000266021	9	68997409	68997484
ENSG00000265229	18	56470253	56470561
ENSG00000233465	HSCHR6_MHC_MANN	29767917	29768713
ENSG00000238919	9	69001999	69002081
ENSG00000201598	18	56472500	56472606
ENSG00000239070	9	69002239	69002321
ENSG00000267593	18	56481112	56501596
ENSG00000229461	HSCHR6_MHC_MANN	29777286	29777417
ENSG00000233961	9	69065655	69084989
ENSG00000261006	HG989_PATCH	31960438	31961608
ENSG00000265220	HG962_PATCH	71010609	71021416
ENSG00000224801	HSCHR6_MHC_MANN	29792094	29793073
ENSG00000199713	18	56486115	56486248
ENSG00000263147	HG989_PATCH	31970424	31970530
ENSG00000124257	20	44517264	44519926
ENSG00000251870	18	56593429	56593528
ENSG00000235498	HSCHR6_MHC_MANN	29816712	29816840
ENSG00000231197	HSCHR6_MHC_MANN	29845969	29846931
ENSG00000225151	15	84867600	84898888
ENSG00000223463	HSCHR6_MHC_MANN	29846427	29849143
ENSG00000260386	HG989_PATCH	31972932	32013732
ENSG00000227558	9	69080240	69147854
ENSG00000224367	18	56663966	56736570
ENSG00000223939	HSCHR6_MHC_SSTO	32936831	32937507
ENSG00000228038	9	99855976	99856920
ENSG00000237689	22	17350368	17352016
ENSG00000226727	HSCHR6_MHC_MANN	29855211	29856342
ENSG00000213612	9	99883941	99884771
ENSG00000261887	HG1063_PATCH	102594406	102614364
ENSG00000225926	HSCHR6_MHC_MANN	29865100	29865466
ENSG00000159712	9	99918852	99983517
ENSG00000226940	HSCHR6_MHC_MANN	29866340	29867202
ENSG00000265961	HG989_PATCH	31976478	31976591
ENSG00000262789	HG1063_PATCH	102581752	102589223
ENSG00000260529	HG989_PATCH	31991282	31997092
ENSG00000226563	HSCHR6_MHC_MANN	29884570	29885560
ENSG00000231242	9	69082536	69108793
ENSG00000180264	9	127213423	127239379
ENSG00000232816	HSCHR6_MHC_MANN	29885046	29887819
ENSG00000260636	HG989_PATCH	32010891	32013616
ENSG00000215781	GL000195.1	43717	74342
ENSG00000252721	9	99955205	99955307
ENSG00000104147	15	41601466	41624819
ENSG00000189269	22	23950639	23974508
ENSG00000206668	GL000195.1	37434	37534
ENSG00000267215	18	56749156	56752213
ENSG00000237543	9	69146939	69149621
ENSG00000226354	HSCHR6_MHC_MANN	29890931	29891116
ENSG00000226109	HSCHR6_MHC_MANN	29898840	29899831
ENSG00000088340	20	34146507	34195484
ENSG00000267677	18	57027932	57053981
ENSG00000240907	9	69174213	69179458
ENSG00000230915	HSCHR6_MHC_MANN	29919578	29921543
ENSG00000267000	18	57126304	57132914
ENSG00000238551	9	69392612	69392718
ENSG00000267061	18	57230941	57235847
ENSG00000230745	HSCHR6_MHC_MANN	29933758	29935421
ENSG00000224185	9	69451764	69452598
ENSG00000242375	9	99957633	99959969
ENSG00000267269	18	57353052	57355632
ENSG00000229156	9	69475237	69475614
ENSG00000227647	HSCHR6_MHC_MANN	29938075	29941369
ENSG00000267774	18	57363691	57364644
ENSG00000224106	9	69477881	69478916
ENSG00000224362	HSCHR6_MHC_MANN	29956158	29956554
ENSG00000228498	HSCHR6_MHC_SSTO	32954063	32954137
ENSG00000221471	18	57416909	57416989
ENSG00000188801	9	99959537	99961910
ENSG00000231745	HSCHR6_MHC_MANN	29957386	29958263
ENSG00000224161	18	57428790	57429137
ENSG00000264830	HSCHR6_MHC_SSTO	32994589	32994683
ENSG00000224762	9	69485458	69486244
ENSG00000225788	HSCHR6_MHC_SSTO	33027990	33028504
ENSG00000267486	18	57445804	57446221
ENSG00000235832	9	69498582	69499487
ENSG00000224098	HSCHR6_MHC_SSTO	33186874	33187283
ENSG00000267669	18	57488272	57492493
ENSG00000156253	21	30376705	30391699
ENSG00000235310	9	69501018	69502204
ENSG00000262860	HSCHR19_1_CTG3_1	34663352	34720227
ENSG00000236898	HSCHR6_MHC_SSTO	33199176	33204718
ENSG00000136931	9	127243516	127269709
ENSG00000267066	18	57596458	57597562
ENSG00000264681	9	69587378	69587444
ENSG00000267497	18	57636670	57638628
ENSG00000181997	9	69633978	69650004
ENSG00000226513	HSCHR6_MHC_SSTO	33211191	33214727
ENSG00000239398	18	57640146	57640437
ENSG00000256704	18	57677224	57678375
ENSG00000235394	HSCHR6_MHC_MANN	29963964	30024617
ENSG00000225883	9	69718152	69721729
ENSG00000101665	18	46446223	46477081
ENSG00000196227	20	58508819	58523735
ENSG00000267462	18	57677513	57681490
ENSG00000168379	HSCHR6_MHC_SSTO	33219848	33236168
ENSG00000267742	18	57684010	57684673
ENSG00000132670	20	2844830	3019722
ENSG00000235932	9	69749821	69750173
ENSG00000252555	18	57685857	57685963
ENSG00000203279	9	99962757	100000982
ENSG00000267686	18	57792265	57828428
ENSG00000156755	9	69777099	69777953
ENSG00000242060	18	57816808	57817597
ENSG00000239028	9	69821760	69821841
ENSG00000202468	18	57830800	57830940
ENSG00000235494	9	99995483	99997296
ENSG00000271225	9	69823283	69823847
ENSG00000267620	18	57863788	57865405
ENSG00000267401	18	57961384	57968351
ENSG00000267400	18	58163101	58163569
ENSG00000197550	9	69830288	69848759
ENSG00000266915	18	58187074	58187398
ENSG00000225086	HSCHR6_MHC_MANN	29969075	29970070
ENSG00000262485	HG325_PATCH	50357459	50365683
ENSG00000132825	20	58511894	58515352
ENSG00000236227	HSCHR6_MHC_MCF	32969905	32980956
ENSG00000267687	18	58192849	58193389
ENSG00000227401	20	34176246	34176529
ENSG00000253011	18	58222376	58222457
ENSG00000222460	20	34231065	34231384
ENSG00000223602	9	69891208	69901481
ENSG00000252549	20	34235250	34235352
ENSG00000267382	18	58279006	58321856
ENSG00000238549	20	34304393	34304492
ENSG00000223439	HSCHR6_MHC_MANN	29969537	29972910
ENSG00000225357	20	34340736	34341641
ENSG00000206804	9	69892787	69892893
ENSG00000223447	HSCHR6_MHC_SSTO	33238300	33238426
ENSG00000222152	20	34357707	34357789
ENSG00000128739	15	25068794	25223870
ENSG00000234274	20	34438596	34438837
ENSG00000224599	9	70083601	70087216
ENSG00000199676	20	34441174	34441286
ENSG00000267098	18	58297400	58569959
ENSG00000219608	20	34466398	34466655
ENSG00000254876	9	100000731	100059596
ENSG00000259488	15	48604550	48624053
ENSG00000267153	18	58330348	58331602
ENSG00000201221	20	34475581	34475723
ENSG00000224108	HSCHR6_MHC_MANN	29994686	29995976
ENSG00000236252	9	70113593	70124467
ENSG00000202542	15	48617755	48617868
ENSG00000267513	18	58461841	58462149
ENSG00000207053	20	34516492	34516597
ENSG00000259705	15	48938148	48944213
ENSG00000267085	9	70116128	70116383
ENSG00000206769	18	59058828	59058936
ENSG00000243256	18	59072091	59072438
ENSG00000259216	15	49017535	49018024
ENSG00000204780	9	70143769	70144432
ENSG00000260032	20	34633544	34638882
ENSG00000259469	15	49021277	49022041
ENSG00000267316	18	59238575	59246689
ENSG00000204778	9	70181520	70216621
ENSG00000260130	HG19_PATCH	1993155	2113475
ENSG00000259670	15	49075387	49076318
ENSG00000259700	15	49102898	49103785
ENSG00000267279	18	59252979	59274149
ENSG00000148200	9	127279554	127533589
ENSG00000235883	15	49170346	49170937
ENSG00000231701	9	70334349	70337925
ENSG00000259602	15	49230433	49240228
ENSG00000234139	20	34660363	34673182
ENSG00000267175	18	59259608	59416065
ENSG00000259500	15	49264000	49265558
ENSG00000231470	20	34663940	34664523
ENSG00000235893	9	70348573	70349113
ENSG00000237904	9	70366921	70367319
ENSG00000237063	20	34674174	34676114
ENSG00000207105	15	49288109	49288219
ENSG00000265942	15	49334540	49334840
ENSG00000239089	20	34708884	34708994
ENSG00000204776	9	70394238	70395090
ENSG00000259656	15	49393988	49395461
ENSG00000232406	20	34736648	34743682
ENSG00000228122	22	17357108	17357311
ENSG00000200120	15	49429959	49430060
ENSG00000233765	9	70662044	70663084
ENSG00000237358	22	17357442	17357792
ENSG00000259467	15	49448526	49449044
ENSG00000264210	15	49461267	49461350
ENSG00000225480	22	17378335	17378436
ENSG00000223780	9	70727365	70734146
ENSG00000259545	15	49469807	49470938
ENSG00000232907	20	35136563	35201794
ENSG00000230481	22	17385109	17385586
ENSG00000243338	15	49491099	49491391
ENSG00000253691	22	17395125	17395871
ENSG00000226904	9	70843567	70844228
ENSG00000259531	15	49657321	49658882
ENSG00000262113	HSCHR19_1_CTG3_1	34794354	34794818
ENSG00000253460	22	17402333	17403063
ENSG00000234394	9	70921444	70945542
ENSG00000259716	20	35177530	35232932
ENSG00000261597	15	49944336	49948429
ENSG00000254264	22	17406842	17407334
ENSG00000260002	HG19_PATCH	1981650	1983729
ENSG00000124215	20	58533471	58609066
ENSG00000159496	22	24030323	24041363
ENSG00000227688	20	35248806	35249826
ENSG00000261085	HG19_PATCH	2104674	2142690
ENSG00000253481	22	17414411	17414893
ENSG00000259388	15	50086443	50088294
ENSG00000225337	9	70922309	70923361
ENSG00000260893	HG19_PATCH	2426352	2445053
ENSG00000202255	20	35296962	35297073
ENSG00000214889	21	37504748	37505330
ENSG00000270226	22	17493294	17493822
ENSG00000265441	20	35374459	35374533
ENSG00000224958	9	70970105	70972768
ENSG00000260607	HG19_PATCH	2451484	2454668
ENSG00000242509	20	35498502	35498793
ENSG00000228149	21	37541268	37542478
ENSG00000259188	15	50171801	50175722
ENSG00000231241	20	35650146	35650387
ENSG00000064601	20	44518783	44527459
ENSG00000273082	22	34318410	34318754
ENSG00000265882	21	37585858	37586136
ENSG00000260323	HG19_PATCH	2522436	2555813
ENSG00000226144	20	35677657	35678110
ENSG00000238851	21	37630724	37630829
ENSG00000233178	9	71010609	71021416
ENSG00000236052	22	34413462	34584414
ENSG00000236159	20	35794177	35794715
ENSG00000214867	21	37667471	37668000
ENSG00000237438	22	17517460	17541715
ENSG00000201086	15	50274640	50274758
ENSG00000221597	GL000199.1	1176	1259
ENSG00000213979	20	36073135	36073936
ENSG00000200605	15	50514085	50514193
ENSG00000239867	GL000199.1	4722	4804
ENSG00000232441	HSCHR6_MHC_MCF	32528786	32528881
ENSG00000273199	21	37692090	37692968
ENSG00000241175	15	50536828	50537128
ENSG00000229019	9	71041759	71044285
ENSG00000262508	HSCHR6_1_CTG5	80064160	80064430
ENSG00000271819	15	50639620	50639726
ENSG00000235044	20	36158441	36158945
ENSG00000264893	HSCHR6_MHC_MCF	32554352	32554499
ENSG00000228107	21	37732928	37734338
ENSG00000226337	9	71155952	71259358
ENSG00000224404	22	34604130	34605251
ENSG00000262286	HSCHR6_1_CTG5	80094501	80095390
ENSG00000224421	21	37761176	37761410
ENSG00000273203	22	17548711	17551565
ENSG00000244879	15	50647525	50659636
ENSG00000235074	HSCHR6_MHC_MCF	32559779	32559874
ENSG00000263060	HSCHR6_1_CTG5	80157846	80158854
ENSG00000230479	21	37802658	37853368
ENSG00000228234	20	36231254	36231587
ENSG00000273442	22	17561591	17562346
ENSG00000234506	9	71158457	71161505
ENSG00000263118	HSCHR6_1_CTG5	80174457	80174716
ENSG00000235328	22	17574502	17574829
ENSG00000235485	22	34985077	34987270
ENSG00000225759	20	36247700	36251521
ENSG00000224025	9	71224041	71226900
ENSG00000185837	22	17640274	17646335
ENSG00000204117	20	36305312	36311636
ENSG00000259715	15	50651647	50652391
ENSG00000199683	20	36603558	36603883
ENSG00000252791	20	36681049	36681148
ENSG00000263971	HSCHR6_MHC_MCF	32576146	32576297
ENSG00000236325	22	17673826	17674198
ENSG00000236998	9	71403223	71404586
ENSG00000264109	15	50652526	50652607
ENSG00000264767	20	36726798	36727102
ENSG00000232351	HSCHR6_MHC_MCF	32658435	32659285
ENSG00000269774	22	17690773	17691374
ENSG00000206249	20	36916733	36954938
ENSG00000185585	9	127539437	127577164
ENSG00000259465	15	50709582	50710889
ENSG00000242044	HSCHR6_MHC_MCF	32658441	32661036
ENSG00000224635	20	37034658	37045444
ENSG00000203416	22	17694618	17695045
ENSG00000236733	9	71437319	71458191
ENSG00000264867	HSCHR6_MHC_SSTO	33321904	33321964
ENSG00000228025	HSCHR6_MHC_MCF	32707550	32708382
ENSG00000207000	9	71550789	71550895
ENSG00000241832	22	17737749	17747623
ENSG00000252376	15	50755578	50755695
ENSG00000225696	HSCHR6_MHC_SSTO	33322791	33323414
ENSG00000270236	9	71722842	71723133
ENSG00000234891	22	35099117	35100876
ENSG00000242737	15	50758935	50759293
ENSG00000257266	HSCHR6_MHC_SSTO	33344436	33344689
ENSG00000231004	22	17809924	17810122
ENSG00000221008	15	84873268	84873351
ENSG00000243888	9	72043164	72043637
ENSG00000240466	15	84874184	84874466
ENSG00000259618	15	50786215	50789277
ENSG00000239547	22	17833773	17834067
ENSG00000226550	HSCHR6_MHC_MCF	32718927	32719761
ENSG00000229312	9	72087382	72109429
ENSG00000234251	HSCHR6_MHC_SSTO	33344878	33346777
ENSG00000259633	15	84924665	84924766
ENSG00000229492	22	17897744	17898875
ENSG00000259298	15	50789392	50790941
ENSG00000261447	9	72287665	72288629
ENSG00000259683	15	84944427	84950601
ENSG00000259684	15	50849798	50852697
ENSG00000232305	22	17903436	17903823
ENSG00000237316	22	35107899	35120910
ENSG00000243027	15	50981097	50981388
ENSG00000228045	22	17997708	17998061
ENSG00000244056	15	84948770	84949050
ENSG00000259773	15	51038906	51042026
ENSG00000225626	9	72433899	72435655
ENSG00000196756	20	37049235	37063996
ENSG00000156256	21	30396950	30426809
ENSG00000259570	15	84949210	84950212
ENSG00000231573	HSCHR6_MHC_SSTO	33356678	33362130
ENSG00000141446	18	19109242	19180845
ENSG00000272675	22	18036250	18037847
ENSG00000227895	22	35318599	35468259
ENSG00000241130	15	51090867	51091148
ENSG00000267483	HG748_PATCH	77085427	77512230
ENSG00000221247	15	84949877	84949960
ENSG00000236754	22	18062923	18071958
ENSG00000121741	13	20532810	20665968
ENSG00000259378	15	51236860	51238193
ENSG00000251737	22	18124172	18124285
ENSG00000234510	HSCHR6_MHC_MCF	32732325	32733261
ENSG00000235370	15	84953014	84966399
ENSG00000259240	15	51329685	51586109
ENSG00000241174	9	72499279	72499566
ENSG00000137804	15	41624892	41673248
ENSG00000264757	22	18246946	18247025
ENSG00000197361	15	63889552	63894627
ENSG00000259204	15	51356806	51361783
ENSG00000233080	22	35515817	35627049
ENSG00000269220	22	18260088	18262247
ENSG00000136918	9	127615755	127620160
ENSG00000266593	15	51534387	51534461
ENSG00000273068	22	35518654	35523412
ENSG00000093100	22	18270418	18294263
ENSG00000272887	15	84956505	84962703
ENSG00000259701	15	51571124	51572212
ENSG00000266851	HSCHR6_MHC_MCF	32751469	32751536
ENSG00000259306	15	51608038	51614193
ENSG00000204706	9	72700732	72790804
ENSG00000238153	22	35560297	35561340
ENSG00000259538	15	84967471	84976535
ENSG00000270378	15	51643297	51643389
ENSG00000259194	15	51659574	51661307
ENSG00000259774	15	84977316	84980581
ENSG00000235408	20	37053843	37053979
ENSG00000259678	15	51706294	51791030
ENSG00000234365	HSCHR6_MHC_MCF	32845343	32847752
ENSG00000197627	15	85034711	85043830
ENSG00000225091	20	37055952	37056085
ENSG00000222465	9	72803487	72803666
ENSG00000201512	20	37058313	37058446
ENSG00000261981	HG748_PATCH	77727001	77738304
ENSG00000259668	15	51749483	51752779
ENSG00000268364	9	72808913	72873782
ENSG00000259551	15	85043609	85045612
ENSG00000200354	20	37062508	37062641
ENSG00000233818	21	37818029	37904706
ENSG00000236801	9	72832111	72832584
ENSG00000201811	20	37070679	37070812
ENSG00000259302	15	85048694	85048726
ENSG00000080503	9	2015342	2193624
ENSG00000239180	9	72926523	72926617
ENSG00000263437	15	51901894	51901963
ENSG00000272232	9	73194081	73194377
ENSG00000223741	21	37858281	37859709
ENSG00000136942	9	127620159	127624260
ENSG00000243453	22	35590692	35590935
ENSG00000259241	15	51985413	51987962
ENSG00000232086	9	73322963	73327779
ENSG00000230141	HSCHR6_MHC_MCF	33005421	33010855
ENSG00000238584	22	35645765	35645826
ENSG00000259296	15	52000192	52007417
ENSG00000231324	21	38004979	38009331
ENSG00000273176	22	35694831	35695534
ENSG00000223966	9	73340956	73345772
ENSG00000263005	HG325_PATCH	50367220	50378412
ENSG00000259377	15	52044682	52048672
ENSG00000266320	22	35731633	35731751
ENSG00000224269	21	38071073	38073864
ENSG00000207935	9	73424891	73425000
ENSG00000230373	15	85051116	85060045
ENSG00000233388	22	35897908	35899633
ENSG00000259632	15	52151382	52153490
ENSG00000237646	21	38176285	38178585
ENSG00000224437	9	73531913	73532417
ENSG00000207484	15	52176753	52176850
ENSG00000273044	22	35922979	35923462
ENSG00000199806	21	38224211	38224328
ENSG00000259201	15	52179757	52193320
ENSG00000229814	9	74204517	74204849
ENSG00000270652	21	38315567	38316425
ENSG00000262762	HG748_PATCH	77774214	77784065
ENSG00000233498	HSCHR6_MHC_MCF	32880393	32881069
ENSG00000272337	15	52199397	52199502
ENSG00000224790	21	38338812	38344128
ENSG00000271166	9	74419199	74419742
ENSG00000229396	HSCHR6_MHC_SSTO	33436114	33436396
ENSG00000259185	15	52201099	52201839
ENSG00000207416	21	38359039	38359151
ENSG00000200922	9	74517371	74517466
ENSG00000226538	HSCHR6_MHC_SSTO	33496510	33496611
ENSG00000228587	22	36081987	36085420
ENSG00000198100	9	74576256	74576469
ENSG00000215734	21	38366943	38367375
ENSG00000259556	15	52211270	52222824
ENSG00000226336	22	36099850	36100223
ENSG00000236060	9	74622797	74623052
ENSG00000136950	9	127624409	127640003
ENSG00000232733	HSCHR6_MHC_SSTO	33507198	33507695
ENSG00000212136	21	38417830	38417936
ENSG00000226691	HSCHR6_MHC_MCF	32897630	32897704
ENSG00000270116	21	38473114	38473643
ENSG00000224820	9	74722734	74723228
ENSG00000176659	20	58630980	58648008
ENSG00000237406	22	36293318	36294452
ENSG00000266856	HSCHR6_MHC_SSTO	33545496	33545602
ENSG00000228677	21	38559967	38566227
ENSG00000259438	15	52303196	52311292
ENSG00000235523	9	74872252	74872699
ENSG00000264789	HSCHR6_MHC_MCF	32938147	32938241
ENSG00000259398	15	52325904	52327822
ENSG00000207780	22	18463634	18463727
ENSG00000263323	HG325_PATCH	50297735	50300790
ENSG00000237348	HSCHR6_MHC_MCF	32971548	32972062
ENSG00000233933	9	74890369	74890889
ENSG00000259712	15	52348872	52392720
ENSG00000262572	HG748_PATCH	77788214	77797765
ENSG00000235445	22	18465971	18466385
ENSG00000233764	22	36568470	36568827
ENSG00000259178	15	52374499	52378771
ENSG00000234913	22	18487036	18490074
ENSG00000261891	HG325_PATCH	50304073	50304803
ENSG00000231288	HSCHR6_MHC_MCF	33080692	33081101
ENSG00000230366	21	38580804	38594037
ENSG00000242327	15	52387492	52387944
ENSG00000237446	22	18501980	18502966
ENSG00000252428	9	74914636	74914754
ENSG00000263278	HG748_PATCH	77594114	77600003
ENSG00000230878	HSCHR6_MHC_MCF	33092978	33098520
ENSG00000259327	15	52408771	52414328
ENSG00000265034	HG748_PATCH	77703258	77703331
ENSG00000235295	22	18512151	18520734
ENSG00000225434	9	74920346	74958126
ENSG00000267719	HG748_PATCH	77703348	77708399
ENSG00000259709	15	52416758	52432443
ENSG00000231576	22	36568982	36569996
ENSG00000225335	22	18559293	18561650
ENSG00000174365	20	37075221	37079564
ENSG00000187792	22	24083769	24093279
ENSG00000262240	HG748_PATCH	77709813	77709908
ENSG00000255036	9	100000779	100139569
ENSG00000262656	HSCHR7_1_CTG6	141433792	141433956
ENSG00000236890	22	18564232	18564441
ENSG00000230003	9	75060670	75060885
ENSG00000206995	15	52454948	52455049
ENSG00000262850	HSCHR12_1_CTG5	126848622	126849484
ENSG00000235617	22	18584378	18584654
ENSG00000259577	15	52472290	52498071
ENSG00000225947	9	75085290	75085992
ENSG00000234249	HSCHR6_MHC_MCF	33104992	33108528
ENSG00000262653	HSCHR12_1_CTG5	126849890	126851653
ENSG00000167088	18	19192228	19210417
ENSG00000262385	HSCHR12_1_CTG5	126891380	126896116
ENSG00000225225	22	18585223	18586415
ENSG00000128218	22	24094930	24096655
ENSG00000238402	9	75142152	75142255
ENSG00000237948	22	36570309	36570870
ENSG00000252596	GL000211.1	113982	114087
ENSG00000221052	15	52569314	52569397
ENSG00000236862	9	75270748	75271108
ENSG00000263144	HSCHR19LRC_COX1_CTG1	54767577	54767685
ENSG00000187979	22	18660805	18688682
ENSG00000266879	HSCHR19LRC_COX1_CTG1	54785735	54785806
ENSG00000231169	15	52797386	52798060
ENSG00000229753	9	75356068	75356533
ENSG00000223372	HSCHR6_MHC_MCF	33113649	33118417
ENSG00000263646	HSCHR19LRC_COX1_CTG1	55064665	55064736
ENSG00000138592	15	50716577	50793280
ENSG00000263969	21	38587906	38588202
ENSG00000265951	HSCHR19LRC_COX1_CTG1	55141112	55141181
ENSG00000242553	21	38593720	38610045
ENSG00000179242	20	59827482	60515673
ENSG00000236849	9	75486644	75489025
ENSG00000260618	15	52870039	52890906
ENSG00000197421	22	18761178	18830912
ENSG00000225557	22	36571215	36571902
ENSG00000260355	HG14_PATCH	57517884	57541253
ENSG00000259935	15	52940831	52942063
ENSG00000136935	9	127640646	127710771
ENSG00000237129	22	36571905	36572574
ENSG00000259203	15	53093811	53097139
ENSG00000260653	HG14_PATCH	57472478	57483910
ENSG00000266464	HSCHR6_MHC_MCF	33337742	33337836
ENSG00000228024	9	75657661	75671444
ENSG00000169314	22	24105208	24108048
ENSG00000214896	15	53177792	53178667
ENSG00000229088	22	36574602	36575433
ENSG00000173281	8	8993765	9009084
ENSG00000259612	15	53229336	53230715
ENSG00000265459	HSCHR6_MHC_MCF	33345976	33346085
ENSG00000266345	22	36711989	36712246
ENSG00000221110	9	75906036	75906143
ENSG00000259237	15	53408562	53421895
ENSG00000237723	HSCHR6_MHC_MCF	33353846	33354469
ENSG00000221844	9	76089294	76090989
ENSG00000223695	22	36784671	36792562
ENSG00000252066	15	53944174	53944320
ENSG00000262505	HSCHR4_1_CTG12	156750881	156787425
ENSG00000227750	HSCHR6_MHC_MCF	33375921	33377819
ENSG00000232590	9	76188531	76194414
ENSG00000199266	20	37078013	37078146
ENSG00000103657	15	63900817	64126141
ENSG00000265974	HG14_PATCH	57472732	57472797
ENSG00000263473	20	37145206	37145275
ENSG00000236701	9	76263744	76264755
ENSG00000237668	22	36817318	36817689
ENSG00000260315	HG14_PATCH	57490537	57491432
ENSG00000231307	20	37166401	37167101
ENSG00000253426	8	9009252	9025646
ENSG00000212454	9	76365888	76365993
ENSG00000252575	22	36834869	36834971
ENSG00000252225	22	36836925	36837015
ENSG00000223368	9	76485812	76488213
ENSG00000228719	22	36841445	36850991
ENSG00000213959	20	37243556	37244119
ENSG00000158201	18	19230858	19284766
ENSG00000227809	9	76986447	76998446
ENSG00000199691	20	37390171	37390485
ENSG00000240474	20	37501413	37501720
ENSG00000238064	HSCHR6_MHC_MCF	33387704	33393155
ENSG00000261431	20	37590568	37590754
ENSG00000224825	9	77100467	77114043
ENSG00000259244	15	85056472	85070180
ENSG00000223864	20	37606354	37607065
ENSG00000202217	9	77414811	77415138
ENSG00000270954	9	77419389	77419689
ENSG00000230324	20	37842420	37853391
ENSG00000262635	HSCHR4_1_CTG12	156775890	156841558
ENSG00000252159	9	77462422	77462517
ENSG00000168384	HSCHR6_MHC_MCF	33065822	33082016
ENSG00000188078	22	36932703	36933651
ENSG00000211534	20	37900183	37900258
ENSG00000250479	22	24108021	24110630
ENSG00000252758	9	77472591	77472697
ENSG00000224357	20	37957657	37958567
ENSG00000224297	9	77550092	77550612
ENSG00000229971	22	36948212	36948747
ENSG00000263943	20	37977739	37978035
ENSG00000261675	22	36956917	36958962
ENSG00000203321	9	77567884	77611209
ENSG00000241840	20	37981402	37981674
ENSG00000234688	22	37099963	37117517
ENSG00000229976	20	38414363	38441871
ENSG00000229587	9	77624744	77630952
ENSG00000189136	15	85070012	85114447
ENSG00000234979	22	37212370	37215780
ENSG00000234878	20	38561564	38561881
ENSG00000200041	9	77796436	77796537
ENSG00000260749	HG14_PATCH	57492210	57493383
ENSG00000124253	20	56136136	56141513
ENSG00000212316	9	77812987	77813093
ENSG00000237767	20	38633119	38637171
ENSG00000235707	9	78016805	78017908
ENSG00000224874	HSCHR6_MHC_MCF	33477104	33477621
ENSG00000272948	21	38640085	38640785
ENSG00000236376	9	78194585	78203464
ENSG00000233415	20	38660227	38672531
ENSG00000121743	13	20712394	20735188
ENSG00000273210	21	38737779	38738234
ENSG00000238598	9	78291823	78291928
ENSG00000263518	20	38731860	38731998
ENSG00000263238	HSCHR4_1_CTG12	156845270	156875063
ENSG00000233213	21	39089405	39091872
ENSG00000264310	9	78338661	78338746
ENSG00000223410	20	38749682	38754998
ENSG00000234644	9	78339138	78339491
ENSG00000264691	21	39334968	39335068
ENSG00000141627	18	46570039	46987717
ENSG00000183822	22	37243415	37266483
ENSG00000223608	21	39378846	39382920
ENSG00000252434	20	39045515	39045586
ENSG00000238826	9	78527369	78527465
ENSG00000229771	20	39326535	39327256
ENSG00000238581	21	39559551	39559656
ENSG00000231137	9	78901410	78902997
ENSG00000238908	20	39482759	39482869
ENSG00000270835	21	39576638	39577700
ENSG00000239056	22	37344522	37344599
ENSG00000222612	20	39652845	39653034
ENSG00000165474	13	20761609	20767037
ENSG00000239989	22	18781927	18782317
ENSG00000232254	22	37346571	37349764
ENSG00000234618	9	79013615	79014502
ENSG00000233316	21	39578250	39580738
ENSG00000226648	20	39726969	39766643
ENSG00000234764	22	18821207	18821951
ENSG00000233814	9	79034850	79035547
ENSG00000226012	21	39609139	39610123
ENSG00000215544	22	18843134	18846153
ENSG00000140553	15	91473410	91497323
ENSG00000272029	20	39809096	39825427
ENSG00000231123	21	39610149	39610586
ENSG00000102309	X	71401203	71522776
ENSG00000219149	9	79164198	79164687
ENSG00000272407	20	39825287	39825578
ENSG00000205677	HSCHR6_MHC_MCF	33503674	33504369
ENSG00000241781	9	79186731	79186787
ENSG00000231231	21	39695557	39705343
ENSG00000259728	15	85113880	85123406
ENSG00000265488	9	79281002	79281087
ENSG00000242748	20	39825331	39825797
ENSG00000215403	22	37361289	37364213
ENSG00000225937	9	79379352	79402485
ENSG00000263989	20	39918922	39919217
ENSG00000252412	22	37409266	37409360
ENSG00000235102	20	39959763	39960300
ENSG00000099953	22	24110413	24126503
ENSG00000230335	9	79546177	79546982
ENSG00000231602	HSCHR6_MHC_MCF	33527511	33527612
ENSG00000229398	20	40011023	40011747
ENSG00000237517	22	18958027	19018755
ENSG00000201078	22	37451073	37451387
ENSG00000236604	9	79585238	79585944
ENSG00000235088	20	40087994	40090584
ENSG00000231467	22	37476108	37478887
ENSG00000229857	9	79607015	79608024
ENSG00000179253	20	60292562	60294804
ENSG00000206641	15	54056401	54056507
ENSG00000232493	20	40176061	40176561
ENSG00000267038	18	59348886	59349928
ENSG00000056678	HSCHR6_MHC_MCF	33529672	33530001
ENSG00000259301	15	54129468	54129757
ENSG00000232851	9	79655317	79655589
ENSG00000252386	20	40313625	40313730
ENSG00000260440	18	59415409	59421928
ENSG00000252142	22	37534064	37534123
ENSG00000199287	20	40328260	40328355
ENSG00000261923	HG873_PATCH	14665269	14892350
ENSG00000212224	20	40341118	40341239
ENSG00000235237	22	37562797	37578890
ENSG00000233526	9	79687016	79688211
ENSG00000225458	20	40619780	40692609
ENSG00000259669	15	54239821	54269105
ENSG00000226233	22	37611778	37611931
ENSG00000267597	18	59624506	59625247
ENSG00000271275	22	18984651	18985108
ENSG00000273032	22	19005347	19007761
ENSG00000232998	9	79791672	79792910
ENSG00000255594	22	37621304	37622035
ENSG00000266900	18	59913043	59914645
ENSG00000121742	13	20796110	20806534
ENSG00000270393	22	19005556	19006429
ENSG00000243902	22	37735624	37823480
ENSG00000267560	18	59967269	59968231
ENSG00000231373	9	80071211	80141613
ENSG00000273164	22	19010569	19011063
ENSG00000223651	20	40625771	40628037
ENSG00000259619	15	54340785	54343073
ENSG00000199867	18	59998045	59998146
ENSG00000228248	9	80195161	80195544
ENSG00000267341	18	60040127	60045363
ENSG00000237862	22	37748230	37750879
ENSG00000241527	22	19019077	19022077
ENSG00000259550	15	54612929	54613763
ENSG00000201711	9	80250119	80250225
ENSG00000272694	22	37767724	37768898
ENSG00000241088	18	60082911	60083460
ENSG00000173611	9	127704887	127905785
ENSG00000233457	9	80765448	80766109
ENSG00000225867	22	37946033	37947742
ENSG00000260937	15	55348945	55384371
ENSG00000267487	18	60085551	60085809
ENSG00000222452	9	80780381	80780694
ENSG00000233360	22	38037839	38054384
ENSG00000156261	21	30428126	30446118
ENSG00000228959	20	40642674	40644118
ENSG00000266920	18	60109261	60110359
ENSG00000233947	9	80793179	80794428
ENSG00000254483	9	100000927	100008466
ENSG00000267954	22	24124467	24126145
ENSG00000243549	18	60317543	60317834
ENSG00000241333	22	38065473	38065746
ENSG00000273173	15	25200133	25223729
ENSG00000229892	20	41235334	41236199
ENSG00000225973	15	55609382	55611359
ENSG00000228781	9	80795130	80795609
ENSG00000238569	22	38181533	38181614
ENSG00000206746	18	60398459	60398565
ENSG00000254633	9	100038848	100058041
ENSG00000207945	22	38240279	38240378
ENSG00000267766	18	60818347	60818553
ENSG00000229042	20	41314044	41317202
ENSG00000234819	9	80834036	80834273
ENSG00000207696	22	38243685	38243781
ENSG00000238988	18	60861822	60861898
ENSG00000267701	18	60981035	60981315
ENSG00000207227	22	38287354	38287455
ENSG00000221269	9	100125836	100125963
ENSG00000173273	8	9413424	9639856
ENSG00000270627	9	81204074	81204455
ENSG00000272582	22	38346972	38347785
ENSG00000227599	20	41597383	41600132
ENSG00000267390	18	61034561	61048862
ENSG00000264505	22	38384801	38384860
ENSG00000130699	20	60528525	60640866
ENSG00000261771	15	55647446	55790558
ENSG00000237257	9	81356636	81357660
ENSG00000147852	9	2621834	2660053
ENSG00000223190	20	41691966	41692249
ENSG00000222044	22	38428172	38430235
ENSG00000267430	18	61082550	61083702
ENSG00000233508	20	41818862	41830011
ENSG00000186871	X	71424510	71458897
ENSG00000273214	22	38439237	38439927
ENSG00000226234	9	81651329	81652484
ENSG00000233739	22	38453187	38469947
ENSG00000240639	20	41850846	41851147
ENSG00000272720	22	38486134	38487566
ENSG00000269989	18	61152834	61153251
ENSG00000226038	20	41859400	41859900
ENSG00000207964	15	55665138	55665232
ENSG00000260995	9	81750337	81760589
ENSG00000256873	22	38616385	38617120
ENSG00000214318	18	61164222	61164633
ENSG00000260036	15	55734833	55735555
ENSG00000266074	HG271_PATCH	79369275	79440126
ENSG00000259180	15	55972583	55973661
ENSG00000235246	22	38627326	38628254
ENSG00000252193	20	41933195	41933319
ENSG00000186940	9	82006219	82006674
ENSG00000237314	18	61739392	61739887
ENSG00000237555	20	42017282	42017681
ENSG00000241693	22	38627726	38627999
ENSG00000259369	15	56038837	56038965
ENSG00000265311	22	38670345	38670430
ENSG00000201021	20	42034113	42034218
ENSG00000165475	13	20977806	21099996
ENSG00000233086	9	82120719	82147257
ENSG00000221218	15	56053215	56053300
ENSG00000233711	20	42051836	42052178
ENSG00000179676	18	61747243	61816264
ENSG00000238513	15	56247899	56248002
ENSG00000228957	9	100148522	100158394
ENSG00000206998	20	42079799	42079900
ENSG00000230183	15	56297911	56299374
ENSG00000035664	15	64199235	64364232
ENSG00000201372	20	42101653	42101759
ENSG00000240979	9	82340984	82341236
ENSG00000234271	20	42151901	42152212
ENSG00000137806	15	41679551	41694717
ENSG00000239703	15	56321886	56322179
ENSG00000226143	20	42178029	42179589
ENSG00000270691	9	82465786	82466413
ENSG00000267134	18	61771325	62090836
ENSG00000261333	15	56363619	56363837
ENSG00000228174	9	100274988	100280118
ENSG00000230763	HSCHR6_MHC_MCF	33077161	33088426
ENSG00000238002	9	82477934	82481790
ENSG00000215467	20	42281163	42281931
ENSG00000232494	9	82489611	82501593
ENSG00000206801	20	42425077	42425183
ENSG00000236392	18	61814443	61826533
ENSG00000233277	20	42523360	42524108
ENSG00000260564	9	82503916	82506922
ENSG00000230945	9	82645494	82649470
ENSG00000241229	20	42635888	42636178
ENSG00000266952	18	61880317	61927290
ENSG00000099956	22	24129150	24176703
ENSG00000236521	9	82971944	82975253
ENSG00000198034	X	71475529	71497150
ENSG00000231480	21	39874369	39874545
ENSG00000252818	18	62216690	62216742
ENSG00000232981	9	83178486	83179545
ENSG00000256278	15	85154920	85158200
ENSG00000223891	20	42839600	42854667
ENSG00000263863	18	62773109	62792946
ENSG00000225901	9	83179947	83180877
ENSG00000221581	9	83349157	83349244
ENSG00000244627	22	38731767	38794934
ENSG00000177576	18	47008028	47013622
ENSG00000223806	21	40110945	40119384
ENSG00000264131	18	62853395	62854254
ENSG00000234637	9	83397253	83397685
ENSG00000264232	18	63091249	63114748
ENSG00000201363	20	42973479	42973569
ENSG00000226812	20	42976192	42983825
ENSG00000265217	18	63273326	63319289
ENSG00000226798	9	83484673	83486210
ENSG00000263720	18	63532498	63533633
ENSG00000231521	9	100396797	100398333
ENSG00000228375	9	84025194	84025545
ENSG00000229005	20	43001386	43024346
ENSG00000263622	18	63585018	63588178
ENSG00000214417	9	100461204	100463016
ENSG00000262968	HG873_PATCH	14899553	14913798
ENSG00000237072	9	84103223	84103752
ENSG00000176700	15	85174682	85185695
ENSG00000264685	18	63735986	63736883
ENSG00000233926	9	84304628	84391815
ENSG00000233376	20	43018264	43020177
ENSG00000221536	18	64320646	64320738
ENSG00000266608	9	100462516	100462607
ENSG00000266151	20	43036760	43036843
ENSG00000238680	18	64613353	64613459
ENSG00000207206	9	84340158	84340264
ENSG00000265893	20	43053692	43053781
ENSG00000264409	18	64710604	64710681
ENSG00000263404	9	84420911	84420996
ENSG00000273283	20	43062837	43063236
ENSG00000263354	18	64748821	64748923
ENSG00000252167	9	84500411	84500513
ENSG00000237907	20	43077417	43078732
ENSG00000260677	9	100505490	100507217
ENSG00000200969	9	84503833	84503900
ENSG00000264054	18	64804848	64804988
ENSG00000226243	20	43095204	43095482
ENSG00000265580	18	64963519	64963619
ENSG00000265936	18	65042370	65042542
ENSG00000132832	20	43285092	43324737
ENSG00000240632	9	84528352	84534841
ENSG00000260578	18	65149028	65152203
ENSG00000125787	20	3024268	3026393
ENSG00000229955	22	38783923	38784862
ENSG00000263424	18	65173826	65181267
ENSG00000119414	9	127908852	127952218
ENSG00000228620	22	38820293	38823341
ENSG00000244558	20	43323533	43374662
ENSG00000265533	18	65183783	65566856
ENSG00000224279	22	38970936	38971436
ENSG00000230846	9	84542936	84546283
ENSG00000254414	15	85175129	85177218
ENSG00000236130	9	100568217	100572290
ENSG00000230912	22	39062513	39064755
ENSG00000264040	18	65269929	65270259
ENSG00000263911	20	43509479	43509775
ENSG00000137815	15	41700606	41775761
ENSG00000201830	9	100677972	100678078
ENSG00000254779	15	85177105	85177866
ENSG00000233348	HSCHR6_MHC_SSTO	31596744	31610423
ENSG00000101752	18	19284918	19450918
ENSG00000263594	18	65339458	65343315
ENSG00000236896	9	100748833	100749938
ENSG00000227477	20	43592435	43595043
ENSG00000124256	20	56178902	56195632
ENSG00000259654	15	85229115	85230177
ENSG00000189357	9	84543398	84549913
ENSG00000228274	22	39063590	39077825
ENSG00000212521	9	100794512	100794617
ENSG00000206739	22	19032769	19032880
ENSG00000265472	18	65375166	65375483
ENSG00000259415	15	85296353	85297733
ENSG00000273311	22	19033675	19035888
ENSG00000252021	20	43632989	43633095
ENSG00000264104	18	65455505	65458272
ENSG00000200991	15	85395729	85395846
ENSG00000233352	20	43858458	43858832
ENSG00000237347	22	19043314	19044025
ENSG00000207037	15	85481647	85481753
ENSG00000265555	18	65475742	65482059
ENSG00000212388	15	85482848	85482954
ENSG00000243995	20	43859509	43861972
ENSG00000223461	22	19109042	19112016
ENSG00000271044	15	85483735	85484364
ENSG00000229598	22	39118748	39119510
ENSG00000265240	18	65497908	65499204
ENSG00000272682	22	19111822	19115962
ENSG00000259270	15	85721859	85722037
ENSG00000232880	20	44016987	44017345
ENSG00000264634	18	65608186	65623663
ENSG00000267559	9	84545141	84592004
ENSG00000234011	20	44076042	44076982
ENSG00000231086	22	19112392	19113159
ENSG00000257034	22	39127778	39128531
ENSG00000264869	18	65769353	65781614
ENSG00000237464	20	44116253	44118888
ENSG00000260924	22	19158908	19160352
ENSG00000264699	18	65925576	65932064
ENSG00000224001	9	100996991	100997849
ENSG00000203583	22	39128914	39129588
ENSG00000186788	9	84558474	84565009
ENSG00000237068	20	44119458	44120311
ENSG00000230194	22	19225966	19226262
ENSG00000244491	22	39130730	39134770
ENSG00000260747	18	65945039	65945480
ENSG00000251940	22	19237396	19237489
ENSG00000232135	20	44165435	44165653
ENSG00000166797	15	64364758	64386217
ENSG00000230149	22	39130735	39134995
ENSG00000233471	22	19245043	19246329
ENSG00000229897	9	101369115	101370415
ENSG00000265425	18	66094267	66104155
ENSG00000229900	20	44168622	44168866
ENSG00000237770	9	84583753	84586985
ENSG00000099958	22	24176690	24181315
ENSG00000273096	22	39132615	39132797
ENSG00000244296	22	19353289	19353565
ENSG00000263355	18	66123188	66124114
ENSG00000201923	20	44188397	44188515
ENSG00000185065	22	19435416	19437628
ENSG00000225450	22	39135008	39145046
ENSG00000230860	20	44196629	44197446
ENSG00000231649	9	84672562	84678597
ENSG00000264697	18	66195207	66195360
ENSG00000272669	22	39138630	39139120
ENSG00000235508	20	44269125	44270009
ENSG00000273300	22	19441702	19442128
ENSG00000230360	9	84701070	84703683
ENSG00000263637	18	66420416	66421820
ENSG00000273076	22	39139500	39139915
ENSG00000168263	9	2717502	2730037
ENSG00000273212	22	19444026	19444485
ENSG00000266071	20	44333741	44333819
ENSG00000235377	9	84745667	84746547
ENSG00000207072	18	66526171	66526277
ENSG00000235209	22	39317232	39320713
ENSG00000230485	22	19618273	19621097
ENSG00000226188	20	44374376	44374926
ENSG00000264444	18	66533754	66534265
ENSG00000249310	22	39387564	39394214
ENSG00000168630	20	44378559	44378713
ENSG00000225007	22	19654546	19655078
ENSG00000264236	18	66659955	66660612
ENSG00000259421	22	39466419	39466676
ENSG00000221046	20	44407337	44407462
ENSG00000235776	22	19779817	19780617
ENSG00000271984	20	44521333	44522058
ENSG00000264705	18	66879514	66881587
ENSG00000232926	22	19874812	19875493
ENSG00000225720	22	39487591	39488860
ENSG00000215472	18	47008051	47017956
ENSG00000125901	20	3026591	3028900
ENSG00000235525	20	44603888	44604714
ENSG00000264845	18	67136753	67138972
ENSG00000265087	22	19951276	19951357
ENSG00000261072	15	56484551	56485460
ENSG00000208023	22	20020662	20020743
ENSG00000228430	9	84887671	85179347
ENSG00000226024	22	39516298	39516571
ENSG00000199784	15	56566728	56566834
ENSG00000204044	20	44642141	44650712
ENSG00000261174	15	56615391	56615917
ENSG00000227009	22	39551530	39551950
ENSG00000229986	21	40218171	40220568
ENSG00000101405	20	3052266	3053163
ENSG00000259941	15	56686519	56688983
ENSG00000203346	20	44644111	44644231
ENSG00000236540	22	20050503	20058066
ENSG00000261823	15	56700681	56702384
ENSG00000205622	21	40249215	40328392
ENSG00000224794	22	39688993	39691568
ENSG00000213820	20	44728157	44728815
ENSG00000209480	22	39709824	39709916
ENSG00000229925	21	40260696	40275829
ENSG00000260392	15	56835150	56921790
ENSG00000209482	22	39711218	39711312
ENSG00000149657	20	60697517	60710434
ENSG00000272015	21	40266709	40266791
ENSG00000229957	20	44797043	44799876
ENSG00000263764	22	39715055	39715118
ENSG00000227721	21	40266841	40267176
ENSG00000170236	15	50792759	50838905
ENSG00000225085	9	85020103	85021154
ENSG00000227188	22	39871812	39872827
ENSG00000234035	21	40285093	40287072
ENSG00000101200	20	3063202	3065370
ENSG00000136933	9	127962821	127996437
ENSG00000215452	20	45042867	45087915
ENSG00000147535	8	38120648	38126761
ENSG00000228046	9	85042265	85042940
ENSG00000235647	22	40146132	40147298
ENSG00000225625	15	57138538	57138804
ENSG00000232837	21	40346355	40349700
ENSG00000267807	HG271_PATCH	79483771	79497647
ENSG00000268292	22	20052075	20053228
ENSG00000228123	9	85046804	85047820
ENSG00000238875	22	40270259	40270519
ENSG00000235888	21	40360633	40378079
ENSG00000266567	22	20073269	20073356
ENSG00000225849	20	45092541	45093763
ENSG00000222586	15	57258523	57258595
ENSG00000232749	9	85068260	85070140
ENSG00000102100	X	48760459	48769235
ENSG00000226085	22	40271293	40272119
ENSG00000221366	22	20073581	20073665
ENSG00000260689	15	57539158	57540091
ENSG00000237721	21	40378574	40383255
ENSG00000233309	9	85358982	85359707
ENSG00000225528	22	40356401	40360687
ENSG00000243762	22	20098344	20099398
ENSG00000251776	9	85815855	85816143
ENSG00000265643	18	67150863	67285930
ENSG00000239035	15	57570768	57570871
ENSG00000237609	21	40400461	40401053
ENSG00000261202	22	40439072	40440534
ENSG00000080608	9	2720469	2844241
ENSG00000264346	22	20113925	20114049
ENSG00000229109	9	85834246	85849157
ENSG00000184617	20	45113100	45121279
ENSG00000247982	15	57592563	57599959
ENSG00000266840	18	67372214	67392211
ENSG00000249923	22	20186252	20192441
ENSG00000228599	22	40502329	40503070
ENSG00000251752	9	85890856	85891029
ENSG00000266304	18	68003165	68004546
ENSG00000228861	21	40499494	40499966
ENSG00000237529	9	85891291	85894414
ENSG00000260172	15	57611336	57616106
ENSG00000264059	18	68029359	68029459
ENSG00000229999	22	40768668	40784294
ENSG00000236499	22	20193920	20196047
ENSG00000238608	9	86067188	86067290
ENSG00000266278	18	68047376	68051827
ENSG00000252256	9	86096182	86096252
ENSG00000221039	22	20236657	20236734
ENSG00000235701	21	40543056	40544032
ENSG00000260870	15	57617670	57618645
ENSG00000199483	9	86211359	86211499
ENSG00000032742	13	21140585	21265503
ENSG00000265698	18	68079291	68079627
ENSG00000272834	22	40811007	40811449
ENSG00000254473	9	86322509	86328293
ENSG00000161132	22	20287283	20300739
ENSG00000272991	21	40556395	40556825
ENSG00000227413	22	40829140	40829645
ENSG00000271784	20	45318298	45318928
ENSG00000252984	15	57697272	57697373
ENSG00000214255	18	68096396	68098361
ENSG00000232564	22	40917804	40922711
ENSG00000232608	21	40588550	40589432
ENSG00000266136	20	45439477	45439561
ENSG00000261489	15	57769682	57770527
ENSG00000273343	22	20305642	20306272
ENSG00000222874	20	45487972	45488311
ENSG00000252124	22	40924061	40924137
ENSG00000261265	15	57819385	57821207
ENSG00000237373	21	40589019	40591731
ENSG00000235922	20	45492202	45492743
ENSG00000226877	9	86444571	86452776
ENSG00000172912	22	40965290	40965899
ENSG00000267026	9	101609511	101634697
ENSG00000257637	HSCHR6_MHC_MCF	33078411	33080790
ENSG00000240874	15	57848149	57848577
ENSG00000229623	21	40607312	40607946
ENSG00000273139	22	20308262	20308726
ENSG00000236028	20	45529782	45530365
ENSG00000261219	15	58012493	58013126
ENSG00000230071	22	40982704	40984007
ENSG00000255568	21	40685887	40686886
ENSG00000259477	15	58271914	58272844
ENSG00000226769	20	45626235	45627127
ENSG00000188424	22	20326328	20350457
ENSG00000231907	22	41069488	41070455
ENSG00000259285	15	58357423	58363241
ENSG00000239783	20	45700504	45700875
ENSG00000238141	21	40687633	40695144
ENSG00000230769	22	41184781	41185271
ENSG00000259651	15	58442474	58442762
ENSG00000259449	15	85724441	85725314
ENSG00000235578	22	20330726	20331888
ENSG00000215450	20	45789477	45790339
ENSG00000252915	21	40716463	40716554
ENSG00000238556	21	40717300	40717383
ENSG00000233603	22	41194043	41194289
ENSG00000259626	15	58442834	58443161
ENSG00000230410	22	20336866	20341114
ENSG00000264901	20	45795609	45795700
ENSG00000227406	21	40745689	40748992
ENSG00000266594	22	41209887	41209962
ENSG00000265532	20	45936797	45937126
ENSG00000259600	15	58443232	58444712
ENSG00000231616	9	86446501	86483335
ENSG00000044574	9	127997132	128003609
ENSG00000263770	20	45943269	45943336
ENSG00000238887	22	41310883	41310986
ENSG00000235704	22	20377669	20378803
ENSG00000273451	20	45976881	45977886
ENSG00000200683	22	41313747	41313850
ENSG00000259295	15	85734669	85757136
ENSG00000259379	15	58444805	58446606
ENSG00000222698	22	41441501	41441595
ENSG00000235808	21	40860253	40860686
ENSG00000231119	20	45981305	45983377
ENSG00000266175	22	41456636	41456705
ENSG00000156265	21	30449792	30548210
ENSG00000224565	20	46020673	46041071
ENSG00000237214	22	41460056	41460640
ENSG00000259671	15	58447159	58448260
ENSG00000234075	20	46106958	46107754
ENSG00000206176	22	20378814	20380440
ENSG00000199515	22	41461558	41461650
ENSG00000213857	22	41470184	41471243
ENSG00000202186	20	46113022	46113125
ENSG00000214265	15	25200181	25245423
ENSG00000221160	22	41488517	41488570
ENSG00000201742	20	46121722	46121829
ENSG00000207603	9	86584663	86584772
ENSG00000221294	20	46199679	46199759
ENSG00000252859	22	41564221	41564320
ENSG00000235298	9	86587148	86590692
ENSG00000232754	22	41565194	41579148
ENSG00000229338	9	101652872	101654219
ENSG00000202523	9	86607847	86607948
ENSG00000228349	21	40863470	40863824
ENSG00000231993	22	41570595	41593460
ENSG00000227463	9	86678358	86709492
ENSG00000229853	20	46259010	46260182
ENSG00000215771	22	41585731	41586192
ENSG00000235012	21	40897510	40901782
ENSG00000270166	9	86693499	86693772
ENSG00000233262	9	86893134	86905046
ENSG00000235513	22	41605126	41613631
ENSG00000228095	9	87219026	87219344
ENSG00000199865	22	41773181	41773287
ENSG00000273424	22	41826938	41827379
ENSG00000226590	9	87774597	87774865
ENSG00000255438	20	46306645	46315041
ENSG00000200332	22	42044093	42044194
ENSG00000227412	9	88107494	88109009
ENSG00000238950	20	46455713	46455788
ENSG00000207457	22	42075715	42075821
ENSG00000215448	20	46488532	46489416
ENSG00000229212	15	85747141	85778026
ENSG00000255782	22	42090191	42092048
ENSG00000234424	9	88368221	88401490
ENSG00000251770	20	46501935	46502017
ENSG00000231261	22	42105229	42105493
ENSG00000270412	9	101705619	101706057
ENSG00000238785	20	46533092	46533167
ENSG00000252942	9	101908122	101908248
ENSG00000252603	22	42118047	42118135
ENSG00000234967	20	46579543	46580799
ENSG00000229454	9	88370957	88380027
ENSG00000206813	22	42143316	42143417
ENSG00000227269	9	101945655	101947173
ENSG00000184068	22	42227219	42230669
ENSG00000240235	9	101947868	101948148
ENSG00000228503	20	46586766	46587347
ENSG00000207932	22	42296948	42297016
ENSG00000237423	20	46609232	46617488
ENSG00000222337	9	102046304	102046655
ENSG00000230303	9	88400637	88408395
ENSG00000260655	22	42318027	42319104
ENSG00000229522	20	46612148	46613057
ENSG00000263463	22	42319226	42319301
ENSG00000124225	20	56223448	56286592
ENSG00000252227	20	46764686	46764766
ENSG00000175806	8	9911778	10286401
ENSG00000205704	22	42348169	42354937
ENSG00000235621	20	46988693	46999372
ENSG00000165121	9	88430881	88464426
ENSG00000224883	22	42377308	42378221
ENSG00000215347	22	42397073	42397970
ENSG00000213711	9	88513818	88514631
ENSG00000238498	22	42472062	42472165
ENSG00000255815	9	102067394	102068893
ENSG00000270083	22	42485634	42486032
ENSG00000236874	20	47012066	47013638
ENSG00000231741	9	88549503	88551514
ENSG00000238452	20	47122480	47122555
ENSG00000251876	20	47355867	47355985
ENSG00000233713	9	88747537	88747766
ENSG00000230758	20	47654894	47655139
ENSG00000270688	9	88843730	88843898
ENSG00000266142	HSCHR6_MHC_MANN	30051790	30051922
ENSG00000223012	9	88873273	88873561
ENSG00000237050	HSCHR6_MHC_MANN	30068180	30077657
ENSG00000227431	20	47657000	47662581
ENSG00000214908	9	88989881	88990621
ENSG00000172458	13	21276266	21297237
ENSG00000263589	HSCHR6_MHC_MANN	30145745	30145906
ENSG00000028528	15	64386322	64438289
ENSG00000226284	20	47751017	47751549
ENSG00000235819	9	89029197	89029485
ENSG00000226175	HSCHR6_MHC_MANN	30199679	30201500
ENSG00000237037	22	42486935	42535286
ENSG00000240934	15	58492805	58493217
ENSG00000222293	9	89037853	89038043
ENSG00000232211	9	89247062	89311411
ENSG00000259293	15	58727089	58790934
ENSG00000240924	HSCHR6_MHC_MANN	30246907	30338582
ENSG00000226237	9	89563614	89616948
ENSG00000271086	9	102117619	102139522
ENSG00000259476	15	58813510	58815570
ENSG00000133460	22	24198890	24228496
ENSG00000259250	15	58879706	58883875
ENSG00000269994	9	89623370	89657041
ENSG00000231928	HSCHR6_MHC_MANN	30251169	30254730
ENSG00000239100	15	58892331	58892434
ENSG00000092439	15	50844670	50979012
ENSG00000270986	15	58964495	58965132
ENSG00000231007	9	89626567	89628066
ENSG00000169762	4	16162128	16229033
ENSG00000182625	15	58978610	58978816
ENSG00000224887	9	89699076	89700066
ENSG00000239618	HSCHR6_MHC_MANN	30272044	30305476
ENSG00000150456	13	21302870	21348097
ENSG00000199730	15	58996051	58996353
ENSG00000265681	18	47014851	47018906
ENSG00000212421	9	89875365	89875500
ENSG00000234860	9	102293978	102299206
ENSG00000259173	15	59047824	59048446
ENSG00000228373	9	90038549	90038808
ENSG00000102096	X	48770459	48776301
ENSG00000200318	15	59052666	59052880
ENSG00000219928	9	90140217	90140390
ENSG00000213790	22	42503769	42504957
ENSG00000245975	15	59060271	59063173
ENSG00000236709	9	90168369	90169374
ENSG00000259402	15	59107471	59109927
ENSG00000227370	22	42528550	42529005
ENSG00000237747	9	90356148	90356868
ENSG00000177410	20	47894715	47905797
ENSG00000259353	15	59149030	59157262
ENSG00000232710	22	42532442	42535938
ENSG00000222408	9	90359816	90359908
ENSG00000101182	20	60711791	60718496
ENSG00000259738	15	59157205	59157502
ENSG00000242747	15	59161858	59162333
ENSG00000188029	9	90387368	90401799
ENSG00000226450	22	42545877	42551007
ENSG00000225798	15	59182166	59186281
ENSG00000232743	9	90431380	90432885
ENSG00000259393	15	59259245	59260007
ENSG00000237461	9	102348068	102582171
ENSG00000241640	15	59341598	59342584
ENSG00000237743	9	90441402	90452140
ENSG00000114062	15	25582381	25684128
ENSG00000182057	22	42665759	42671202
ENSG00000230660	HSCHR6_MHC_MANN	30303261	30339598
ENSG00000255145	9	102648608	102668883
ENSG00000176731	8	86126311	86132650
ENSG00000259732	15	59413233	59425449
ENSG00000254571	9	102677359	102692178
ENSG00000221096	15	59443177	59443267
ENSG00000234709	9	102760583	102761351
ENSG00000253030	15	59463382	59463461
ENSG00000233903	22	42672361	42673058
ENSG00000209042	20	47895477	47895565
ENSG00000222365	20	47896856	47896946
ENSG00000273366	22	42674194	42674852
ENSG00000234575	9	90459067	90462229
ENSG00000156273	21	30566392	31003071
ENSG00000212304	20	47897220	47897309
ENSG00000265225	20	48203218	48203311
ENSG00000124237	20	56725960	56736206
ENSG00000264946	20	48338486	48338782
ENSG00000229891	22	42760406	42765242
ENSG00000080298	9	3218297	3526004
ENSG00000231878	20	48346128	48346379
ENSG00000207725	X	45606421	45606530
ENSG00000252540	20	48411348	48411451
ENSG00000269902	X	45624175	45624702
ENSG00000252123	20	48444529	48444590
ENSG00000233884	9	90463028	90468357
ENSG00000230107	22	42834029	42842201
ENSG00000234095	HSCHR6_MHC_MANN	30363873	30364007
ENSG00000237788	20	48445662	48447622
ENSG00000231566	X	45707328	45710920
ENSG00000214888	9	90471930	90474314
ENSG00000257168	HSCHR6_MHC_MANN	30368691	30368778
ENSG00000239908	9	102864841	102865119
ENSG00000236422	HSCHR6_MHC_MANN	30371736	30372369
ENSG00000199490	20	48537134	48537231
ENSG00000200070	15	59504847	59504987
ENSG00000234460	9	90479081	90481205
ENSG00000238172	9	102879037	102879933
ENSG00000239157	20	48556833	48556937
ENSG00000215983	15	59508845	59508925
ENSG00000212347	X	45752347	45752414
ENSG00000231659	HSCHR6_MHC_MANN	30375568	30376736
ENSG00000259771	15	59558919	59563361
ENSG00000270995	9	102882717	102883182
ENSG00000215286	X	45772553	45773306
ENSG00000229222	20	48573282	48574569
ENSG00000199512	15	59633513	59633616
ENSG00000257295	HSCHR6_MHC_MANN	30376935	30377058
ENSG00000231697	9	102937460	102938336
ENSG00000259735	15	59640847	59652088
ENSG00000206710	20	48588643	48588749
ENSG00000234613	X	45772702	45776475
ENSG00000230246	9	90529408	90538572
ENSG00000258032	HSCHR6_MHC_MANN	30380635	30380743
ENSG00000231265	20	48657253	48658041
ENSG00000238767	15	59682407	59682516
ENSG00000224701	X	45811197	45811768
ENSG00000257819	HSCHR6_MHC_MANN	30394980	30395064
ENSG00000259750	15	59693420	59694203
ENSG00000258124	HSCHR6_MHC_MANN	30404947	30405034
ENSG00000213100	X	45842800	45843799
ENSG00000172250	22	42896585	42908566
ENSG00000237595	20	48780001	48782639
ENSG00000100979	20	44527399	44540794
ENSG00000257934	HSCHR6_MHC_MANN	30405462	30405549
ENSG00000259674	15	59699162	59700353
ENSG00000214009	X	45918186	45918963
ENSG00000234698	20	48782899	48788279
ENSG00000229187	HSCHR6_MHC_MANN	30427175	30431779
ENSG00000200252	15	59701104	59701214
ENSG00000137825	15	41785591	41795747
ENSG00000238110	9	90559191	90559938
ENSG00000231742	20	48789087	48793096
ENSG00000271923	9	90613144	90613250
ENSG00000217716	9	90631215	90631708
ENSG00000258219	HSCHR6_MHC_MANN	30469421	30469544
ENSG00000225385	9	90681830	90682952
ENSG00000233700	HSCHR6_MHC_MANN	30478910	30480452
ENSG00000221266	15	85752346	85752429
ENSG00000242188	15	85753262	85753544
ENSG00000124227	20	56793551	56803709
ENSG00000224397	20	48884023	48896332
ENSG00000177910	9	90744220	90753361
ENSG00000227754	HSCHR6_MHC_MANN	30481340	30482709
ENSG00000263475	9	103157934	103158007
ENSG00000132953	13	21351469	21477187
ENSG00000200966	9	103343361	103343661
ENSG00000225330	21	41002198	41098012
ENSG00000188388	15	85783703	85790410
ENSG00000224554	HSCHR6_MHC_MANN	30498398	30499048
ENSG00000237999	9	103493522	103494637
ENSG00000243780	15	59817621	59818080
ENSG00000265106	22	42948194	42948279
ENSG00000231713	21	41099682	41102607
ENSG00000257559	HSCHR6_MHC_MANN	30500762	30500846
ENSG00000240238	15	59844814	59845292
ENSG00000257273	HSCHR6_MHC_MANN	30501183	30501309
ENSG00000203999	20	48909257	48931459
ENSG00000258353	HSCHR6_MHC_MANN	30504298	30504382
ENSG00000201704	15	59866302	59866421
ENSG00000204429	9	90795588	90796362
ENSG00000263973	21	41584279	41584358
ENSG00000258054	HSCHR6_MHC_MANN	30516378	30516499
ENSG00000257170	HSCHR6_MHC_MANN	30522150	30522222
ENSG00000233077	20	48927248	48937879
ENSG00000229288	9	90802650	90805117
ENSG00000263588	18	19668021	19678741
ENSG00000257911	HSCHR6_MHC_MANN	30523872	30523956
ENSG00000226327	9	90939369	90940254
ENSG00000244376	20	49045729	49046020
ENSG00000235801	HSCHR6_MHC_MANN	30528710	30531661
ENSG00000231715	20	49096304	49096528
ENSG00000186416	X	118722300	118739858
ENSG00000252299	9	90989184	90989274
ENSG00000239742	20	49174221	49174535
ENSG00000230161	9	103674602	103675023
ENSG00000258155	HSCHR6_MHC_MANN	30529912	30529999
ENSG00000227638	9	91025444	91026378
ENSG00000182841	22	42951229	42978044
ENSG00000239748	18	68179963	68180241
ENSG00000201501	20	49179546	49179647
ENSG00000257602	HSCHR6_MHC_MANN	30542942	30544028
ENSG00000229541	9	103737950	103738964
ENSG00000185019	20	3088219	3140842
ENSG00000265781	18	68667713	68678726
ENSG00000232043	20	49187512	49194578
ENSG00000235123	21	41755010	41757285
ENSG00000231804	9	91099767	91100240
ENSG00000218052	15	85798600	85873565
ENSG00000257182	HSCHR6_MHC_MANN	30545347	30545471
ENSG00000238143	9	103887718	103888203
ENSG00000208018	20	49202323	49202416
ENSG00000265639	18	68696006	68700292
ENSG00000203286	9	3452305	3469181
ENSG00000228189	9	91242104	91267075
ENSG00000253041	9	104084759	104084815
ENSG00000257362	HSCHR6_MHC_MANN	30551130	30551350
ENSG00000221091	20	49231173	49231322
ENSG00000265484	18	68883940	68904338
ENSG00000227411	9	104096366	104101629
ENSG00000068308	X	48779305	48815648
ENSG00000257984	HSCHR6_MHC_MANN	30560530	30560602
ENSG00000265873	9	91360751	91360820
ENSG00000231302	20	49237300	49237614
ENSG00000257190	HSCHR6_MHC_MANN	30561459	30561580
ENSG00000263733	18	68892940	68893957
ENSG00000236763	9	104118748	104119126
ENSG00000266785	HSCHR6_MHC_MANN	30596784	30596869
ENSG00000225856	9	91585802	91586256
ENSG00000234693	20	49262008	49278812
ENSG00000265473	HSCHR6_MHC_MANN	30628681	30628757
ENSG00000260676	18	69187198	69246192
ENSG00000123908	8	141541264	141645718
ENSG00000223851	HSCHR6_MHC_MANN	30646084	30646350
ENSG00000228658	9	91586553	91591213
ENSG00000251357	22	24204375	24237410
ENSG00000226494	HSCHR6_MHC_MANN	30709281	30710010
ENSG00000230043	20	49457152	49457286
ENSG00000264388	18	69255773	69256120
ENSG00000231632	9	91624949	91625393
ENSG00000265062	20	49477445	49477523
ENSG00000224508	HSCHR6_MHC_MANN	30715542	30725658
ENSG00000265946	18	69332384	69332761
ENSG00000228663	20	49530268	49530948
ENSG00000202058	22	42961054	42961336
ENSG00000224945	9	91703519	91724849
ENSG00000259317	15	85815758	85816205
ENSG00000263671	HSCHR6_MHC_MANN	30763502	30763749
ENSG00000251913	22	42965153	42965256
ENSG00000187954	8	145674965	145691060
ENSG00000260457	18	69504275	69538024
ENSG00000125931	X	71521488	71527037
ENSG00000259456	20	49547521	49561671
ENSG00000270022	22	43011250	43011913
ENSG00000228762	HSCHR6_MHC_MANN	30779290	30804715
ENSG00000265995	18	69557645	69611813
ENSG00000251891	15	85933054	85933115
ENSG00000265112	9	91927140	91927221
ENSG00000240972	22	24236191	24237414
ENSG00000265582	20	49555183	49555269
ENSG00000200448	22	43158866	43158965
ENSG00000259630	15	85958459	85958864
ENSG00000271313	18	69599729	69600032
ENSG00000231799	9	92064473	92065669
ENSG00000232358	20	49615907	49626556
ENSG00000234009	22	43172412	43173302
ENSG00000141448	18	19749404	19782491
ENSG00000264315	18	70285502	70286457
ENSG00000225460	9	92087152	92087607
ENSG00000259375	15	86122277	86123409
ENSG00000215251	20	3127165	3140543
ENSG00000229170	HSCHR6_MHC_MANN	30811119	30843127
ENSG00000230328	9	104121214	104123524
ENSG00000228820	20	49747325	49748204
ENSG00000229608	22	43180468	43183106
ENSG00000265579	18	70410991	70413196
ENSG00000264913	9	92112853	92112936
ENSG00000259367	15	86162854	86214179
ENSG00000237372	9	92316566	92334585
ENSG00000252598	18	70419187	70419286
ENSG00000259276	15	86164495	86170920
ENSG00000234502	9	104137626	104138885
ENSG00000226989	22	43249409	43249805
ENSG00000263750	18	70520556	70520617
ENSG00000263592	20	49794042	49794136
ENSG00000231854	HSCHR6_MHC_MANN	30851993	30860627
ENSG00000226206	9	92501142	92523200
ENSG00000263645	20	49993772	49993858
ENSG00000202081	15	86194753	86194859
ENSG00000230319	22	43434591	43448372
ENSG00000263958	18	70535623	70548634
ENSG00000266761	20	50069442	50069514
ENSG00000259453	15	86244340	86246002
ENSG00000266263	HSCHR6_MHC_MANN	30876718	30877020
ENSG00000236507	9	92503174	92504508
ENSG00000218537	22	24236613	24241117
ENSG00000215444	20	50351072	50351606
ENSG00000231444	HSCHR6_MHC_MANN	30879450	30888383
ENSG00000234735	22	43488173	43488530
ENSG00000259544	15	86269346	86270458
ENSG00000237626	9	92740564	92749768
ENSG00000272188	HSCHR6_MHC_MANN	30903348	30903437
ENSG00000236272	22	43608680	43609667
ENSG00000227964	20	50448336	50479451
ENSG00000261780	18	70992176	71017113
ENSG00000259407	15	86287340	86293512
ENSG00000207147	21	41885071	41885206
ENSG00000270982	9	104212083	104212215
ENSG00000227555	9	92782936	92803781
ENSG00000263402	HSCHR6_MHC_MANN	30919337	30919595
ENSG00000252467	20	50518830	50518934
ENSG00000234892	22	43628147	43635016
ENSG00000221396	21	41949429	41949538
ENSG00000265323	HSCHR6_MHC_MANN	30945079	30945170
ENSG00000252654	20	50521508	50521569
ENSG00000259762	15	86293567	86296132
ENSG00000124224	20	56806188	56884495
ENSG00000263659	20	50557083	50557372
ENSG00000231474	HSCHR6_MHC_MANN	31042650	31047446
ENSG00000263967	9	92785723	92785817
ENSG00000203527	22	43671961	43679836
ENSG00000265380	18	71378564	71382725
ENSG00000233347	20	50726883	50727588
ENSG00000259416	15	86298172	86299468
ENSG00000233756	21	41987304	42002693
ENSG00000234910	9	92843579	92844851
ENSG00000237894	HSCHR6_MHC_MANN	31066942	31072606
ENSG00000236117	22	43796337	43805687
ENSG00000241866	18	71412170	71412464
ENSG00000234948	20	50827184	51266970
ENSG00000221634	15	86313727	86313809
ENSG00000185074	9	92978321	92979206
ENSG00000263655	18	71581640	71701396
ENSG00000263367	HSCHR6_MHC_MANN	31095736	31095835
ENSG00000230859	21	42235920	42236399
ENSG00000259195	15	86314221	86314394
ENSG00000257709	HSCHR6_MHC_MANN	31135350	31135519
ENSG00000225072	9	92994467	92995423
ENSG00000225785	20	51068003	51072158
ENSG00000062524	15	41795836	41806085
ENSG00000260569	18	71878626	71907790
ENSG00000258298	HSCHR6_MHC_MANN	31143168	31143430
ENSG00000225376	9	104230721	104243784
ENSG00000232465	20	51104461	51117130
ENSG00000231107	9	93063184	93195787
ENSG00000225714	HSCHR6_MHC_MANN	31153467	31153653
ENSG00000223843	22	43911997	43932747
ENSG00000243856	18	71894741	71895036
ENSG00000133433	22	24299601	24303373
ENSG00000234821	20	51127791	51128107
ENSG00000235297	18	72057119	72057532
ENSG00000233157	22	44155079	44155790
ENSG00000088899	20	3143263	3154192
ENSG00000180150	22	44198424	44198652
ENSG00000229613	9	93225806	93345026
ENSG00000232294	20	51288456	51307468
ENSG00000212710	18	19993564	19997878
ENSG00000259779	18	72076650	72080444
ENSG00000261251	22	44208336	44213274
ENSG00000226422	HSCHR6_MHC_MANN	31186478	31190647
ENSG00000264340	18	72228616	72229335
ENSG00000266837	22	44300476	44300561
ENSG00000236316	9	93504808	93505662
ENSG00000226496	21	42513427	42520060
ENSG00000229145	X	46147451	46148563
ENSG00000224856	22	44352907	44353228
ENSG00000238148	HSCHR6_MHC_MANN	31210528	31210949
ENSG00000232286	20	51474877	51479394
ENSG00000264247	18	72259010	72265744
ENSG00000236079	22	44809365	44810694
ENSG00000236751	X	46185359	46187080
ENSG00000229823	HSCHR6_MHC_MANN	31212937	31213410
ENSG00000270432	9	93513522	93514512
ENSG00000230636	20	51506701	51506925
ENSG00000232655	22	44839207	44840668
ENSG00000107249	9	3824127	4348392
ENSG00000257412	HSCHR6_MHC_MANN	31274582	31274949
ENSG00000262933	HG873_PATCH	14988217	14993851
ENSG00000252629	20	51679156	51679240
ENSG00000228216	9	93719542	93727675
ENSG00000228807	22	44879375	44879597
ENSG00000150457	13	21547171	21635686
ENSG00000231235	X	46277885	46279514
ENSG00000099974	22	24309089	24314721
ENSG00000199218	20	51714191	51714523
ENSG00000266774	18	73144658	73148912
ENSG00000229265	HSCHR6_MHC_MANN	31286806	31289978
ENSG00000260454	9	93759336	93764153
ENSG00000223492	20	51785182	51796089
ENSG00000215333	22	44962845	44964127
ENSG00000235587	X	46299144	46300149
ENSG00000261194	18	73408034	73424340
ENSG00000233055	9	104263925	104264167
ENSG00000227705	20	51812768	51825244
ENSG00000230537	9	93867239	93869586
ENSG00000237448	HSCHR6_MHC_MANN	31291541	31292743
ENSG00000266460	18	73556880	73580207
ENSG00000224072	X	46313532	46316634
ENSG00000271774	20	51872518	52103813
ENSG00000187012	22	44965219	44968221
ENSG00000234980	HSCHR6_MHC_MANN	31298730	31300181
ENSG00000264108	18	73720073	73727816
ENSG00000229694	9	93881344	93945044
ENSG00000228954	HSCHR6_MHC_MANN	31319022	31319755
ENSG00000231703	20	52014199	52029448
ENSG00000199226	X	46377201	46377303
ENSG00000263547	18	73834953	73857210
ENSG00000257967	HSCHR6_MHC_MANN	31347552	31347678
ENSG00000224530	20	52037738	52038195
ENSG00000184647	8	10383056	10411676
ENSG00000230844	X	46404928	46407843
ENSG00000233604	HSCHR6_MHC_MANN	31377183	31377729
ENSG00000234300	22	45002819	45021299
ENSG00000237422	9	93881420	93925369
ENSG00000266743	18	73885259	73889693
ENSG00000259723	20	52069597	52120853
ENSG00000263701	HSCHR6_MHC_MANN	31380966	31381072
ENSG00000198171	20	3170996	3185331
ENSG00000235825	8	7618852	7621862
ENSG00000231801	22	45047715	45048259
ENSG00000264260	18	73921465	73927657
ENSG00000262196	HG873_PATCH	14929064	14929532
ENSG00000206959	20	52161154	52161264
ENSG00000265068	9	104311968	104312053
ENSG00000224131	HSCHR6_MHC_MANN	31388244	31388845
ENSG00000235641	9	93921855	93927858
ENSG00000197670	20	52169309	52191847
ENSG00000270499	X	46420363	46422184
ENSG00000264595	18	73939945	73945342
ENSG00000266064	HG271_PATCH	79336072	79348014
ENSG00000223730	22	45297427	45298351
ENSG00000226732	HSCHR6_MHC_MANN	31391241	31391669
ENSG00000266014	18	73959680	73963343
ENSG00000213997	X	46506029	46506765
ENSG00000235415	20	52224893	52251129
ENSG00000230922	22	45396446	45399500
ENSG00000228179	HSCHR6_MHC_MANN	31392904	31393118
ENSG00000265717	18	73966247	73967169
ENSG00000230147	9	93931867	93932327
ENSG00000200606	15	59867827	59867922
ENSG00000226048	X	46544200	46545142
ENSG00000264504	HG271_PATCH	79349801	79359160
ENSG00000266747	HSCHR6_MHC_MANN	31412966	31413064
ENSG00000238468	20	52285236	52285297
ENSG00000227161	15	59936497	59964501
ENSG00000264212	18	73968846	73970292
ENSG00000221494	X	83480760	83480836
ENSG00000230302	9	104555736	104556038
ENSG00000099977	22	24313554	24322660
ENSG00000226328	22	45528901	45559662
ENSG00000225563	20	52416362	52417857
ENSG00000273381	9	93968457	93972581
ENSG00000215284	X	46584599	46585253
ENSG00000259657	15	59968956	59969520
ENSG00000263982	18	74084672	74090230
ENSG00000233484	X	83658906	83659032
ENSG00000233081	9	94188520	94189426
ENSG00000206685	X	46946905	46947011
ENSG00000241721	20	52491791	52492096
ENSG00000265512	HG271_PATCH	79361930	79364056
ENSG00000259238	15	59980716	59981617
ENSG00000258113	HSCHR6_MHC_MANN	31428753	31429053
ENSG00000265778	18	74203608	74205487
ENSG00000273243	22	45551420	45551892
ENSG00000201659	X	46992070	46992225
ENSG00000231836	HSCHR6_MHC_MANN	31451929	31457226
ENSG00000228595	9	94373625	94374774
ENSG00000259640	X	83755033	83757461
ENSG00000265729	HG271_PATCH	79434813	79435737
ENSG00000273353	22	45574871	45575191
ENSG00000237351	X	47016037	47017598
ENSG00000266256	18	74327169	74337897
ENSG00000234797	15	60060543	60061347
ENSG00000229216	HSCHR6_MHC_MANN	31526785	31527596
ENSG00000221598	22	45596835	45596900
ENSG00000266855	9	94398533	94398643
ENSG00000224975	X	47064320	47065264
ENSG00000236352	20	52556699	52559047
ENSG00000263865	HG271_PATCH	79486863	79486984
ENSG00000237211	X	84010144	84011011
ENSG00000273287	22	45658166	45659466
ENSG00000266312	18	74334963	74350968
ENSG00000227399	9	94768344	94768826
ENSG00000184402	20	60718822	60757540
ENSG00000236273	HSCHR6_MHC_MANN	31535410	31535989
ENSG00000237623	X	47132765	47133789
ENSG00000265595	20	52684947	52685024
ENSG00000264223	HG271_PATCH	79487847	79501576
ENSG00000259601	15	60163710	60165694
ENSG00000150459	13	21714653	21723221
ENSG00000213752	22	45671480	45671966
ENSG00000145321	4	72607410	72669758
ENSG00000252089	20	53476227	53476351
ENSG00000254597	8	7626499	7629510
ENSG00000232363	22	45831744	45844624
ENSG00000265116	HSCHR6_MHC_MANN	31543668	31543743
ENSG00000229055	18	74401986	74405592
ENSG00000238643	GL000229.1	17285	17399
ENSG00000259573	15	60257141	60258283
ENSG00000265325	HSCHR6_MHC_MANN	31548377	31548454
ENSG00000238120	22	46000312	46001501
ENSG00000185834	20	53691155	53691685
ENSG00000259558	15	60345403	60346291
ENSG00000265934	18	74415400	74416210
ENSG00000215750	GL000194.1	53590	56132
ENSG00000231647	HSCHR6_MHC_MANN	31549580	31550414
