ENSG00000261657	HG991_PATCH	66119285	66465398
ENSG00000223116	13	23551994	23552136
ENSG00000233440	13	23708313	23708703
ENSG00000207157	13	23726725	23726825
ENSG00000229483	13	23743974	23744736
ENSG00000252952	13	23791571	23791673
ENSG00000235205	13	23817659	23821323
ENSG00000232849	13	93708910	93710179
ENSG00000236803	13	23841645	23843289
ENSG00000232163	13	23947562	23948200
ENSG00000252365	13	94021100	94021213
ENSG00000229558	13	23993110	24002818
ENSG00000235784	13	94047230	94048108
ENSG00000224394	13	94470677	94488397
ENSG00000212559	13	94677724	94677852
ENSG00000232977	13	24040710	24061603
ENSG00000236520	13	94806447	94840245
ENSG00000227893	13	24072935	24077013
ENSG00000212057	13	95117554	95117644
ENSG00000222129	13	95303651	95303783
ENSG00000232102	13	24340073	24340243
ENSG00000242037	13	95351479	95351756
ENSG00000238230	13	95351948	95355116
ENSG00000227640	13	95364970	95368500
ENSG00000205861	13	24463028	24471402
ENSG00000235768	13	95409705	95411526
ENSG00000237924	13	95412807	95413269
ENSG00000260962	13	95612295	95613573
ENSG00000252335	13	95671489	95671590
ENSG00000238463	13	95862598	95862702
ENSG00000223298	13	95963084	95963209
ENSG00000196593	13	24513696	24520921
ENSG00000200211	13	95988360	95988455
ENSG00000271492	13	96046303	96046708
ENSG00000223392	13	96131698	96186164
ENSG00000228741	13	24553949	24609166
ENSG00000247400	13	96300987	96329179
ENSG00000225674	13	24696204	24697953
ENSG00000229622	13	96344792	96346226
ENSG00000252695	13	24736555	24736643
ENSG00000227213	13	24826887	24828577
ENSG00000227714	13	96346237	96346749
ENSG00000240868	13	24889863	24895736
ENSG00000232373	13	96346823	96347959
ENSG00000234627	13	24902349	24903210
ENSG00000251901	13	96366931	96367032
ENSG00000261498	13	24905588	24911259
ENSG00000226977	13	96461564	96461861
ENSG00000233545	13	24974841	24975167
ENSG00000242614	13	96821799	96822099
ENSG00000233273	13	97225913	97226753
ENSG00000205822	13	24982295	25171814
ENSG00000235137	13	97536096	97542067
ENSG00000243300	13	97593535	97636426
ENSG00000266216	13	25129366	25129451
ENSG00000244615	13	25140981	25144866
ENSG00000234267	13	97599891	97601181
ENSG00000243008	13	25141011	25171814
ENSG00000272329	13	97600272	97601838
ENSG00000211508	13	25183217	25183313
ENSG00000222472	13	97601503	97601787
ENSG00000207474	13	25277694	25277803
ENSG00000252154	13	97618195	97618268
ENSG00000225404	13	25278476	25278926
ENSG00000238522	13	97709633	97709734
ENSG00000233124	13	97824723	97831876
ENSG00000231417	13	25316815	25320322
ENSG00000202290	13	98015226	98015355
ENSG00000271625	13	98127996	98128713
ENSG00000226695	13	25324795	25326309
ENSG00000226134	13	98327265	98330217
ENSG00000238407	13	98538063	98538166
ENSG00000233291	13	98553907	98554542
ENSG00000270725	13	98591610	98605793
ENSG00000253771	13	25498815	25542625
ENSG00000232217	13	98639204	98639470
ENSG00000222969	13	98856089	98856446
ENSG00000263399	13	98860778	98860854
ENSG00000269189	13	98885904	98886954
ENSG00000269599	13	98981909	98985490
ENSG00000251299	13	25517713	25518636
ENSG00000231194	13	99087659	99088094
ENSG00000271437	13	99205497	99206034
ENSG00000232858	13	25562715	25563063
ENSG00000224418	13	99229498	99231084
ENSG00000256305	13	25715794	25716046
ENSG00000217686	13	99262546	99263130
ENSG00000234056	13	25746966	25754217
ENSG00000233549	13	99281940	99282243
ENSG00000238169	13	25755579	25763898
ENSG00000233662	13	99293068	99293493
ENSG00000225105	13	25767245	25784433
ENSG00000243366	13	99324234	99324529
ENSG00000235315	13	25780187	25780644
ENSG00000229918	13	99484338	99486883
ENSG00000261530	HG706_PATCH	75610476	75660403
ENSG00000221324	13	25820669	25820753
ENSG00000260509	13	25874262	25875576
ENSG00000231981	13	99601973	99602701
ENSG00000234152	13	25939937	25940293
ENSG00000265546	13	26027137	26027428
ENSG00000260666	HG706_PATCH	75418301	75455198
ENSG00000207298	13	99677488	99677599
ENSG00000199767	13	26091257	26091363
ENSG00000260992	13	99740073	99740879
ENSG00000180803	13	26437388	26437805
ENSG00000230871	13	99825847	99826744
ENSG00000242381	13	26518632	26518891
ENSG00000260334	HG185_PATCH	39868578	39872221
ENSG00000223158	13	26524842	26524959
ENSG00000231983	13	26626414	26627523
ENSG00000234005	13	99842833	99843245
ENSG00000228889	13	99848631	99852964
ENSG00000233963	13	26688547	26728313
ENSG00000201793	13	99857962	99858260
ENSG00000218502	13	99867626	99868012
ENSG00000207719	13	100008385	100008482
ENSG00000234706	13	26691686	26693102
ENSG00000228808	13	100024427	100024940
ENSG00000271559	13	26803469	26803781
ENSG00000238241	13	100060035	100061316
ENSG00000227882	13	26808350	26811266
ENSG00000266207	13	100105650	100105723
ENSG00000203441	13	100151981	100153306
ENSG00000234031	13	27151023	27151812
ENSG00000212197	13	100188573	100188650
ENSG00000234168	13	100229366	100232622
ENSG00000237001	13	27180681	27215501
ENSG00000234239	13	100234960	100235434
ENSG00000230256	13	27479499	27479998
ENSG00000223782	13	27551680	27551926
ENSG00000263615	13	100295313	100295403
ENSG00000218198	13	27591688	27592046
ENSG00000227659	13	100342335	100343225
ENSG00000232162	13	27736992	27743272
ENSG00000234303	13	100378501	100379745
ENSG00000230641	13	27746396	27757135
ENSG00000234772	13	27810419	27810948
ENSG00000201245	13	100436111	100436237
ENSG00000238305	13	100436308	100436411
ENSG00000207500	13	27829201	27829272
ENSG00000260738	13	100647153	100650163
ENSG00000207051	13	27829538	27829663
ENSG00000221756	13	27894150	27894296
ENSG00000225999	13	100680023	100680428
ENSG00000252247	13	27917785	27917883
ENSG00000229609	13	27947485	27948503
ENSG00000236554	13	100714550	100715855
ENSG00000201242	13	27976613	27976724
ENSG00000203602	13	28008286	28008752
ENSG00000252499	13	28062275	28062369
ENSG00000228501	13	100802735	100803346
ENSG00000226703	13	28270530	28271341
ENSG00000261125	HG185_PATCH	39873994	39890896
ENSG00000270632	13	100850441	100850723
ENSG00000207330	13	28402900	28403006
ENSG00000234650	13	101116694	101133411
ENSG00000247381	13	28407581	28495541
ENSG00000260704	13	28527663	28529507
ENSG00000242360	13	28563435	28563721
ENSG00000224356	13	101187995	101232371
ENSG00000271026	13	28641724	28642471
ENSG00000235115	13	28681568	28682014
ENSG00000234354	13	101192089	101192528
ENSG00000261485	13	28710980	28712330
ENSG00000237082	13	101276129	101276683
ENSG00000232587	13	28788650	28790034
ENSG00000200840	13	28806638	28806744
ENSG00000233009	13	101360579	101711638
ENSG00000235472	13	29172970	29174189
ENSG00000202237	13	29277839	29277944
ENSG00000214051	13	101408805	101409313
ENSG00000233588	13	29296523	29298158
ENSG00000229599	13	101593116	101596618
ENSG00000236339	13	29352695	29353074
ENSG00000272349	13	102369198	102369728
ENSG00000221670	13	29796699	29796778
ENSG00000201155	13	102431234	102431398
ENSG00000236758	13	29813516	29824691
ENSG00000215399	13	102454228	102454838
ENSG00000265164	13	102619992	102620096
ENSG00000223460	13	29880915	29881922
ENSG00000229975	13	102654475	102655660
ENSG00000270680	13	29913703	29914006
ENSG00000201690	13	102669303	102669419
ENSG00000179141	13	30050652	30064242
ENSG00000264482	13	102698284	102698354
ENSG00000236860	13	102915396	102915552
ENSG00000236258	13	30440096	30440306
ENSG00000224329	13	30446750	30462542
ENSG00000243319	13	102944677	103046869
ENSG00000224405	13	30492784	30500788
ENSG00000234445	13	103019889	103026016
ENSG00000122043	13	30510042	30524625
ENSG00000272143	13	103046980	103048053
ENSG00000266505	13	30596158	30597937
ENSG00000270581	13	103053821	103054807
ENSG00000261057	13	103241722	103242163
ENSG00000224511	13	30677315	30683012
ENSG00000269942	13	103331776	103332308
ENSG00000232117	13	30726023	30733758
ENSG00000238869	13	103374152	103374255
ENSG00000231633	13	103395340	103397574
ENSG00000232643	13	30728203	30728723
ENSG00000222301	13	103472343	103472419
ENSG00000266816	13	30780753	30780836
ENSG00000252928	13	30855902	30856006
ENSG00000250878	13	103532449	103548383
ENSG00000215049	13	30870284	30870872
ENSG00000272542	13	103541208	103542184
ENSG00000236463	13	30890497	30894040
ENSG00000234551	13	104077550	104080035
ENSG00000230474	13	104096970	104097318
ENSG00000225823	13	105466678	105467420
ENSG00000232307	13	106111404	106158030
ENSG00000238121	13	30914407	30951282
ENSG00000226620	13	106356629	106416789
ENSG00000225039	13	30993656	30996374
ENSG00000261577	HG185_PATCH	39910856	39943183
ENSG00000252550	13	106549872	106549992
ENSG00000236444	13	31002084	31002656
ENSG00000222643	13	106780720	106780837
ENSG00000222682	13	106807721	106807839
ENSG00000213411	13	31113734	31117598
ENSG00000233532	13	107028911	107030565
ENSG00000232489	13	31115780	31117034
ENSG00000174418	13	107078121	107078470
ENSG00000224117	13	31127807	31128830
ENSG00000272274	13	107270158	107283707
ENSG00000230156	13	107306264	107324511
ENSG00000237879	13	31377343	31384782
ENSG00000227590	13	107315785	107316195
ENSG00000174408	13	107516164	107516634
ENSG00000224743	13	31456070	31507983
ENSG00000196777	13	107594562	107594907
ENSG00000239050	13	107627286	107627374
ENSG00000221316	13	107773381	107773471
ENSG00000201847	13	107973243	107973311
ENSG00000221650	13	108183519	108183596
ENSG00000221473	13	108288379	108288464
ENSG00000227248	13	108440690	108487799
ENSG00000223177	13	108953560	108953679
ENSG00000232087	13	109132574	109134165
ENSG00000229938	13	109753609	109754267
ENSG00000236094	13	31456688	31457532
ENSG00000236242	13	109816250	109853831
ENSG00000238185	13	31547426	31551760
ENSG00000223617	13	109934321	109940081
ENSG00000230233	21	19986749	20022678
ENSG00000230403	13	31569299	31570275
ENSG00000236053	13	109962483	109964121
ENSG00000261163	HG185_PATCH	39958199	39968855
ENSG00000265841	21	20058408	20058482
ENSG00000231894	13	31651391	31689836
ENSG00000229792	13	110053043	110053988
ENSG00000221041	21	20076689	20076772
ENSG00000234854	13	110380629	110382354
ENSG00000198618	21	20230097	20230594
ENSG00000229427	13	31885426	31887058
ENSG00000255813	13	110407168	110407615
ENSG00000201161	13	110567443	110567767
ENSG00000231428	13	110705632	110707299
ENSG00000232193	21	20290252	20308177
ENSG00000229715	13	32420978	32527609
ENSG00000226204	21	20325582	20339376
ENSG00000265885	13	110750200	110750498
ENSG00000238629	13	111066552	111066653
ENSG00000235965	21	20418629	20420003
ENSG00000224821	13	111108743	111115634
ENSG00000235822	13	32559822	32565134
ENSG00000229289	21	20502841	20506741
ENSG00000237637	13	32599451	32605776
ENSG00000232814	13	111154922	111160526
ENSG00000226818	21	20616860	20618709
ENSG00000230633	13	32872291	32872849
ENSG00000255831	13	111291555	111292340
ENSG00000231620	21	20673930	20676056
ENSG00000215515	13	32958797	32960245
ENSG00000225239	13	111415021	111415480
ENSG00000212609	21	20717465	20717629
ENSG00000259831	13	111462023	111465431
ENSG00000212293	13	32994527	32994653
ENSG00000230198	21	20966155	20966422
ENSG00000270008	13	32999495	33007091
ENSG00000229152	13	111547406	111551519
ENSG00000271486	21	20993009	20993859
ENSG00000229336	21	21112023	21112464
ENSG00000229800	13	33051411	33052978
ENSG00000227105	13	111589106	111592131
ENSG00000215353	21	21131673	21132442
ENSG00000233480	21	21265593	21272069
ENSG00000225760	13	111635654	111642911
ENSG00000233236	21	21629065	21631133
ENSG00000225870	13	111748185	111755444
ENSG00000251851	21	21728060	21728164
ENSG00000252963	21	21728965	21729208
ENSG00000235875	13	111766159	111768025
ENSG00000207325	13	33337576	33337690
ENSG00000233676	21	21760646	21761157
ENSG00000226968	13	33451569	33485788
ENSG00000233644	13	111774999	111796611
ENSG00000234439	21	21797261	21798518
ENSG00000227352	13	111796652	111797080
ENSG00000227604	13	33528195	33528539
ENSG00000233206	21	21802755	21803074
ENSG00000221677	13	33615489	33615580
ENSG00000215881	13	112248356	112294426
ENSG00000230300	13	33732724	33738546
ENSG00000261258	HG185_PATCH	39968962	39979465
ENSG00000226903	13	112554299	112555490
ENSG00000224924	21	22114908	22175534
ENSG00000264989	13	112563079	112563148
ENSG00000200072	13	112706392	112706452
ENSG00000260385	13	112737863	112739785
ENSG00000229520	13	112760409	112761196
ENSG00000215351	21	22200445	22200940
ENSG00000224243	13	112761433	112762329
ENSG00000226771	21	22595616	22599150
ENSG00000260102	13	112851664	112855314
ENSG00000221210	21	22770068	22770146
ENSG00000234730	21	22939084	22987758
ENSG00000260343	13	112967781	112976072
ENSG00000198434	21	23006773	23007049
ENSG00000223626	13	112976881	112985539
ENSG00000237527	21	23027359	23058649
ENSG00000264726	13	113372159	113372228
ENSG00000232684	13	113399763	113409007
ENSG00000238265	21	23095613	23109639
ENSG00000234603	13	113539551	113539994
ENSG00000236581	13	33845516	33855471
ENSG00000267868	13	113619149	113620445
ENSG00000188403	15	20169919	20170354
ENSG00000235280	13	113621798	113623138
ENSG00000269356	13	113663092	113663738
ENSG00000233997	21	23119293	23169735
ENSG00000269376	13	113663985	113664633
ENSG00000231882	13	113782469	113783194
ENSG00000230371	13	113784730	113786368
ENSG00000259490	15	20192909	20193370
ENSG00000269125	13	113819316	113819497
ENSG00000227075	21	23305635	23348000
ENSG00000232662	13	113930931	113932049
ENSG00000270961	15	20209093	20209115
ENSG00000225083	13	114005988	114016183
ENSG00000233215	21	23381263	23470778
ENSG00000233613	13	114123216	114130450
ENSG00000271317	15	20210050	20210068
ENSG00000202347	13	114133230	114133393
ENSG00000227208	13	114451484	114454062
ENSG00000270783	15	20211158	20211188
ENSG00000233695	13	114518603	114542321
ENSG00000271197	15	20213655	20213685
ENSG00000272695	13	114567141	114569806
ENSG00000184856	21	23470936	23488847
ENSG00000227911	13	33907816	33909414
ENSG00000237699	13	114580581	114582349
ENSG00000271336	15	20216406	20216422
ENSG00000264288	13	33911020	33911109
ENSG00000265259	18	21852889	21853170
ENSG00000260753	HG185_PATCH	39981433	39992515
ENSG00000234340	21	23507018	23508403
ENSG00000230490	13	33929343	34250905
ENSG00000212051	18	21901650	21901699
ENSG00000226921	13	114581673	114586624
ENSG00000264365	18	21944751	21947948
ENSG00000273321	18	21982117	21982678
ENSG00000234535	13	34185104	34185659
ENSG00000232986	13	34231573	34234065
ENSG00000199636	18	22009469	22009573
ENSG00000265094	18	22015328	22019602
ENSG00000252397	13	34403676	34403786
ENSG00000263663	13	34486129	34486218
ENSG00000227254	13	34656566	34657447
ENSG00000229373	13	114586640	114626485
ENSG00000199196	13	34674848	34674975
ENSG00000215405	15	20737094	20747114
ENSG00000271850	13	34922180	35188307
ENSG00000225179	13	35009587	35214822
ENSG00000231136	21	23526270	23526619
ENSG00000260910	13	114629487	114631817
ENSG00000271901	13	35120066	35245319
ENSG00000202339	21	23577511	23577651
ENSG00000232487	13	114873044	114874295
ENSG00000226043	21	23582258	23793139
ENSG00000231910	13	35148341	35148803
ENSG00000264539	13	115009980	115010036
ENSG00000261728	13	35499971	35502213
ENSG00000223488	21	23808610	23810669
ENSG00000265450	13	115039303	115039383
ENSG00000232795	13	35759431	35760816
ENSG00000226158	13	115072121	115072541
ENSG00000234835	13	35825207	35825966
ENSG00000229723	13	115095034	115099423
ENSG00000268343	15	21004687	21005367
ENSG00000221519	13	36068551	36068674
ENSG00000236036	13	36271661	36273393
ENSG00000207203	13	36841305	36841411
ENSG00000169861	21	10862622	10863067
ENSG00000266047	13	36929928	36930015
ENSG00000223383	13	37064215	37064578
ENSG00000222602	13	37302739	37302829
ENSG00000235306	13	37314178	37315000
ENSG00000223543	13	37316015	37316602
ENSG00000215486	13	37363469	37369187
ENSG00000261631	HG185_PATCH	39991937	40004636
ENSG00000230031	15	21040701	21071643
ENSG00000271337	13	37378335	37379439
ENSG00000236711	13	37423503	37424183
ENSG00000228825	13	37496676	37497045
ENSG00000232378	13	37500575	37501356
ENSG00000226161	13	37512537	37513631
ENSG00000221100	13	37608814	37608929
ENSG00000202395	13	37740489	37740795
ENSG00000230283	13	37794997	37795383
ENSG00000234034	21	23872924	23892377
ENSG00000230390	13	38055604	38058906
ENSG00000263796	21	24052992	24053286
ENSG00000199276	13	38428989	38429107
ENSG00000225906	21	24254903	24256321
ENSG00000228036	13	38567222	38568857
ENSG00000230972	21	24437813	24503528
ENSG00000259896	HG185_PATCH	40009797	40021683
ENSG00000223685	13	38624954	38717369
ENSG00000219368	21	24462350	24464153
ENSG00000236354	13	39107480	39119436
ENSG00000231058	21	24473545	24475396
ENSG00000229437	13	39150777	39153131
ENSG00000223078	21	24654058	24654231
ENSG00000234701	13	39191556	39192077
ENSG00000228592	21	24733426	24757182
ENSG00000252795	13	39353561	39353653
ENSG00000212049	13	39364781	39364891
ENSG00000270824	15	21215823	21215845
ENSG00000225350	13	39395935	39401707
ENSG00000225221	13	39476524	39476787
ENSG00000270451	15	21216780	21216798
ENSG00000235550	13	39496864	39510336
ENSG00000223822	21	24762579	24763317
ENSG00000271255	15	21217888	21217918
ENSG00000214823	13	39743773	39744088
ENSG00000271305	15	21220377	21220407
ENSG00000238408	13	40021252	40021353
ENSG00000216014	13	40226715	40226806
ENSG00000264171	13	40238171	40238272
ENSG00000237569	21	24779978	24781448
ENSG00000200526	13	40359552	40359647
ENSG00000224351	13	40391878	40392186
ENSG00000138593	15	49280673	49338760
ENSG00000270444	13	40430847	40431231
ENSG00000212553	13	40431272	40431364
ENSG00000270185	15	21223129	21223145
ENSG00000230710	13	40755946	40763165
ENSG00000271429	13	40798762	40798999
ENSG00000207458	13	40800964	40801069
ENSG00000268531	15	22011370	22012050
ENSG00000230058	13	40918094	40924440
ENSG00000252812	13	40981259	40981577
ENSG00000215483	13	41025131	41055143
ENSG00000229456	13	41192875	41195485
ENSG00000211491	13	41301964	41302011
ENSG00000207652	13	41384902	41384997
ENSG00000168852	13	41396432	41495890
ENSG00000233917	15	22051853	22083227
ENSG00000166157	21	10906201	11029719
ENSG00000260245	HG185_PATCH	40023160	40075239
ENSG00000176268	13	41437735	41438038
ENSG00000239827	13	41482295	41495910
ENSG00000229473	13	41566915	41567467
ENSG00000264226	13	41675155	41675236
ENSG00000199698	21	24804501	24804602
ENSG00000244264	13	41696012	41696305
ENSG00000227716	21	24849960	24863043
ENSG00000215482	13	41744836	41745284
ENSG00000231986	21	25261114	25262857
ENSG00000238651	13	41754117	41754223
ENSG00000225133	13	41773968	41774943
ENSG00000235564	21	25333220	25339588
ENSG00000231404	13	41861877	41862456
ENSG00000226996	21	25415572	25422601
ENSG00000264695	18	22069339	22071044
ENSG00000223280	13	41928693	41928795
ENSG00000224018	21	25527484	25560655
ENSG00000266489	18	22096847	22097970
ENSG00000214222	13	41958909	41959319
ENSG00000224832	21	25676863	25693690
ENSG00000266181	18	22102237	22102883
ENSG00000205240	13	42005425	42006446
ENSG00000237484	21	25801054	25920256
ENSG00000265485	18	22208146	22242162
ENSG00000234655	13	42013952	42015035
ENSG00000263553	18	22253127	22254312
ENSG00000266520	18	22265736	22266315
ENSG00000215480	13	42016906	42017786
ENSG00000266809	18	22269878	22270125
ENSG00000263907	13	42019427	42019503
ENSG00000266573	18	22305745	22509040
ENSG00000263928	13	42020193	42020261
ENSG00000264042	13	42024148	42024235
ENSG00000264190	13	42142422	42142531
ENSG00000241406	13	42381813	42382108
ENSG00000206962	13	42479254	42479360
ENSG00000264345	18	22513451	22567646
ENSG00000229696	13	42499734	42501485
ENSG00000229248	18	22596398	22597168
ENSG00000226093	13	42577566	42577773
ENSG00000231530	13	42617863	42618383
ENSG00000265552	18	22635564	22636724
ENSG00000237263	13	42643068	42645229
ENSG00000264434	18	22882090	22882920
ENSG00000265679	13	42747126	42747223
ENSG00000242216	18	23398200	23398496
ENSG00000270809	13	42755601	42756057
ENSG00000264193	18	23533180	23533432
ENSG00000234213	13	42830009	42830711
ENSG00000243925	18	23678803	23679190
ENSG00000260703	HG185_PATCH	40086887	40121903
ENSG00000233259	13	42943374	42943793
ENSG00000188985	18	23749724	23751313
ENSG00000271216	13	43384502	43386698
ENSG00000229546	13	43416550	43417023
ENSG00000266227	18	23784833	23785868
ENSG00000238025	13	43507994	43509028
ENSG00000256715	21	14741931	14745386
ENSG00000263829	18	23835662	23836319
ENSG00000229928	13	43732767	43733602
ENSG00000232540	13	43968661	43968961
ENSG00000266237	18	23845973	23847373
ENSG00000238189	13	44032601	44033259
ENSG00000252921	18	23879079	23879219
ENSG00000233821	13	44118054	44122192
ENSG00000264911	18	23928311	23928968
ENSG00000270522	13	44361727	44361988
ENSG00000207160	18	23946265	23946370
ENSG00000263862	18	24002959	24006065
ENSG00000166351	21	14982498	15013906
ENSG00000252846	18	24166678	24166762
ENSG00000233725	13	44482850	44604597
ENSG00000263846	18	24179372	24180302
ENSG00000260283	HG185_PATCH	40122993	40131428
ENSG00000269011	21	15051621	15053459
ENSG00000260372	18	24235706	24770662
ENSG00000179611	13	44542560	44545335
ENSG00000168675	18	13217497	13652754
ENSG00000226519	13	44680514	44711372
ENSG00000227258	13	44716682	44813010
ENSG00000265369	18	24267585	24283602
ENSG00000235285	13	44720606	44732358
ENSG00000263677	18	24268075	24269632
ENSG00000230731	13	44808254	44817328
ENSG00000263382	18	24402777	24403943
ENSG00000237361	13	44974386	44980120
ENSG00000266184	18	24411484	24412396
ENSG00000266549	18	24532165	24532522
ENSG00000225727	13	45011343	45026963
ENSG00000265374	18	24805706	24827152
ENSG00000262684	HG185_PATCH	40132691	40173905
ENSG00000230793	13	45168994	45170218
ENSG00000188992	21	15481134	15583166
ENSG00000238932	13	45202705	45202809
ENSG00000237585	13	45225948	45275152
ENSG00000235097	13	45373639	45383766
ENSG00000223732	13	45556212	45657260
ENSG00000265802	13	45576285	45576580
ENSG00000223341	13	45634864	45635221
ENSG00000271818	13	45697228	45697549
ENSG00000252055	13	45711997	45712100
ENSG00000270381	13	45837825	45838050
ENSG00000221163	13	45874149	45874235
ENSG00000253051	13	45910449	45910582
ENSG00000199477	13	45911615	45911744
ENSG00000273149	13	45914174	45915318
ENSG00000185272	21	15588451	15600693
ENSG00000182974	15	22368478	22369561
ENSG00000226983	21	26212864	26430059
ENSG00000260770	HG185_PATCH	40173272	40181893
ENSG00000183706	15	22382382	22383507
ENSG00000170919	13	45915480	45965872
ENSG00000227090	21	26258990	26275070
ENSG00000230379	21	26310745	26365129
ENSG00000270505	15	22448382	22448819
ENSG00000269182	15	22456895	22460351
ENSG00000259261	15	22472918	22473353
ENSG00000237444	21	26403318	26403842
ENSG00000244278	21	26427848	26442219
ENSG00000155304	21	15743436	15755805
ENSG00000260320	HG185_PATCH	40181828	40219330
ENSG00000228886	13	45924458	45925485
ENSG00000214455	13	45964486	45965402
ENSG00000251015	13	45992297	45994506
ENSG00000229303	13	46010256	46010795
ENSG00000200709	13	46125620	46125738
ENSG00000197414	15	22736246	22746002
ENSG00000232786	13	46126998	46127271
ENSG00000228869	13	46245980	46246526
ENSG00000235366	13	46255225	46256554
ENSG00000232512	21	26467335	26475983
ENSG00000237876	13	46261683	46262604
ENSG00000260178	HG185_PATCH	40257656	40268985
ENSG00000223870	21	26499782	26507561
ENSG00000235903	13	46626941	46687467
ENSG00000222042	21	26541745	26706139
ENSG00000238627	21	26574521	26574629
ENSG00000240767	13	46743594	46743883
ENSG00000238483	13	46809805	46809908
ENSG00000252854	13	46824077	46824348
ENSG00000251106	13	46844212	46844752
ENSG00000261097	13	46870580	46871979
ENSG00000223336	13	46948536	46948725
ENSG00000252385	13	46984589	46984692
ENSG00000166200	15	49398268	49447858
ENSG00000155307	21	15857549	15955723
ENSG00000241353	13	46917102	47012325
ENSG00000259958	HG185_PATCH	40269360	40277610
ENSG00000243440	21	15964251	16031142
ENSG00000231817	13	47029270	47060641
ENSG00000227019	13	47034744	47035256
ENSG00000205105	13	47064997	47065397
ENSG00000260325	HG185_PATCH	40277683	40279604
ENSG00000230243	13	47079253	47079571
ENSG00000224517	13	47426278	47430434
ENSG00000234590	13	47881217	47881436
ENSG00000244521	13	48033078	48033369
ENSG00000234145	13	48337595	48338741
ENSG00000229423	13	48340775	48341220
ENSG00000261378	HG185_PATCH	40281228	40311269
ENSG00000228573	13	48399465	48410091
ENSG00000153575	15	22833395	22873892
ENSG00000234689	13	48479464	48481492
ENSG00000260388	13	48504290	48506757
ENSG00000227848	13	48575525	48576688
ENSG00000263172	HG185_PATCH	39874406	39874512
ENSG00000229111	13	48651273	48654127
ENSG00000262688	HG185_PATCH	39886381	39886657
ENSG00000266571	HG185_PATCH	39993316	39993580
ENSG00000224510	13	48708494	48708670
ENSG00000260752	HG185_PATCH	40004770	40007699
ENSG00000231473	13	48870649	48877797
ENSG00000264151	18	24916343	25175128
ENSG00000238086	13	48890999	48894611
ENSG00000177197	13	48902220	48902700
ENSG00000233456	13	49144775	49147453
ENSG00000180530	21	16333556	16437321
ENSG00000233610	13	49151110	49152224
ENSG00000264790	18	24923216	24926074
ENSG00000222391	13	49326225	49326292
ENSG00000225131	13	49345264	49345965
ENSG00000244329	18	24935370	24935728
ENSG00000265585	13	49504256	49504348
ENSG00000201662	13	49562051	49562153
ENSG00000263611	18	24977916	24981868
ENSG00000223724	13	49618215	49620930
ENSG00000265097	18	24998848	25000399
ENSG00000199788	13	49669527	49669628
ENSG00000235957	13	49761615	49761806
ENSG00000263405	18	25032478	25033621
ENSG00000231665	13	49784558	49786430
ENSG00000227279	18	25534483	25543651
ENSG00000236577	13	50063106	50063500
ENSG00000137824	15	41028082	41048049
ENSG00000266296	18	26231696	26233172
ENSG00000176882	13	50194450	50194784
ENSG00000261371	HG183_PATCH	62399863	62491136
ENSG00000265994	18	26365032	26369224
ENSG00000203547	13	50243040	50243254
ENSG00000271238	18	26404616	26404790
ENSG00000222148	13	50463770	50463864
ENSG00000181358	13	50464727	50467134
ENSG00000251719	18	26628584	26628683
ENSG00000265730	18	26675539	26675643
ENSG00000200064	13	50482770	50482866
ENSG00000212085	18	26776406	26776492
ENSG00000264526	13	50526670	50526750
ENSG00000264864	13	50570551	50570637
ENSG00000266479	18	26836782	26837025
ENSG00000259458	15	62929371	62937490
ENSG00000265980	18	26858474	26941928
ENSG00000221731	18	27063293	27063388
ENSG00000264587	18	27098224	27128206
ENSG00000266196	18	28293241	28294252
ENSG00000265670	18	28534786	28560883
ENSG00000251702	18	28564072	28564181
ENSG00000261521	18	28638806	28639359
ENSG00000231607	13	50601269	50699856
ENSG00000238376	18	28652470	28652573
ENSG00000238660	21	26711319	26711413
ENSG00000265888	18	28681551	28742752
ENSG00000213885	21	26734135	26734745
ENSG00000263698	18	28711419	28712457
ENSG00000185433	21	26758133	26804013
ENSG00000266729	18	28923331	29006951
ENSG00000238314	21	26842421	26842513
ENSG00000229962	21	26887785	26890650
ENSG00000208006	13	50623109	50623197
ENSG00000207019	18	28925325	28925430
ENSG00000214359	13	50673467	50674004
ENSG00000234883	21	26934221	26947480
ENSG00000207240	18	28962280	28962393
ENSG00000266521	18	29076608	29077158
ENSG00000232150	13	50746225	50747317
ENSG00000260583	21	26955082	26955638
ENSG00000264859	18	29122109	29136874
ENSG00000237731	21	27015801	27016528
ENSG00000223676	13	50935546	50935899
ENSG00000227054	21	27064492	27064866
ENSG00000263304	HG183_PATCH	62526397	62546003
ENSG00000252379	18	29249252	29249341
ENSG00000221198	13	50937284	50937373
ENSG00000235514	21	27135249	27135644
ENSG00000229323	13	51095069	51101585
ENSG00000259985	18	29265618	29266786
ENSG00000200472	18	29298856	29299171
ENSG00000137880	15	41056218	41059906
ENSG00000265158	18	29304161	29306919
ENSG00000233783	21	27306373	27315001
ENSG00000263772	18	29306006	29306360
ENSG00000237152	13	51381992	51423190
ENSG00000251972	21	27315359	27315460
ENSG00000263924	18	29424351	29425141
ENSG00000200711	13	51387124	51387242
ENSG00000224541	21	27530409	27548142
ENSG00000270518	18	29462583	29462865
ENSG00000270879	18	29464821	29465106
ENSG00000273492	21	27543189	27589700
ENSG00000222320	18	29517496	29517602
ENSG00000233672	13	51450822	51484848
ENSG00000263823	18	29522538	29524119
ENSG00000206802	21	27563026	27563132
ENSG00000265273	18	29542141	29543581
ENSG00000229025	21	27722099	27722953
ENSG00000266105	18	29546923	29547508
ENSG00000232692	21	27750871	27844017
ENSG00000263917	18	29598792	29691742
ENSG00000265063	18	29640868	29640952
ENSG00000214917	18	29655848	29656235
ENSG00000265008	18	29671258	29672082
ENSG00000238982	18	29674467	29674569
ENSG00000262917	HG183_PATCH	62555145	62574426
ENSG00000263393	18	29702363	29704441
ENSG00000199373	18	29756013	29756131
ENSG00000265279	18	29775989	29776929
ENSG00000263904	18	29825909	29828995
ENSG00000222395	18	29843098	29843201
ENSG00000264982	18	29867400	29870303
ENSG00000215492	18	29991471	29993167
ENSG00000260389	18	30091626	30094597
ENSG00000104129	15	41060067	41099675
ENSG00000221621	18	30106105	30106185
ENSG00000177150	18	13663346	13726662
ENSG00000263688	18	30161491	30162791
ENSG00000123201	13	51568647	51654998
ENSG00000155313	21	17102344	17252377
ENSG00000197934	21	27765954	27941571
ENSG00000273115	21	27832222	27832533
ENSG00000223563	21	28261695	28312061
ENSG00000266133	21	28326280	28326362
ENSG00000215326	21	28515663	28516268
ENSG00000231236	21	28731204	28820898
ENSG00000236332	21	28733483	28768106
ENSG00000222920	13	51601883	51601988
ENSG00000226792	13	51656984	51746524
ENSG00000214878	13	51735859	51736493
ENSG00000271242	13	51770017	51770217
ENSG00000263077	HG183_PATCH	62576980	62585072
ENSG00000266072	13	51922703	51922775
ENSG00000269965	13	51935701	51936371
ENSG00000270101	13	51936795	51937579
ENSG00000101638	18	44259081	44339220
ENSG00000236778	13	52026503	52126500
ENSG00000232560	21	18811208	18821503
ENSG00000265146	HSCHR19LRC_COX2_CTG1	54785613	54785684
ENSG00000262931	HSCHR19LRC_COX2_CTG1	55043099	55043205
ENSG00000224892	13	52028300	52035451
ENSG00000243900	13	52043886	52044181
ENSG00000229906	13	52070156	52070387
ENSG00000266611	13	52126725	52126803
ENSG00000263046	HG183_PATCH	62584096	62615309
ENSG00000252141	13	52139548	52139645
ENSG00000206920	13	52160560	52160668
ENSG00000242893	13	52168057	52168351
ENSG00000224451	13	52172552	52173596
ENSG00000231856	13	52378433	52387356
ENSG00000232872	13	52482354	52484757
ENSG00000236044	13	52540878	52541285
ENSG00000261138	HG183_PATCH	62385676	62386050
ENSG00000217576	13	52741844	52865692
ENSG00000239823	HG183_PATCH	62467518	62467623
ENSG00000265031	HG183_PATCH	62502429	62502530
ENSG00000266804	HG183_PATCH	62539910	62540007
ENSG00000261387	HG183_PATCH	62568883	62569149
ENSG00000265387	HG183_PATCH	62578133	62578199
ENSG00000154639	21	18884700	18965897
ENSG00000265492	HG183_PATCH	62578574	62578673
ENSG00000263516	HG183_PATCH	62608135	62608217
ENSG00000243406	13	52741844	52768600
ENSG00000101654	18	13726659	13764557
ENSG00000261074	HG998_1_PATCH	139098179	139137687
ENSG00000078043	18	44388353	44500123
ENSG00000272281	13	52793479	52908412
ENSG00000156958	15	49447853	49660066
ENSG00000260220	HG998_1_PATCH	139173226	139198747
ENSG00000266342	HG998_1_PATCH	139141817	139143051
ENSG00000154640	21	18965971	18985265
ENSG00000233300	21	28739333	28740266
ENSG00000271236	15	41052795	41053072
ENSG00000217026	21	28792699	28793342
ENSG00000219592	21	28864437	28864580
ENSG00000234052	21	29011012	29025810
ENSG00000261183	15	41128006	41136585
ENSG00000188277	15	41062159	41064643
ENSG00000249139	20	44165625	44176065
ENSG00000225298	21	29094698	29123552
ENSG00000264256	15	41167511	41167608
ENSG00000260587	HG186_PATCH	50712672	51421329
ENSG00000251161	15	41199009	41201540
ENSG00000234083	21	29327240	29357614
ENSG00000259405	15	41240934	41241067
ENSG00000178457	21	29385682	29395552
ENSG00000259617	15	41291472	41297063
ENSG00000259463	15	41303795	41305498
ENSG00000232079	21	29420733	29509930
ENSG00000259521	15	41309005	41320091
ENSG00000259880	HG186_PATCH	51422478	51426828
ENSG00000259547	15	41401076	41401376
ENSG00000158901	20	44179792	44207965
ENSG00000140416	15	63334831	63364114
ENSG00000157021	15	41455360	41456572
ENSG00000240847	15	41484165	41484463
ENSG00000259956	HG186_PATCH	51428699	51435339
ENSG00000180205	20	44236578	44259907
ENSG00000154642	21	19161284	19191703
ENSG00000247556	15	41576188	41601901
ENSG00000260383	HG243_PATCH	145202919	145316830
ENSG00000243355	18	30359002	30359249
ENSG00000263765	18	30413417	30518280
ENSG00000263450	18	30534039	30537962
ENSG00000267642	18	31132087	31158151
ENSG00000199204	18	31581662	31581763
ENSG00000267746	18	31802929	31804725
ENSG00000267585	18	32153951	32154487
ENSG00000268873	18	32317759	32347627
ENSG00000221409	18	32399910	32399995
ENSG00000268573	18	32860831	32870165
ENSG00000257267	18	32870246	32890730
ENSG00000239683	18	32963318	32963989
ENSG00000267583	18	33023833	33047052
ENSG00000266965	18	33175865	33177563
ENSG00000267397	18	33296334	33297942
ENSG00000140577	15	91073157	91188577
ENSG00000267797	18	33421723	33422581
ENSG00000207797	18	33484781	33484889
ENSG00000261236	HG243_PATCH	145317005	145346273
ENSG00000265641	18	33514051	33514105
ENSG00000166140	15	41099284	41106767
ENSG00000267627	18	33531766	33546081
ENSG00000260552	18	33759959	33767411
ENSG00000267404	18	33853537	33854562
ENSG00000267456	18	33858698	33859082
ENSG00000101138	20	54967427	54979518
ENSG00000252078	18	34222576	34222647
ENSG00000267039	18	34481909	34503777
ENSG00000267651	18	34814082	34816205
ENSG00000154645	21	19273580	19639690
ENSG00000260623	HG186_PATCH	51433298	51537425
ENSG00000267707	18	34823739	34827179
ENSG00000267202	18	34853669	34856535
ENSG00000266530	18	35237098	35237178
ENSG00000243516	18	35252652	35253139
ENSG00000268566	18	36235173	36267962
ENSG00000222704	18	36596011	36596308
ENSG00000253038	18	36613971	36614074
ENSG00000271564	13	52908430	52916031
ENSG00000260428	HG243_PATCH	145321463	145323384
ENSG00000267374	18	36786888	37380282
ENSG00000199605	13	52974139	52974234
ENSG00000235660	13	53058296	53058815
ENSG00000180305	20	44258165	44259835
ENSG00000175886	18	36914836	36915639
ENSG00000244471	13	53063128	53073440
ENSG00000259396	15	41635278	41636423
ENSG00000266148	18	37256685	37256743
ENSG00000200407	15	41740940	41741042
ENSG00000068793	15	22892005	23006016
ENSG00000259838	15	41849225	41849633
ENSG00000212354	18	37258484	37258586
ENSG00000267413	18	37421138	37504804
ENSG00000180083	20	44277202	44298909
ENSG00000198384	13	53063128	53161222
ENSG00000260926	15	41901664	41904925
ENSG00000261715	18	37646250	37679197
ENSG00000207766	15	41983783	41983876
ENSG00000267664	18	37723890	37724468
ENSG00000270702	15	42010568	42010870
ENSG00000238333	18	38052785	38052846
ENSG00000260814	15	42062954	42064930
ENSG00000250379	15	42117297	42120134
ENSG00000182931	20	44313292	44333658
ENSG00000265557	GL000231.1	21878	21950
ENSG00000267313	18	39047395	39212149
ENSG00000154646	21	19641433	19858197
ENSG00000200293	15	42144111	42144227
ENSG00000264850	15	42158693	42158749
ENSG00000259792	15	78285747	78287631
ENSG00000174171	15	42184991	42190773
ENSG00000168634	20	44330655	44337456
ENSG00000221476	15	78330873	78330937
ENSG00000199633	15	78383514	78383639
ENSG00000267652	18	39369127	39369360
ENSG00000272003	15	42188137	42189031
ENSG00000225253	18	39399018	39399386
ENSG00000260988	15	78433585	78435515
ENSG00000259883	15	42213615	42221081
ENSG00000149651	20	44350990	44354469
ENSG00000267088	18	39669276	39669716
ENSG00000246740	15	42264961	42291292
ENSG00000259708	15	78542844	78556498
ENSG00000257797	15	42298330	42302315
ENSG00000272418	15	78573292	78574532
ENSG00000259562	15	78582869	78583563
ENSG00000261132	HG243_PATCH	145346494	145369625
ENSG00000259322	15	78585628	78588391
ENSG00000259413	15	78674915	78675497
ENSG00000259474	15	78772399	78774162
ENSG00000261762	15	78881465	78883618
ENSG00000267586	18	39739247	40271387
ENSG00000259555	15	78918237	78920535
ENSG00000261443	HG186_PATCH	51579011	51701025
ENSG00000101365	20	2639041	2644865
ENSG00000250299	13	53191693	53211581
ENSG00000261303	15	78952986	79027837
ENSG00000167216	18	44497455	44627658
ENSG00000124116	20	44376583	44420571
ENSG00000211579	13	53384179	53384274
ENSG00000150276	13	53394632	53395153
ENSG00000237092	13	53720674	53725943
ENSG00000225510	13	53774116	53776547
ENSG00000087589	20	54987168	55034396
ENSG00000241613	13	53832212	53832505
ENSG00000220990	13	53941980	53942091
ENSG00000213307	15	78953389	78953918
ENSG00000261517	13	54389554	54450254
ENSG00000238166	15	79044449	79045715
ENSG00000234787	13	54689924	54707001
ENSG00000243711	15	79155589	79156071
ENSG00000236532	21	29488413	29600986
ENSG00000271652	13	54690611	54690986
ENSG00000252061	15	79191182	79191278
ENSG00000207712	15	42491768	42491864
ENSG00000177699	15	79271231	79278268
ENSG00000136149	13	55014839	55015450
ENSG00000261002	15	42500611	42519188
ENSG00000154654	21	22370633	22915650
ENSG00000239022	15	79406635	79406701
ENSG00000266699	13	55380002	55380092
ENSG00000232855	21	29811667	30047170
ENSG00000260571	15	42605885	42606584
ENSG00000264387	13	55748589	55748683
ENSG00000228611	13	56573334	56574582
ENSG00000228319	13	56788507	56791076
ENSG00000226935	21	29911640	29912677
ENSG00000238455	13	57133758	57133859
ENSG00000259234	15	79484049	79576287
ENSG00000201665	13	57459418	57459736
ENSG00000271140	13	57747587	57747766
ENSG00000251894	21	30115530	30115613
ENSG00000230009	13	57778513	57778933
ENSG00000215005	21	30259602	30261594
ENSG00000166143	15	41107650	41120907
ENSG00000234421	13	57888873	57890043
ENSG00000215317	21	30274101	30276019
ENSG00000176054	21	30369934	30370354
ENSG00000207695	15	79502130	79502213
ENSG00000258461	15	42640301	42704515
ENSG00000273254	21	30396576	30397211
ENSG00000259419	15	79528674	79529548
ENSG00000225352	13	57965305	57965652
ENSG00000231125	21	30430394	30432416
ENSG00000202422	13	58565484	58565598
ENSG00000266543	15	79631072	79631156
ENSG00000232954	13	58785831	58807251
ENSG00000232687	21	30500022	30500509
ENSG00000261712	15	79705700	79706228
ENSG00000201984	21	30511604	30511705
ENSG00000222733	13	59101789	59101885
ENSG00000212479	21	30552747	30552960
ENSG00000214335	13	59102749	59105160
ENSG00000259493	15	79851598	79852646
ENSG00000224649	21	30554348	30560116
ENSG00000261698	HG243_PATCH	145371194	145381813
ENSG00000223717	13	59325181	59326367
ENSG00000259208	15	79960684	79961158
ENSG00000214281	13	59584466	59584738
ENSG00000166262	15	49619159	49913128
ENSG00000232647	13	59645596	59645937
ENSG00000215533	21	30565801	30660526
ENSG00000260674	15	80035653	80035810
ENSG00000271190	13	59836814	59837525
ENSG00000239003	13	60054204	60054266
ENSG00000213527	15	80044031	80044391
ENSG00000227528	13	60586885	60618491
ENSG00000265745	13	60608601	60608896
ENSG00000223815	13	60718832	60727639
ENSG00000176136	18	13824154	13826861
ENSG00000226332	20	60880488	60881381
ENSG00000202151	13	60761872	60761964
ENSG00000227336	13	60788486	60789080
ENSG00000265329	20	60907543	60907613
ENSG00000238213	13	60848910	60850140
ENSG00000212054	13	61026838	61026919
ENSG00000228812	20	60928051	60931536
ENSG00000223076	13	61187742	61187868
ENSG00000236608	13	61211022	61212231
ENSG00000229207	9	34318405	34319653
ENSG00000225249	13	61259333	61268662
ENSG00000185231	18	13882043	13915706
ENSG00000207032	9	34389941	34390049
ENSG00000233017	20	61004604	61006568
ENSG00000251697	9	34478620	34478903
ENSG00000206854	13	61363694	61363795
ENSG00000272050	20	61052926	61053650
ENSG00000230729	9	34521525	34524239
ENSG00000103642	15	63413999	63434260
ENSG00000253018	13	61390831	61390923
ENSG00000260542	20	61088965	61091152
ENSG00000227510	13	61491176	61494141
ENSG00000232983	9	34546522	34546994
ENSG00000266663	13	61773932	61774014
ENSG00000236056	21	30594642	30595578
ENSG00000212007	13	62334417	62334509
ENSG00000234033	13	62379283	62379809
ENSG00000174403	20	61141550	61148733
ENSG00000237159	9	34568013	34582827
ENSG00000248476	21	30723955	30734215
ENSG00000270856	13	62501223	62501405
ENSG00000229578	13	62578226	62603681
ENSG00000197299	15	91260558	91358859
ENSG00000273017	21	30731323	30731774
ENSG00000199017	20	61151510	61151586
ENSG00000230142	13	62798230	62824080
ENSG00000261215	9	34661900	34666026
ENSG00000207764	20	61162119	61162220
ENSG00000230074	9	34665662	34681295
ENSG00000226094	20	61169878	61170591
ENSG00000227611	13	62895438	62896531
ENSG00000253040	18	39850554	39850680
ENSG00000202250	18	41412124	41412230
ENSG00000229307	13	62897790	62902966
ENSG00000264490	20	61172797	61174714
ENSG00000267716	18	41619436	41620105
ENSG00000154719	21	26957968	26979829
ENSG00000257198	9	34832292	34838583
ENSG00000232105	13	62902121	62902517
ENSG00000202060	18	41651548	41651666
ENSG00000232121	20	61265033	61266856
ENSG00000267573	18	41900765	41902222
ENSG00000229882	20	61265124	61267214
ENSG00000261678	HG243_PATCH	145387965	145391184
ENSG00000271465	13	62980191	62981049
ENSG00000267337	18	41903401	42111662
ENSG00000228669	13	63246418	63306492
ENSG00000232803	20	61294371	61298076
ENSG00000267414	18	42256892	42259682
ENSG00000227564	13	63757234	63801189
ENSG00000187791	9	34889061	34895775
ENSG00000265957	18	42550047	42550131
ENSG00000175322	18	14057456	14132489
ENSG00000231061	13	64241814	64312151
ENSG00000267101	18	42710530	42761312
ENSG00000237687	20	61326376	61331832
ENSG00000215430	13	64316498	64316945
ENSG00000223669	20	61363918	61366699
ENSG00000237378	13	64322132	64325213
ENSG00000101160	20	57570240	57582302
ENSG00000228705	20	61405480	61406764
ENSG00000267097	18	43003729	43063183
ENSG00000178723	9	34917172	34918293
ENSG00000202478	13	64357934	64358037
ENSG00000229873	20	61431979	61436939
ENSG00000261587	HG243_PATCH	145407122	145410512
ENSG00000022277	20	55043647	55093943
ENSG00000213232	13	64385147	64385741
ENSG00000215199	9	34922181	34922918
ENSG00000233838	20	61476490	61477543
ENSG00000233148	9	35010700	35011282
ENSG00000241568	9	35049268	35049558
ENSG00000219926	13	64402973	64418258
ENSG00000266988	18	43063310	43109820
ENSG00000236527	20	61503602	61504428
ENSG00000234181	9	35096375	35098138
ENSG00000232118	21	30742340	30743547
ENSG00000215198	9	35147407	35149181
ENSG00000215432	13	64411166	64411589
ENSG00000228817	21	30742944	30746029
ENSG00000267354	18	43087167	43130148
ENSG00000272259	20	61640735	61716423
ENSG00000272299	13	64411428	64412164
ENSG00000259229	15	80050891	80051104
ENSG00000266968	18	43226118	43227895
ENSG00000239171	21	30761707	30761810
ENSG00000237849	13	64549584	64550555
ENSG00000234293	21	30868367	30872706
ENSG00000252995	15	80109691	80109792
ENSG00000267193	18	43249332	43327180
ENSG00000166145	15	41136216	41150405
ENSG00000227674	13	64560504	64650144
ENSG00000273464	21	31029726	31030151
ENSG00000259548	15	80124808	80125896
ENSG00000125514	20	61665569	61668380
ENSG00000261229	15	80135889	80136646
ENSG00000267558	18	43368495	43368632
ENSG00000214269	13	65532229	65533528
ENSG00000222179	18	43569619	43569911
ENSG00000174680	21	31120494	31136321
ENSG00000259770	15	80236840	80237920
ENSG00000237119	20	61669363	61685215
ENSG00000267293	18	43608272	43609795
ENSG00000252034	18	43656970	43657065
ENSG00000271364	15	80276493	80278066
ENSG00000214266	13	65883987	65885085
ENSG00000251939	18	43701581	43701687
ENSG00000231133	20	61726845	61733671
ENSG00000240983	18	44302938	44303186
ENSG00000180725	15	80282247	80282948
ENSG00000179766	9	35406752	35483026
ENSG00000259981	21	31462035	31470154
ENSG00000251881	15	80434400	80434469
ENSG00000270112	18	44336450	44340307
ENSG00000227342	21	31581469	31584101
ENSG00000236565	13	66362064	66362896
ENSG00000225978	20	61733483	61735738
ENSG00000259967	15	80458265	80459322
ENSG00000221685	13	66438305	66438398
ENSG00000225267	21	31635698	31636199
ENSG00000267167	18	44383187	44383857
ENSG00000259417	15	80487826	80544555
ENSG00000234767	13	66440306	66452351
ENSG00000260416	20	61758847	61760811
ENSG00000267587	18	44432595	44433845
ENSG00000263581	13	66540462	66540561
ENSG00000231977	20	61798149	61812255
ENSG00000263561	13	66792382	66792456
ENSG00000266957	18	44603732	44617651
ENSG00000207598	20	61809852	61809938
ENSG00000235737	13	66843129	66844590
ENSG00000267724	18	44632317	44634433
ENSG00000088881	20	2673524	2740753
ENSG00000266463	20	61870131	61870194
ENSG00000259361	15	80555410	80634147
ENSG00000234527	13	66878003	66897693
ENSG00000266104	20	61918160	61918218
ENSG00000238500	13	67204847	67204908
ENSG00000222439	20	61968691	61968801
ENSG00000228842	13	67399301	67489163
ENSG00000203900	20	61991340	62002529
ENSG00000244213	9	35449745	35450349
ENSG00000225263	13	67551564	67559908
ENSG00000235619	9	35507561	35507870
ENSG00000233840	13	67565018	67576139
ENSG00000227852	9	35592783	35592948
ENSG00000226390	20	62079404	62080682
ENSG00000214263	13	67840977	67841838
ENSG00000263892	9	35608091	35608156
ENSG00000201077	15	42719789	42719895
ENSG00000230226	20	62133640	62136464
ENSG00000231393	9	35642511	35643514
ENSG00000230040	13	67946519	67954108
ENSG00000261684	15	42824065	42825038
ENSG00000101162	20	57594309	57601709
ENSG00000227933	9	35646267	35647096
ENSG00000271287	13	68364539	68364926
ENSG00000232442	20	62258580	62260177
ENSG00000261822	15	42859229	42862192
ENSG00000269900	9	35657748	35658015
ENSG00000227969	13	68406008	68406959
ENSG00000140285	15	49715293	49780972
ENSG00000231667	13	68476487	68477374
ENSG00000260490	15	42864125	42864631
ENSG00000243136	9	35671773	35672039
ENSG00000229299	20	62376042	62377311
ENSG00000228843	9	35756709	35757937
ENSG00000226537	13	68485219	68486080
ENSG00000260282	15	42873354	42873686
ENSG00000183206	18	14507338	14543584
ENSG00000258010	15	80726136	80737493
ENSG00000231208	20	62439429	62447874
ENSG00000227388	9	35772160	35790429
ENSG00000234765	13	68863811	68865412
ENSG00000199805	20	62540308	62540472
ENSG00000239025	15	43000890	43000990
ENSG00000216141	20	62550834	62550950
ENSG00000263448	9	35811473	35811547
ENSG00000246283	15	43031316	43035400
ENSG00000259175	15	80846950	80855285
ENSG00000229910	13	68875737	68877434
ENSG00000216195	20	62551085	62551201
ENSG00000236083	9	35859059	35859980
ENSG00000101457	20	44420576	44440066
ENSG00000215946	20	62551365	62551481
ENSG00000260799	15	43093166	43094603
ENSG00000233659	9	35874807	35875191
ENSG00000266996	18	44542731	44544607
ENSG00000236433	13	68905470	68905745
ENSG00000272045	20	62572818	62572897
ENSG00000254793	15	43231508	43232556
ENSG00000154721	21	27011584	27089874
ENSG00000235387	9	35909480	35911683
ENSG00000207554	20	62573984	62574079
ENSG00000230405	13	69208322	69208618
ENSG00000205871	15	43407897	43408691
ENSG00000211588	20	10342736	10342878
ENSG00000231518	9	35930009	35937148
ENSG00000230750	20	10366427	10368454
ENSG00000229824	13	69228704	69229182
ENSG00000260928	15	43423206	43423884
ENSG00000261042	HG243_PATCH	145409038	145416175
ENSG00000196421	20	62665697	62671315
ENSG00000225639	9	35943207	35943931
ENSG00000267800	18	44663389	44663661
ENSG00000124172	20	57600522	57607437
ENSG00000234298	18	44548658	44550534
ENSG00000243671	13	69267938	69268213
ENSG00000235036	20	10593509	10594877
ENSG00000261687	15	43476277	43477339
ENSG00000201825	18	44760813	44760919
ENSG00000232380	13	69559190	69560196
ENSG00000270408	20	10625847	10627014
ENSG00000202211	15	43539878	43539979
ENSG00000213866	9	35971341	35972315
ENSG00000267761	18	44812096	45120914
ENSG00000225501	13	69675964	69676188
ENSG00000261679	15	43560102	43560586
ENSG00000185088	15	63418071	63450220
ENSG00000237371	20	62688156	62688437
ENSG00000237534	13	69796478	69866286
ENSG00000270792	20	10653576	10975572
ENSG00000260406	15	43594294	43594970
ENSG00000179443	9	35991333	35992282
ENSG00000232852	20	62921540	62924351
ENSG00000235221	13	69885465	69896233
ENSG00000243871	15	43683633	43683925
ENSG00000266582	18	44906867	44906936
ENSG00000183791	18	44554573	44556449
ENSG00000222398	15	43894741	43894846
ENSG00000224640	13	69982348	69982867
ENSG00000238535	15	43905880	43905983
ENSG00000261307	18	45027543	45084754
ENSG00000273463	9	36002993	36003660
ENSG00000224961	20	10733738	10734614
ENSG00000206991	15	43929830	43929936
ENSG00000149656	20	62921738	62944485
ENSG00000228307	9	36013181	36014130
ENSG00000224677	15	43941321	43941478
ENSG00000207495	13	70377072	70377173
ENSG00000267156	18	45156483	45157219
ENSG00000234900	20	10733926	10745934
ENSG00000270919	15	80872370	80872907
ENSG00000232314	13	70468233	70469217
ENSG00000267187	18	45229546	45230116
ENSG00000236110	9	36021689	36022110
ENSG00000232900	20	10855981	10889920
ENSG00000266542	15	80873444	80873580
ENSG00000222139	15	80956113	80956219
ENSG00000267541	18	45379604	45379828
ENSG00000222760	9	36267780	36267919
ENSG00000271983	15	80985557	80986048
ENSG00000230223	13	70681345	70713561
ENSG00000217809	20	10869230	10869736
ENSG00000269365	18	45404666	45408815
ENSG00000215283	9	36303496	36304921
ENSG00000208003	15	81134319	81134414
ENSG00000206181	18	44558943	44561988
ENSG00000270777	20	10981952	10982411
ENSG00000206944	18	45696155	45696261
ENSG00000202433	13	71033596	71033702
ENSG00000250973	21	31728833	31729203
ENSG00000266255	9	36823536	36823596
ENSG00000253033	18	45918962	45919021
ENSG00000226554	13	71497796	71498587
ENSG00000259546	15	81188531	81241208
ENSG00000265007	21	31747612	31747696
ENSG00000170122	9	116237	118417
ENSG00000258885	9	36856552	36861372
ENSG00000200872	18	46001858	46001971
ENSG00000230990	20	11214818	11282173
ENSG00000226846	13	71589273	71742549
ENSG00000266984	18	46004932	46005599
ENSG00000233640	21	31808784	31809282
ENSG00000264922	9	36864251	36864305
ENSG00000260619	15	81283145	81285599
ENSG00000266276	18	46196971	46197039
ENSG00000265368	9	36893459	36893528
ENSG00000225801	13	71870342	71871367
ENSG00000237841	21	31882625	31882815
ENSG00000249839	15	43955852	43976537
ENSG00000265855	15	81289758	81289814
ENSG00000235544	20	11326031	11326503
ENSG00000250850	9	37002694	37008037
ENSG00000267762	18	46199946	46214790
ENSG00000236534	13	72249199	72249601
ENSG00000235312	21	31886931	31887117
ENSG00000259461	15	81409976	81410681
ENSG00000125385	9	37046832	37047234
ENSG00000271397	20	11589084	11589696
ENSG00000218125	21	31898864	31899019
ENSG00000237816	13	72278313	72278787
ENSG00000271725	15	81595556	81601732
ENSG00000236612	21	31909597	31909700
ENSG00000237256	20	11601699	11602125
ENSG00000232920	9	37073528	37075789
ENSG00000256818	21	31964786	31965076
ENSG00000260100	9	37078810	37079773
ENSG00000233460	13	72420113	72420449
ENSG00000261411	20	11665792	11667971
ENSG00000259343	15	81616718	81654378
ENSG00000228422	20	11781111	11851363
ENSG00000236400	21	32114098	32114913
ENSG00000232881	13	72487842	72488316
ENSG00000238257	21	32135000	32135200
ENSG00000256874	20	11790813	11791095
ENSG00000233036	21	32174560	32174745
ENSG00000200037	13	72552226	72552344
ENSG00000222281	20	11799469	11799739
ENSG00000233137	9	37079893	37090398
ENSG00000227840	21	32179250	32179437
ENSG00000212377	13	73028040	73028105
ENSG00000271298	20	11819003	11819222
ENSG00000166128	15	63481668	63559981
ENSG00000227952	13	73034270	73034467
ENSG00000184586	21	32201357	32202078
ENSG00000236526	20	11890052	11899325
ENSG00000251715	13	73034657	73034739
ENSG00000256386	21	32201362	32202051
ENSG00000235292	20	12224543	12224944
ENSG00000199282	13	73160818	73160948
ENSG00000230437	20	12286261	12297133
ENSG00000226617	13	73277831	73278276
ENSG00000228941	21	32432919	32435487
ENSG00000237306	9	94789780	94790106
ENSG00000235698	20	12360704	12361903
ENSG00000206922	13	73280155	73280261
ENSG00000175063	20	44441215	44445596
ENSG00000232179	9	94871140	94871271
ENSG00000233048	20	12845850	12933167
ENSG00000233242	9	37112545	37115487
ENSG00000220981	13	73425226	73425307
ENSG00000237325	21	32824779	32825536
ENSG00000228069	9	94871295	94872377
ENSG00000199381	13	73455246	73455352
ENSG00000200502	9	37160134	37160234
ENSG00000237594	21	32931558	32932800
ENSG00000232041	13	73610539	73610986
ENSG00000269931	20	12915525	12916431
ENSG00000228292	9	37205109	37205365
ENSG00000230870	21	32999440	33000913
ENSG00000216070	9	37296020	37296101
ENSG00000124091	20	55066548	55100981
ENSG00000234265	20	12930986	12932275
ENSG00000236972	13	73674713	73675123
ENSG00000101166	20	57608200	57617964
ENSG00000206784	9	37322256	37322368
ENSG00000238288	9	94872450	94872796
ENSG00000261539	HG243_PATCH	145410334	145414279
ENSG00000224648	9	37383175	37384431
ENSG00000271426	20	13054315	13054960
ENSG00000200267	13	73687052	73687155
ENSG00000236156	9	37434174	37434583
ENSG00000265959	13	73698849	73698947
ENSG00000226263	20	13218448	13220321
ENSG00000264255	9	37459392	37459706
ENSG00000201253	13	73765665	73765804
ENSG00000166763	15	43991686	44010382
ENSG00000167220	18	44633774	44676891
ENSG00000206697	13	73801284	73801397
ENSG00000225956	20	13224711	13226016
ENSG00000187988	9	37477146	37478314
ENSG00000229708	13	73981905	73982489
ENSG00000236811	20	13373324	13374321
ENSG00000221328	20	13936410	13936503
ENSG00000224853	13	73987610	74222390
ENSG00000230188	9	37490418	37490890
ENSG00000212247	20	13953962	13954070
ENSG00000154723	21	27088815	27107984
ENSG00000230935	20	13984154	13984345
ENSG00000228295	13	74138381	74162207
ENSG00000234160	9	37509147	37510296
ENSG00000234187	20	14108046	14108982
ENSG00000235532	13	74805594	74834113
ENSG00000239923	20	14203687	14203976
ENSG00000233111	9	37636685	37637290
ENSG00000206617	13	74863237	74863351
ENSG00000199570	20	14332966	14333071
ENSG00000171448	9	125677845	125693779
ENSG00000227563	20	14527830	14528269
ENSG00000232701	13	74951300	74952088
ENSG00000201287	9	37661744	37662046
ENSG00000259372	15	81702858	81711358
ENSG00000124103	20	55092243	55101198
ENSG00000227927	20	14535030	14617170
ENSG00000232454	9	37836041	37836391
ENSG00000226240	13	74993310	75009296
ENSG00000104047	15	49913177	49937333
ENSG00000259543	15	81719789	82047558
ENSG00000240791	9	94872857	94873150
ENSG00000226055	9	37878113	37879490
ENSG00000213950	20	14738209	14738702
ENSG00000259594	15	81846344	81989121
ENSG00000088882	20	2774715	2781283
ENSG00000213839	9	37885680	37886387
ENSG00000235914	20	14864899	14910161
ENSG00000259610	15	81926228	81934531
ENSG00000236678	13	75117975	75139582
ENSG00000251745	9	37936704	37936765
ENSG00000213714	20	55108302	55111576
ENSG00000237832	20	14914489	14916009
ENSG00000200026	9	38147425	38147558
ENSG00000227321	9	94873147	94874179
ENSG00000259692	15	81952823	82163466
ENSG00000238313	9	38190404	38190504
ENSG00000199803	20	15002199	15002305
ENSG00000223716	9	38360424	38376427
ENSG00000201180	20	15003498	15003604
ENSG00000201136	15	43994561	43994668
ENSG00000259445	15	82245644	82288007
ENSG00000222500	20	15261410	15261519
ENSG00000225254	9	38452779	38454067
ENSG00000238494	15	44005342	44005445
ENSG00000225181	20	15532802	15533530
ENSG00000259622	15	82302553	82302948
ENSG00000212111	20	15539025	15539113
ENSG00000215165	9	38478468	38479347
ENSG00000222521	15	82336635	82336717
ENSG00000225944	13	75402690	75404217
ENSG00000224274	20	15600139	15600464
ENSG00000212170	15	82466565	82466726
ENSG00000206812	13	75683724	75683830
ENSG00000229511	9	38486856	38488335
ENSG00000225622	20	16204395	16205180
ENSG00000226665	13	75710291	75711077
ENSG00000205771	15	44019116	44039292
ENSG00000237487	9	38504444	38505479
ENSG00000221448	20	16390942	16391036
ENSG00000266534	13	75783114	75783173
ENSG00000104140	15	41164412	41166487
ENSG00000243085	9	38526828	38527029
ENSG00000226229	20	16566978	16567338
ENSG00000214249	13	75812080	75814432
ENSG00000200494	20	16651286	16651387
ENSG00000176007	9	38527094	38527909
ENSG00000223880	13	75824616	75826148
ENSG00000235208	20	16664753	16665049
ENSG00000259785	15	82590891	82626963
ENSG00000140564	15	91411822	91426688
ENSG00000225203	13	75949647	75951430
ENSG00000273036	9	38540564	38542762
ENSG00000228809	20	16695489	16711593
ENSG00000140157	15	23004684	23034427
ENSG00000259898	9	38542311	38542566
ENSG00000236985	20	16838607	16844793
ENSG00000261553	13	76123909	76381256
ENSG00000272934	9	38542386	38543212
ENSG00000212165	20	16963477	16963678
ENSG00000272904	9	38542476	38568419
ENSG00000251955	20	17168155	17168261
ENSG00000267228	18	44661027	44702652
ENSG00000220540	20	17168779	17168989
ENSG00000250989	9	38543101	38543443
ENSG00000267764	18	46352422	46361141
ENSG00000238833	20	17189705	17189865
ENSG00000225345	9	38566257	38568208
ENSG00000266905	18	46489321	46490311
ENSG00000261105	13	76178836	76210130
ENSG00000232241	20	17459730	17460076
ENSG00000261694	HG243_PATCH	145428004	145448145
ENSG00000264269	18	46550073	46574844
ENSG00000228444	13	76205407	76206271
ENSG00000232333	20	17497488	17497952
ENSG00000204860	9	38620471	38624987
ENSG00000230902	13	76262692	76263333
ENSG00000263849	18	46576057	46576138
ENSG00000234537	9	94894680	94900911
ENSG00000202260	20	17556851	17557155
ENSG00000223458	13	76452849	76455263
ENSG00000265128	18	46642671	46652849
ENSG00000230495	20	17579900	17580452
ENSG00000261206	13	76506531	76509268
ENSG00000221220	20	17823227	17823372
ENSG00000266696	18	46732282	46735151
ENSG00000154727	21	27106881	27144771
ENSG00000233625	20	17868007	17868804
ENSG00000237557	9	38643039	38643765
ENSG00000224933	13	76587159	76588637
ENSG00000263895	18	46958114	46973790
ENSG00000212555	20	17884406	17884505
ENSG00000252725	9	38680003	38680101
ENSG00000243274	13	76709067	76709360
ENSG00000087510	20	55204358	55214339
ENSG00000212232	20	17943353	17943589
ENSG00000264908	13	77460456	77460535
ENSG00000264971	18	46996173	46996593
ENSG00000228467	9	38804004	38851913
ENSG00000118903	13	77502200	77502970
ENSG00000218902	20	17992599	17992928
ENSG00000263916	18	47010906	47012519
ENSG00000234680	9	39016966	39039591
ENSG00000229262	20	18040137	18051652
ENSG00000233873	13	77555310	77556051
ENSG00000265496	18	47013709	47018248
ENSG00000226625	9	39154072	39155476
ENSG00000202093	18	47015615	47015678
ENSG00000227343	20	18070760	18071359
ENSG00000124203	20	57766075	57834168
ENSG00000228002	13	77559003	77562078
ENSG00000206602	18	47017653	47017717
ENSG00000271454	9	39159068	39160316
ENSG00000101470	20	44451853	44462384
ENSG00000234509	21	33025906	33031813
ENSG00000104142	15	41186628	41196173
ENSG00000271982	18	47018034	47018099
ENSG00000243695	9	39173791	39174510
ENSG00000238390	21	33036619	33036795
ENSG00000265182	18	47021517	47023266
ENSG00000138613	15	63568217	63601325
ENSG00000206589	15	44026377	44026483
ENSG00000273271	21	33039041	33039560
ENSG00000264912	9	39191097	39191355
ENSG00000236051	13	77649649	77672677
ENSG00000221792	15	44085857	44085957
ENSG00000223758	9	39368376	39368790
ENSG00000252597	20	18076215	18076276
ENSG00000264464	18	47025760	47028230
ENSG00000229046	21	33078868	33079177
ENSG00000207282	20	18094111	18094223
ENSG00000200391	15	44156091	44156203
ENSG00000251713	20	18150549	18150633
ENSG00000215112	9	39371062	39376913
ENSG00000267444	18	47176720	47177530
ENSG00000273091	21	33108045	33108720
ENSG00000227973	15	44168047	44168442
ENSG00000232943	20	18200757	18201156
ENSG00000234107	21	33212653	33213170
ENSG00000224038	9	39384503	39405302
ENSG00000267674	18	47266193	47268433
ENSG00000185607	15	44281259	44282382
ENSG00000229521	13	77654646	77655325
ENSG00000266720	20	18239200	18239495
ENSG00000011454	9	125703112	125867145
ENSG00000267322	18	47340393	47377429
ENSG00000231140	9	39395734	39397403
ENSG00000252635	20	18246334	18246523
ENSG00000224347	13	78173890	78180686
ENSG00000199719	20	18275787	18276095
ENSG00000224055	15	44355709	44356511
ENSG00000134049	18	44681413	44702745
ENSG00000237259	20	18294409	18295755
ENSG00000251992	18	47340503	47340646
ENSG00000203578	15	44564040	44564218
ENSG00000206800	13	78197507	78197607
ENSG00000198416	9	39443804	39464526
ENSG00000252139	18	47340731	47340813
ENSG00000230010	20	18303196	18339944
ENSG00000203411	15	44571085	44571275
ENSG00000227922	13	78233548	78233799
ENSG00000201668	18	47397925	47398036
ENSG00000203576	15	44575957	44576117
ENSG00000266325	13	78272147	78272251
ENSG00000200527	18	47472636	47472759
ENSG00000252403	20	18309650	18309746
ENSG00000267196	18	47496091	47497327
ENSG00000225579	13	78402357	78408085
ENSG00000237282	20	18359693	18362128
ENSG00000267511	18	47590165	47590810
ENSG00000241536	9	39485380	39485866
ENSG00000236474	20	18400804	18402098
ENSG00000267591	18	47625112	47625532
ENSG00000268819	9	39631025	39632395
ENSG00000240663	18	47733370	47733648
ENSG00000252422	20	18414486	18414588
ENSG00000267695	18	47828560	47839965
ENSG00000265137	20	18451259	18451335
ENSG00000251997	18	47845372	47845490
ENSG00000230281	9	39651897	39652392
ENSG00000221529	18	47927311	47927418
ENSG00000225511	9	94903580	94922396
ENSG00000225995	9	39654198	39655518
ENSG00000225419	20	18465909	18466696
ENSG00000239780	18	47984257	47985165
ENSG00000124205	20	57875482	57901047
ENSG00000128917	15	41221538	41231237
ENSG00000266087	9	39720399	39720657
ENSG00000267713	18	48195880	48196585
ENSG00000225529	9	39722430	39817308
ENSG00000214612	20	18485277	18485710
ENSG00000234377	13	78493824	79191463
ENSG00000264134	20	18526352	18526428
ENSG00000249336	9	39722432	39817308
ENSG00000226368	9	39860052	39860359
ENSG00000232388	20	18548064	18550207
ENSG00000236584	9	39897660	39897987
ENSG00000198326	20	2795614	2800930
ENSG00000225597	9	39900346	39906219
ENSG00000243702	20	18572974	18573261
ENSG00000228534	9	39925026	39926970
ENSG00000221806	20	18591691	18591811
ENSG00000232136	20	18623426	18624278
ENSG00000233379	13	78513297	78519009
ENSG00000234375	9	40063116	40085739
ENSG00000243035	13	78521628	78521907
ENSG00000233993	20	18655039	18679353
ENSG00000236133	13	78563507	78564781
ENSG00000241690	20	2795614	2798712
ENSG00000233324	20	18763068	18764334
ENSG00000229249	13	78587018	78627730
ENSG00000238996	9	94907365	94907468
ENSG00000180777	18	14728271	14852737
ENSG00000225273	15	82647360	82712277
ENSG00000101144	20	55743804	55841685
ENSG00000235625	13	78849855	78851649
ENSG00000185020	9	40293025	40339528
ENSG00000271386	13	78859973	78860423
ENSG00000179935	20	18768295	18774979
ENSG00000215474	18	44746293	44775554
ENSG00000258713	20	2795633	2796479
ENSG00000200686	13	78929362	78929463
ENSG00000229865	13	78996958	78997327
ENSG00000261230	HG243_PATCH	145448132	145464191
ENSG00000273148	20	18775173	18776711
ENSG00000224686	13	79062317	79062648
ENSG00000233628	9	40371838	40394460
ENSG00000264669	20	19106429	19106551
ENSG00000236717	9	94912664	94919727
ENSG00000237550	15	82664459	82748784
ENSG00000235996	20	19193496	19194121
ENSG00000271776	13	79170264	79173754
ENSG00000263868	13	79239973	79240065
ENSG00000179447	20	19222946	19265240
ENSG00000236247	9	40479776	40481177
ENSG00000188394	9	125796806	125797975
ENSG00000259206	15	82710856	82726435
ENSG00000237109	13	79335310	79335786
ENSG00000221748	20	19321940	19322016
ENSG00000215142	9	40491622	40633282
ENSG00000216017	20	19570741	19570831
ENSG00000172785	9	121041	188979
ENSG00000224809	9	94933523	94935776
ENSG00000225427	13	79361454	79366442
ENSG00000236115	9	94967638	94972440
ENSG00000188384	15	82751614	82769399
ENSG00000232675	20	19673853	19678220
ENSG00000239183	9	95054743	95054875
ENSG00000265605	9	40516806	40517064
ENSG00000215357	13	79423366	79425343
ENSG00000235283	9	40704468	40713709
ENSG00000229530	9	95101940	95103945
ENSG00000241341	9	40712985	40713384
ENSG00000204844	9	40715662	40722679
ENSG00000203575	15	44589782	44590272
ENSG00000239120	20	19715460	19715553
ENSG00000230584	13	79483054	79484677
ENSG00000196274	15	44595115	44595293
ENSG00000236361	9	40740776	40742447
ENSG00000233895	20	19738352	19790319
ENSG00000203574	15	44603029	44603177
ENSG00000237138	21	33393279	33394095
ENSG00000203573	15	44603873	44604051
ENSG00000236277	13	79664918	79668254
ENSG00000236931	9	40812916	40813390
ENSG00000203572	15	44614380	44614557
ENSG00000230323	21	33452629	33570125
ENSG00000243268	9	41028804	41030086
ENSG00000236992	20	19804087	19804587
ENSG00000250130	15	44646889	44647890
ENSG00000226670	13	79740254	79741020
ENSG00000236742	9	41031936	41032439
ENSG00000252496	13	79963669	79963766
ENSG00000264055	21	33524217	33524320
ENSG00000259499	15	44679518	44682649
ENSG00000241054	20	20075045	20076328
ENSG00000261610	21	33632115	33633896
ENSG00000268342	9	41054827	41056158
ENSG00000225417	20	20194943	20195906
ENSG00000227256	21	33650174	33653299
ENSG00000259595	15	44694883	44719342
ENSG00000227354	13	79980444	79998463
ENSG00000229500	20	20233947	20234482
ENSG00000232623	21	33678775	33681048
ENSG00000229471	9	41214067	41217717
ENSG00000265191	15	44726452	44726705
ENSG00000243810	20	20239051	20248453
ENSG00000259335	15	44739775	44741542
ENSG00000242871	21	33714826	33715062
ENSG00000264879	20	20297428	20297684
ENSG00000200792	21	33749496	33749631
ENSG00000264158	9	95290266	95290340
ENSG00000213384	20	20640354	20640608
ENSG00000232132	13	80051499	80055366
ENSG00000229007	21	33869122	33869621
ENSG00000259563	15	44808848	44809681
ENSG00000225551	9	95301335	95301466
ENSG00000223781	9	41277733	41298538
ENSG00000270793	20	20701830	20702522
ENSG00000227676	13	80140881	80144983
ENSG00000252045	21	33910609	33910744
ENSG00000213669	9	95439225	95439689
ENSG00000264361	20	20719078	20719374
ENSG00000252950	21	33935385	33935520
ENSG00000228858	9	41285357	41287306
ENSG00000229011	13	80378553	80379820
ENSG00000225803	20	20834764	20835285
ENSG00000186842	21	33944548	33948191
ENSG00000229175	13	80446721	80492079
ENSG00000234104	20	20951089	20953203
ENSG00000231757	9	41306133	41311985
ENSG00000132635	20	2815960	2821836
ENSG00000179523	15	44819455	44829121
ENSG00000228433	21	33993359	33994406
ENSG00000202398	13	80943561	80943669
ENSG00000231391	9	41313945	41323179
ENSG00000225127	20	21068245	21086999
ENSG00000227862	13	81193233	81194202
ENSG00000238220	21	33996726	33997406
ENSG00000234138	9	41418937	41433320
ENSG00000226683	13	81228890	81231162
ENSG00000235065	20	21095364	21095838
ENSG00000238197	21	34100426	34115433
ENSG00000237625	9	41475787	41476094
ENSG00000259659	15	44850027	44851386
ENSG00000231222	13	81462483	81463002
ENSG00000243935	9	41504853	41514094
ENSG00000206957	15	44989531	44989628
ENSG00000224427	21	34213806	34214121
ENSG00000234407	9	41516046	41523018
ENSG00000229246	13	81617805	81618577
ENSG00000207098	21	34214171	34214305
ENSG00000232360	21	34216677	34222244
ENSG00000270415	13	81689001	81689430
ENSG00000238980	13	81778398	81778491
ENSG00000259479	15	45118569	45176892
ENSG00000227757	21	34285957	34443410
ENSG00000227084	9	41529583	41550381
ENSG00000260094	13	81800000	81801118
ENSG00000229309	13	81824573	81876542
ENSG00000228961	21	34331196	34332874
ENSG00000198566	9	41588823	41609544
ENSG00000222486	13	81839882	81839972
ENSG00000237148	13	81847026	81847305
ENSG00000214182	13	82264046	82265207
ENSG00000229707	9	41630397	41630883
ENSG00000269692	9	41776064	41777434
ENSG00000237099	13	83397266	83398271
ENSG00000231511	9	41796924	41797395
ENSG00000270400	13	83719675	83720038
ENSG00000175387	18	45357922	45457515
ENSG00000222791	13	83872206	83872302
ENSG00000234720	9	41799259	41800556
ENSG00000215037	13	84481436	84481916
ENSG00000226108	9	41879688	41880646
ENSG00000224188	13	84594462	84594897
ENSG00000228597	13	85094238	85095703
ENSG00000232239	9	41884765	41886211
ENSG00000232447	13	85095860	85098050
ENSG00000229273	9	41954580	41955037
ENSG00000233349	13	85136499	85137371
ENSG00000204837	9	41961615	42019580
ENSG00000226370	13	85639222	85653055
ENSG00000264356	9	42031881	42032162
ENSG00000226317	13	85937736	86118705
ENSG00000104043	15	50150435	50475014
ENSG00000252724	9	42037464	42037558
ENSG00000207012	13	86158883	86158988
ENSG00000232798	9	42037568	42037913
ENSG00000228241	13	86543134	86543668
ENSG00000232252	13	86634948	86745025
ENSG00000184961	9	42128839	42129419
ENSG00000165209	9	125871779	126030855
ENSG00000214181	13	86927755	86929524
ENSG00000187984	9	95571670	95650975
ENSG00000237846	9	42250840	42251545
ENSG00000261297	HG243_PATCH	145464645	145471798
ENSG00000182511	15	91426925	91439006
ENSG00000231879	13	87377755	87378308
ENSG00000230804	9	42266980	42267558
ENSG00000170113	15	23043277	23100005
ENSG00000228136	9	42275939	42298165
ENSG00000233528	13	87564173	87589271
ENSG00000236966	9	42276765	42277236
ENSG00000228074	13	87871259	87871524
ENSG00000054796	20	55904815	55919050
ENSG00000228473	13	88031727	88032513
ENSG00000225679	9	42312410	42316345
ENSG00000232636	13	88079455	88099490
ENSG00000228871	9	42332815	42338938
ENSG00000228824	13	88079469	88323514
ENSG00000088970	20	21106624	21227260
ENSG00000233207	9	42363048	42367092
ENSG00000212441	9	42378941	42379047
ENSG00000074410	15	63613577	63674360
ENSG00000234812	9	42436293	42436520
ENSG00000272515	13	88260162	88261489
ENSG00000266052	13	88270920	88270995
ENSG00000231390	9	42438100	42438973
ENSG00000223404	13	88453291	88456063
ENSG00000272046	13	88459889	88463487
ENSG00000232204	13	88542427	88544727
ENSG00000232539	21	34430135	34437289
ENSG00000231019	13	88795122	88888337
ENSG00000259187	15	45118738	45119292
ENSG00000223059	13	88840114	88840175
ENSG00000238845	15	45135810	45135922
ENSG00000223839	9	42466317	42474239
ENSG00000225289	13	88888802	88889224
ENSG00000212424	15	45176814	45176978
ENSG00000259742	15	45207000	45222820
ENSG00000229443	13	89193119	89197764
ENSG00000261666	13	89279107	89282651
ENSG00000259231	15	45211574	45213018
ENSG00000233211	13	89630701	89631039
ENSG00000252117	15	45219798	45219901
ENSG00000252475	15	45255028	45255131
ENSG00000232225	13	89867101	89889144
ENSG00000259304	15	45262233	45263376
ENSG00000087495	20	58152564	58422766
ENSG00000227247	13	89901072	89902354
ENSG00000224681	9	42478013	42478478
ENSG00000234660	13	89925457	89932494
ENSG00000252288	15	45265756	45265859
ENSG00000227069	9	42491162	42492070
ENSG00000212550	15	45295062	45295226
ENSG00000225530	13	90013414	90015478
ENSG00000259418	15	45333914	45350905
ENSG00000232433	9	42493617	42494809
ENSG00000252171	15	45339301	45339413
ENSG00000226037	13	90129862	90152763
ENSG00000266353	9	42579907	42579973
ENSG00000259352	15	45365690	45366246
ENSG00000259539	15	45444862	45459724
ENSG00000225380	9	42751727	42752381
ENSG00000259519	15	45462542	45492156
ENSG00000259932	15	45490715	45491337
ENSG00000224567	9	42779314	42779707
ENSG00000236176	13	90200945	90206058
ENSG00000183784	9	213108	215893
ENSG00000260035	15	45492523	45492830
ENSG00000225433	9	42779843	42779998
ENSG00000271395	13	90203487	90204643
ENSG00000067900	18	18526867	18691812
ENSG00000261709	15	45506646	45507242
ENSG00000234227	13	90485411	90486195
ENSG00000230455	9	42808660	42812274
ENSG00000200733	13	90489424	90489491
ENSG00000259338	15	45507745	45508141
ENSG00000267233	18	48340762	48342100
ENSG00000215418	13	90644085	90645132
ENSG00000259520	15	45543884	45571449
ENSG00000239689	18	48349947	48350490
ENSG00000261446	13	90712506	90771973
ENSG00000252696	13	90787966	90788095
ENSG00000200752	18	48485637	48485749
ENSG00000184906	9	42845768	42859085
ENSG00000240820	18	48633124	48633416
ENSG00000235879	13	90823120	90824053
ENSG00000128965	15	41245160	41248710
ENSG00000267717	18	48684652	48685753
ENSG00000224419	13	90882638	90883936
ENSG00000207154	18	48810103	48810266
ENSG00000156750	9	42858072	42876505
ENSG00000260313	HG243_PATCH	145478520	145483451
ENSG00000207858	13	90883436	90883531
ENSG00000234384	13	91145541	91187334
ENSG00000227115	18	48872619	49088939
ENSG00000269225	9	43007105	43008297
ENSG00000251753	13	91434020	91434123
ENSG00000231674	13	91543208	91578851
ENSG00000269788	9	43009842	43010747
ENSG00000227983	13	91675986	91676208
ENSG00000233244	9	43027748	43032877
ENSG00000234625	13	91739508	91741847
ENSG00000234416	9	43062929	43063757
ENSG00000229557	13	91779867	91783661
ENSG00000266201	18	48947433	48948044
ENSG00000232863	9	43065382	43065609
ENSG00000266003	18	48959807	48961153
ENSG00000237587	9	43102670	43113526
ENSG00000214178	13	91924335	91924831
ENSG00000199509	20	21119597	21119715
ENSG00000238885	18	49072717	49072818
ENSG00000228604	20	21129382	21143531
ENSG00000238415	9	43122799	43122905
ENSG00000226527	21	34484005	34496009
ENSG00000265402	18	49139009	49139480
ENSG00000233074	9	43140537	43142739
ENSG00000224303	9	43144980	43160008
ENSG00000265712	18	49213895	49214579
ENSG00000226433	21	34528938	34531416
ENSG00000215417	13	92000074	92006833
ENSG00000215457	18	49371377	49371998
ENSG00000223799	21	34636178	34638565
ENSG00000234344	9	43162901	43169024
ENSG00000232712	20	21134664	21198927
ENSG00000266335	18	49862731	49865395
ENSG00000252772	9	95583259	95583361
ENSG00000221291	18	50463664	50463773
ENSG00000272659	21	34681796	34682486
ENSG00000226721	9	95599108	95599950
ENSG00000255769	15	82765134	82798350
ENSG00000263872	18	50763471	50763560
ENSG00000236322	9	43184068	43189411
ENSG00000226501	21	34706877	34707402
ENSG00000264263	18	51007205	51094653
ENSG00000214535	20	21146846	21147236
ENSG00000266892	21	34836773	34836865
ENSG00000215088	21	34853887	34854502
ENSG00000252508	13	92712097	92712222
ENSG00000263438	18	51094817	51124221
ENSG00000226875	20	21246492	21247103
ENSG00000229287	13	92832968	92833138
ENSG00000197805	9	43313699	43314502
ENSG00000124104	20	44462449	44471914
ENSG00000231355	21	34854806	34856565
ENSG00000232885	13	92992047	92992856
ENSG00000233956	21	34890917	34891415
ENSG00000224828	9	43318619	43319576
ENSG00000236240	13	93136859	93162347
ENSG00000221095	15	82769264	82769347
ENSG00000225280	20	21378456	21381029
ENSG00000240994	15	82770180	82770459
ENSG00000263741	13	93142416	93142473
ENSG00000260433	18	51105993	51107429
ENSG00000229489	9	43399987	43401315
ENSG00000235984	13	93353642	93373867
ENSG00000223128	20	21405396	21405679
ENSG00000242945	18	51131624	51132095
ENSG00000226405	20	21468882	21469263
ENSG00000186322	15	82804003	82810874
ENSG00000223512	9	43403148	43403646
ENSG00000227693	20	21482033	21482606
ENSG00000221058	18	51612956	51613026
ENSG00000269474	9	43425713	43427044
ENSG00000264296	18	51668503	51668947
ENSG00000258197	20	21492085	21492947
ENSG00000237945	21	35287838	35349992
ENSG00000207233	18	51748654	51748782
ENSG00000233492	20	21510840	21511382
ENSG00000239986	9	43617727	43618056
ENSG00000264350	18	51933259	51933484
ENSG00000259567	15	82816060	82818549
ENSG00000233015	20	21722941	21723715
ENSG00000266425	9	43802781	43803039
ENSG00000270909	9	43830636	43835037
ENSG00000264564	18	52051804	52051933
ENSG00000227063	20	21735866	21736171
ENSG00000259613	15	82829005	82829110
ENSG00000267428	18	52234228	52234534
ENSG00000237207	9	43838621	43840027
ENSG00000238034	20	21928285	21951421
ENSG00000267524	18	52411981	52412812
ENSG00000234435	20	22034831	22055238
ENSG00000260716	HG243_PATCH	145483685	145499347
ENSG00000213816	9	43997830	43998733
ENSG00000148204	9	126118449	126142603
ENSG00000234862	20	22201192	22203921
ENSG00000267311	18	52546688	52548040
ENSG00000229079	9	44011053	44011839
ENSG00000259387	15	82888224	82924290
ENSG00000226668	9	95644849	95661890
ENSG00000225170	20	22252690	22254092
ENSG00000230635	9	44019596	44020591
ENSG00000267112	18	52553097	52565314
ENSG00000101146	20	55926066	55954267
ENSG00000225321	20	22260866	22263310
ENSG00000261562	HG243_PATCH	145369493	145370041
ENSG00000267647	18	52621634	52621963
ENSG00000229146	9	44046989	44047817
ENSG00000270838	20	22324331	22324568
ENSG00000264804	18	52668527	52668629
ENSG00000254849	HG243_PATCH	145449052	145449133
ENSG00000170165	9	44051024	44069881
ENSG00000204684	20	22380989	22401281
ENSG00000267013	18	52773135	52791537
ENSG00000266624	HG243_PATCH	145454989	145455068
ENSG00000215305	20	2821349	2847378
ENSG00000236816	9	44076368	44118444
ENSG00000252437	18	52813777	52813876
ENSG00000259974	20	22528309	22559280
ENSG00000267028	18	53119764	53150171
ENSG00000153666	15	23255242	23268823
ENSG00000238529	9	44107813	44107919
ENSG00000264571	18	53146452	53146529
ENSG00000267402	18	53159406	53163623
ENSG00000224537	9	44147906	44154014
ENSG00000237396	20	22568160	22588155
ENSG00000242320	18	53303064	53303541
ENSG00000259328	15	82944773	82974312
ENSG00000230400	20	22656710	22665982
ENSG00000204818	9	44170447	44175727
ENSG00000267284	18	53388294	53455992
ENSG00000215553	20	22713440	22714727
ENSG00000233424	9	44256580	44263319
ENSG00000244294	21	35291350	35291642
ENSG00000265151	20	22713848	22713939
ENSG00000267325	18	53443958	53448952
ENSG00000213882	20	22866308	22866706
ENSG00000241500	15	82969419	82969698
ENSG00000216829	9	44302232	44303807
ENSG00000221177	15	82970531	82970614
ENSG00000267172	18	53484398	53486990
ENSG00000228935	20	22941171	22946700
ENSG00000259323	15	82975314	82975537
ENSG00000260930	18	53548919	53587430
ENSG00000230492	20	22990846	23011422
ENSG00000232843	9	95655980	95656787
ENSG00000230245	9	44333923	44334382
ENSG00000261772	HG858_PATCH	116765	228460
ENSG00000234646	20	23012179	23019873
ENSG00000267327	18	53560269	53690753
ENSG00000205275	15	82970479	82988374
ENSG00000204816	9	44343366	44345689
ENSG00000256492	20	23061083	23061278
ENSG00000188101	9	95675438	95683842
ENSG00000233746	20	23105705	23113258
ENSG00000229311	9	44384585	44391705
ENSG00000201527	20	23141494	23141608
ENSG00000273127	HG858_PATCH	62310	63501
ENSG00000230387	20	23168765	23170944
ENSG00000235390	15	45613275	45613890
ENSG00000234832	20	23327578	23332123
ENSG00000237357	9	44401766	44404440
ENSG00000261605	HG858_PATCH	64522	82015
ENSG00000142192	21	27252861	27543446
ENSG00000259433	15	45622407	45624832
ENSG00000259429	15	83023847	83088805
ENSG00000232645	20	23337231	23338753
ENSG00000238941	15	45646977	45647083
ENSG00000101473	20	44470360	44486045
ENSG00000227924	9	44471985	44473415
ENSG00000259342	15	45722850	45734006
ENSG00000128908	15	41271078	41408552
ENSG00000263087	HG858_PATCH	82418	82555
ENSG00000201728	20	23361533	23361649
ENSG00000227353	9	44477549	44478456
ENSG00000200208	20	23438221	23438322
ENSG00000211519	15	45725248	45725327
ENSG00000226344	20	23456337	23460435
ENSG00000261001	HG858_PATCH	86602	88133
ENSG00000252285	15	45738661	45738722
ENSG00000234861	9	44558938	44560285
ENSG00000260202	20	23497521	23498706
ENSG00000223664	9	44562093	44562588
ENSG00000261718	HG858_PATCH	156524	161850
ENSG00000259354	15	45740625	45805965
ENSG00000204663	20	23499783	23522655
ENSG00000268234	9	44584983	44586314
ENSG00000261358	HG858_PATCH	187411	199169
ENSG00000223446	9	95857221	95857811
ENSG00000238583	15	45783782	45783885
ENSG00000228920	9	44672800	44676450
ENSG00000204662	20	23528401	23531289
ENSG00000261322	HG858_PATCH	214664	216321
ENSG00000231248	9	44823714	44835521
ENSG00000204658	20	23564282	23567147
ENSG00000260321	HG858_PATCH	216856	232399
ENSG00000270001	20	23612463	23612953
ENSG00000238933	9	44850221	44850332
ENSG00000225056	20	23635862	23637027
ENSG00000262517	HSCHR20_1_CTG1	17795253	17795683
ENSG00000231454	9	44873417	44874226
ENSG00000179362	15	45803334	45878488
ENSG00000263259	HSCHR20_1_CTG1	17823227	17823372
ENSG00000228846	HSCHR6_MHC_MANN	29105657	29106593
ENSG00000232595	20	23691957	23692043
ENSG00000140284	15	50474393	50528592
ENSG00000170152	9	44998000	44998719
ENSG00000262640	HSCHR20_1_CTG1	17853225	17858989
ENSG00000230136	HSCHR6_MHC_MANN	29149308	29150243
ENSG00000230908	20	23778778	23786300
ENSG00000204805	9	44997777	44999352
ENSG00000231919	HSCHR6_MHC_MANN	29183059	29184002
ENSG00000262802	HSCHR20_1_CTG1	17874023	17874820
ENSG00000228476	20	23899408	23902806
ENSG00000235659	9	45001907	45003117
ENSG00000225188	HSCHR6_MHC_MANN	29191796	29234882
ENSG00000203364	9	95909322	95910838
ENSG00000223379	9	45004879	45023236
ENSG00000200570	9	96137838	96137949
ENSG00000236168	20	23961222	23961371
ENSG00000238749	9	45019792	45019903
ENSG00000231320	HSCHR6_MHC_MANN	29197050	29197980
ENSG00000201074	9	96180137	96180248
ENSG00000167390	20	23969929	23971091
ENSG00000207516	15	45829448	45829575
ENSG00000229697	9	45034957	45047145
ENSG00000259681	15	45850796	45855075
ENSG00000237385	9	96192624	96193581
ENSG00000236151	20	24123226	24125022
ENSG00000236918	HSCHR6_MHC_MANN	29230500	29231876
ENSG00000259427	15	45858974	45859272
ENSG00000198033	13	19747910	19755992
ENSG00000230133	20	24180403	24205224
ENSG00000231527	9	45108392	45112532
ENSG00000200419	15	45884182	45884283
ENSG00000200231	20	24217891	24218034
ENSG00000227603	9	96197614	96199403
ENSG00000249415	HSCHR6_MHC_MANN	29236259	29237218
ENSG00000232200	20	24278221	24298722
ENSG00000259200	15	45997276	46223267
ENSG00000227178	HSCHR6_MHC_MANN	29258526	29259468
ENSG00000231838	9	45164578	45212501
ENSG00000234069	20	24426027	24426950
ENSG00000257805	HSCHR6_MHC_MANN	29267067	29267606
ENSG00000234299	9	45363481	45363852
ENSG00000259743	15	46391391	46392590
ENSG00000228539	20	24472108	24482981
ENSG00000225927	HSCHR6_MHC_MANN	29297452	29298887
ENSG00000235130	9	45375910	45377188
ENSG00000259593	15	46633552	46633797
ENSG00000231015	20	24660183	24661627
ENSG00000121388	13	19756173	19761496
ENSG00000248182	HSCHR6_MHC_MANN	29384641	29385587
ENSG00000235037	9	45393845	45415976
ENSG00000207355	20	24954807	24954916
ENSG00000238819	15	46643860	46643944
ENSG00000236157	9	45424050	45424634
ENSG00000225069	20	25079741	25080564
ENSG00000226365	HSCHR6_MHC_MANN	29431944	29437154
ENSG00000238456	15	46952856	46952958
ENSG00000232116	9	45484572	45488153
ENSG00000259255	15	46985486	47097042
ENSG00000206129	18	53670844	53858493
ENSG00000230957	HSCHR6_MHC_MANN	29442373	29443419
ENSG00000223308	15	47012391	47012710
ENSG00000263875	9	96327975	96328082
ENSG00000187060	9	45562979	45563576
ENSG00000230725	20	25121425	25129894
ENSG00000259509	15	47119724	47120156
ENSG00000265347	9	96581639	96581703
ENSG00000228840	HSCHR6_MHC_MANN	29456620	29457025
ENSG00000231990	9	96619365	96620615
ENSG00000227569	9	45656241	45656586
ENSG00000252500	15	47249731	47249815
ENSG00000222311	15	47534401	47534476
ENSG00000235601	9	96717879	96721422
ENSG00000228370	HSCHR6_MHC_MANN	29464858	29477904
ENSG00000264628	9	45661987	45662268
ENSG00000225344	20	25141803	25142697
ENSG00000222343	15	47564794	47565086
ENSG00000267057	18	53709366	53763550
ENSG00000229523	9	45729709	45730417
ENSG00000202414	20	25195334	25195434
ENSG00000259554	15	47566380	47567361
ENSG00000227666	9	96800312	96800627
ENSG00000227379	20	25348911	25349402
ENSG00000184879	9	45733441	45734160
ENSG00000251883	20	25591789	25591859
ENSG00000259221	15	47651627	47688929
ENSG00000231517	9	45737473	45738490
ENSG00000267399	18	53728340	53730309
ENSG00000238930	9	45755239	45755350
