ENSG00000250405	5	130329946	130331857
ENSG00000216047	X	130538484	130538576
ENSG00000234467	7	62858424	62859335
ENSG00000149948	12	66217911	66360075
ENSG00000243236	6	52804524	52822319
ENSG00000272402	6	24706975	24707379
ENSG00000263979	9	130631694	130631774
ENSG00000272426	1	17230834	17231271
ENSG00000268997	19	42144937	42145267
ENSG00000254111	8	37417884	37422884
ENSG00000241111	3	64053640	64088807
ENSG00000069956	15	52244303	52358462
ENSG00000198237	5	69171098	69274436
ENSG00000255397	8	61850264	61852430
ENSG00000233693	1	164738353	164743878
ENSG00000203852	1	149824181	149825836
ENSG00000227426	7	62861763	62862649
ENSG00000226526	1	17305421	17331586
ENSG00000226925	2	102789081	102798568
ENSG00000224164	6	24742530	24752149
ENSG00000264041	2	204124327	204124618
ENSG00000235545	1	63154153	63176365
ENSG00000226868	1	211889270	211898744
ENSG00000259228	15	99824830	99825781
ENSG00000238285	2	204180113	204180594
ENSG00000231246	1	112719856	112903150
ENSG00000200222	3	64057484	64057695
ENSG00000269354	19	42146027	42146970
ENSG00000224368	7	62865220	62865778
ENSG00000218725	6	130122053	130123359
ENSG00000252180	1	17484692	17484779
ENSG00000234288	X	130558273	130559188
ENSG00000248955	5	130344276	130344435
ENSG00000189196	3	64064037	64073039
ENSG00000271917	1	164797673	164799189
ENSG00000241395	1	211965455	211965748
ENSG00000184844	X	153106706	153107020
ENSG00000256458	2	204193182	204193949
ENSG00000239111	1	112738124	112738228
ENSG00000234318	1	63361680	63367310
ENSG00000204362	1	17516278	17524112
ENSG00000160959	8	145743376	145750557
ENSG00000212205	1	211976359	211976446
ENSG00000201987	1	164823468	164823569
ENSG00000171872	1	44584522	44600812
ENSG00000218806	6	24750899	24751853
ENSG00000197990	7	62910197	62917065
ENSG00000234388	1	112905903	112906203
ENSG00000205716	2	102866317	102866715
ENSG00000254290	8	37454998	37457376
ENSG00000237163	1	63370851	63371153
ENSG00000225487	1	164890555	164890866
ENSG00000259257	15	99878062	99878686
ENSG00000229258	1	212003188	212027045
ENSG00000230282	2	164008761	164009817
ENSG00000233459	2	204499300	204500739
ENSG00000252106	6	52843956	52844053
ENSG00000241572	3	64084949	64086798
ENSG00000251515	5	39571580	39572741
ENSG00000266634	1	17604384	17604470
ENSG00000227218	9	130696782	130703231
ENSG00000268582	19	42156601	42156888
ENSG00000202198	6	52860418	52860748
ENSG00000229537	1	63466168	63478142
ENSG00000227888	8	12219527	12268510
ENSG00000233031	2	204536898	204537146
ENSG00000261976	17	48917418	48918987
ENSG00000259590	15	99935384	99936798
ENSG00000242865	6	52955759	52956056
ENSG00000255543	11	55034884	55035112
ENSG00000239642	5	131142816	131281391
ENSG00000224791	2	204629018	204630316
ENSG00000261745	6	52990445	52990944
ENSG00000259760	15	99936818	99941520
ENSG00000250492	5	39719086	39721615
ENSG00000241101	3	64089146	64091732
ENSG00000206280	HSCHR6_MHC_QBL	33211032	33214569
ENSG00000238761	1	112913626	112913729
ENSG00000263391	6	24840195	24840293
ENSG00000200902	2	164145505	164145606
ENSG00000243521	17	48925311	48926631
ENSG00000254802	8	61878361	61880334
ENSG00000268833	19	42261806	42290801
ENSG00000230973	X	130571029	130571644
ENSG00000259341	15	99967214	99971233
ENSG00000273483	1	113060421	113061063
ENSG00000217083	6	24948108	24948572
ENSG00000237844	2	164606083	165208733
ENSG00000211573	2	204629430	204629521
ENSG00000230132	7	62940976	62941367
ENSG00000256049	1	17698691	17728195
ENSG00000239926	3	64160077	64160823
ENSG00000213925	2	204637354	204638225
ENSG00000241562	15	100091587	100092322
ENSG00000255283	11	55046923	55052999
ENSG00000201270	1	164949272	164949374
ENSG00000269119	19	42333746	42334992
ENSG00000233626	1	212109591	212109976
ENSG00000235299	1	113168528	113168846
ENSG00000251930	6	53012606	53012727
ENSG00000227485	1	63489878	63491329
ENSG00000212086	1	164953139	164953229
ENSG00000206970	2	204646760	204646866
ENSG00000136856	9	130159421	130170703
ENSG00000226847	2	165070049	165070924
ENSG00000214975	6	24976647	24977210
ENSG00000253026	6	53018593	53018696
ENSG00000252359	1	165041710	165041781
ENSG00000213881	8	62114909	62115779
ENSG00000201724	15	100221991	100222082
ENSG00000108821	17	48260650	48278993
ENSG00000229225	1	63543752	63544702
ENSG00000235951	2	204930429	204932086
ENSG00000252750	1	113177341	113177406
ENSG00000219074	6	53061518	53061957
ENSG00000221691	15	100291924	100292010
ENSG00000224702	1	165179864	165182327
ENSG00000196610	HSCHR6_MHC_QBL	32652598	32660056
ENSG00000164740	7	62956177	62962914
ENSG00000248651	5	39888678	39889161
ENSG00000238975	1	113195210	113195310
ENSG00000206177	16	203891	216767
ENSG00000151849	13	25457171	25497018
ENSG00000229641	2	165178443	165178733
ENSG00000203605	1	63604921	63628824
ENSG00000226756	2	64871746	64873832
ENSG00000212187	1	212198903	212199024
ENSG00000225075	1	113236310	113239243
ENSG00000254222	8	62177183	62204598
ENSG00000211938	14	106518400	106518932
ENSG00000226017	3	64173220	64186641
ENSG00000251846	X	153121158	153121222
ENSG00000265349	17	9542085	9548642
ENSG00000220749	1	212224829	212225371
ENSG00000254423	8	12231875	12233055
ENSG00000267839	19	42337740	42340005
ENSG00000255110	11	55047425	55047765
ENSG00000272053	6	25015180	25042398
ENSG00000271593	1	63624754	63628307
ENSG00000261595	1	113258294	113260418
ENSG00000182397	15	100330361	100347132
ENSG00000253711	8	62212723	62213628
ENSG00000153208	2	112656056	112787138
ENSG00000229980	17	48944040	48987098
ENSG00000228645	7	62969681	62970543
ENSG00000262296	17	9550337	9550977
ENSG00000264074	2	165280035	165280116
ENSG00000218713	6	53071396	53073495
ENSG00000251742	4	182756018	182756261
ENSG00000254696	11	55049978	55050453
ENSG00000250048	5	40052393	40053426
ENSG00000255556	8	12236188	12237774
ENSG00000269939	11	82896563	82898078
ENSG00000243993	3	64430158	64431152
ENSG00000268041	19	42412671	42414249
ENSG00000238022	1	165185217	165188341
ENSG00000234790	1	113290717	113291097
ENSG00000234714	2	204955180	204974572
ENSG00000220517	6	25023475	25024711
ENSG00000227791	2	64892741	64893198
ENSG00000265593	17	9756065	9756623
ENSG00000252259	1	63652007	63652121
ENSG00000235802	X	153234776	153235538
ENSG00000224331	2	165543797	165544106
ENSG00000261731	16	31720434	31723305
ENSG00000219302	6	130140782	130141315
ENSG00000236785	2	103027703	103028568
ENSG00000221486	17	9974207	9974321
ENSG00000211939	14	106539079	106539577
ENSG00000264358	1	212250955	212251027
ENSG00000242296	8	12250718	12257875
ENSG00000182217	1	149825607	149832714
ENSG00000255541	11	82920441	82920676
ENSG00000224209	1	63655660	63782902
ENSG00000251158	5	69194694	69199025
ENSG00000259810	16	31799523	31802314
ENSG00000252879	1	212272863	212273018
ENSG00000227678	6	130454555	130465515
ENSG00000264764	2	103048749	103048826
ENSG00000166007	11	55059359	55065746
ENSG00000100053	22	25595817	25603330
ENSG00000254285	8	62490779	62492230
ENSG00000249668	5	40066753	40067302
ENSG00000237271	2	205092860	205099708
ENSG00000206908	6	53084059	53084222
ENSG00000270074	8	12270336	12271882
ENSG00000229983	1	212341549	212363601
ENSG00000144119	2	119913819	119916465
ENSG00000236525	2	103050417	103051800
ENSG00000214660	7	63016976	63022966
ENSG00000219163	6	53100419	53101095
ENSG00000177822	4	182795591	183066402
ENSG00000254551	11	82920473	82924421
ENSG00000244618	6	25031243	25031510
ENSG00000236681	2	205171565	205172087
ENSG00000251402	8	12272589	12275599
ENSG00000253082	2	65003238	65003321
ENSG00000266556	6	130755410	130755498
ENSG00000260722	16	31812906	31813818
ENSG00000234389	2	103055173	103056935
ENSG00000159210	17	47006678	47022479
ENSG00000268525	19	42582740	42584259
ENSG00000265176	X	153246548	153246628
ENSG00000226251	1	212398620	212412319
ENSG00000264056	6	53141791	53141869
ENSG00000230848	9	130801414	130819641
ENSG00000229313	6	25042067	25056892
ENSG00000239891	2	65044512	65044808
ENSG00000215866	1	113362792	113393265
ENSG00000202438	6	130895141	130895257
ENSG00000236757	2	103489798	103512180
ENSG00000250585	5	40260759	40267759
ENSG00000250959	10	75490320	75497069
ENSG00000217527	6	53201741	53202144
ENSG00000222898	8	62544239	62544571
ENSG00000199964	2	65061190	65061291
ENSG00000229923	6	131018457	131018923
ENSG00000223623	6	25053855	25057301
ENSG00000225304	2	205243818	205244515
ENSG00000237463	1	165446078	165551392
ENSG00000264408	8	62627347	62627418
ENSG00000261457	16	31814268	31819294
ENSG00000249230	5	69281031	69281328
ENSG00000254887	19	42636707	42641251
ENSG00000230663	Y	19664680	19691634
ENSG00000261372	14	92511119	92516990
ENSG00000223566	7	63028121	63045453
ENSG00000206530	3	113005777	113160457
ENSG00000231514	Y	28772667	28773306
ENSG00000211524	X	153285371	153285440
ENSG00000224095	2	103583866	103600887
ENSG00000199361	5	40269660	40269821
ENSG00000234572	2	65073264	65090760
ENSG00000266704	12	120593238	120593303
ENSG00000218857	6	131505465	131506626
ENSG00000228734	1	63715591	63717442
ENSG00000235857	Y	59001391	59001635
ENSG00000265615	5	40320420	40320517
ENSG00000230372	6	25061853	25063735
ENSG00000263421	11	3877292	3877371
ENSG00000251127	8	62671653	62678528
ENSG00000250794	8	12278541	12282509
ENSG00000252315	Y	19669744	19669856
ENSG00000199552	5	40655065	40655196
ENSG00000236634	2	205334799	205338560
ENSG00000230593	11	3913623	3914120
ENSG00000234758	5	131280101	131303913
ENSG00000223683	1	63727784	63728378
ENSG00000263913	12	120609843	120609930
ENSG00000212567	5	40790179	40790306
ENSG00000271367	6	53214956	53215503
ENSG00000230063	1	212470790	212472921
ENSG00000259634	14	92524896	92525877
ENSG00000230536	9	130853248	130856736
ENSG00000212296	5	40832758	40832837
ENSG00000252012	Y	19671654	19671769
ENSG00000237843	2	205340079	205372395
ENSG00000206869	2	165544153	165544287
ENSG00000219863	6	53219486	53219863
ENSG00000202146	12	54492975	54493086
ENSG00000224167	1	113392650	113420493
ENSG00000231830	X	153562310	153563387
ENSG00000250114	5	162843531	162843737
ENSG00000253098	5	40911169	40911230
ENSG00000164163	4	146019084	146050331
ENSG00000223890	2	206118028	206118227
ENSG00000206976	11	3943797	3943933
ENSG00000234915	1	212472837	212505055
ENSG00000233255	2	165697259	165705844
ENSG00000250742	12	54519882	54526627
ENSG00000248120	5	40967607	40967865
ENSG00000265577	5	69370673	69370944
ENSG00000255232	11	3982507	3982768
ENSG00000171115	7	150147718	150176480
ENSG00000235316	10	75491582	75493396
ENSG00000251018	5	162910071	162921064
ENSG00000227680	2	103603781	103605023
ENSG00000225216	2	206621193	206628730
ENSG00000199508	2	165714942	165715056
ENSG00000225338	1	212482393	212482860
ENSG00000251478	5	41585984	41587889
ENSG00000228040	1	113433389	113433544
ENSG00000255857	12	120639094	120650941
ENSG00000266226	19	42637597	42637665
ENSG00000179978	5	69390202	69424261
ENSG00000223318	2	165752187	165752287
ENSG00000270050	X	101854585	101914640
ENSG00000174407	20	61147660	61167971
ENSG00000179988	10	124713897	124757029
ENSG00000269988	9	130870860	130871604
ENSG00000255141	11	3994111	3995467
ENSG00000238368	2	120674894	120675000
ENSG00000260470	12	54538853	54541009
ENSG00000252356	19	42648206	42648277
ENSG00000266487	7	63071823	63072082
ENSG00000236283	2	165848494	165947803
ENSG00000201544	1	212526158	212526292
ENSG00000233741	2	120750775	120751187
ENSG00000223548	5	131339285	131342715
ENSG00000254119	8	62697606	62856739
ENSG00000197838	19	41594377	41602100
ENSG00000265214	7	63081468	63081547
ENSG00000227211	X	101870401	101870748
ENSG00000259436	19	42656721	42661675
ENSG00000257534	12	54555849	54558236
ENSG00000229832	1	212530760	212531695
ENSG00000230798	1	63786555	63790112
ENSG00000180672	2	206642540	206644433
ENSG00000229020	1	113466045	113466959
ENSG00000218049	6	53233468	53233807
ENSG00000224012	5	163136216	163136520
ENSG00000254075	22	22415489	22415950
ENSG00000264047	2	166005705	166005983
ENSG00000224535	1	212640158	212641085
ENSG00000168405	6	25081548	25166793
ENSG00000254161	22	22424636	22425118
ENSG00000224850	2	103628237	103636356
ENSG00000204049	10	79626633	79629368
ENSG00000244752	22	25615489	25627836
ENSG00000218261	6	53243301	53243659
ENSG00000234771	9	130873450	130881013
ENSG00000233204	2	166141763	166142558
ENSG00000224789	2	120932461	120974120
ENSG00000271338	6	53246317	53247001
ENSG00000265826	8	12280513	12280578
ENSG00000265122	19	42697230	42697281
ENSG00000248576	12	54556923	54562379
ENSG00000228067	1	212719036	212729407
ENSG00000231585	5	131347141	131348892
ENSG00000201875	2	206765354	206765682
ENSG00000252294	X	101933635	101933741
ENSG00000230748	1	165466961	165467585
ENSG00000253242	22	22429777	22430077
ENSG00000251998	5	163223071	163223171
ENSG00000226419	1	113499037	113542118
ENSG00000213739	2	206813815	206814869
ENSG00000255549	8	12305522	12368787
ENSG00000251003	8	106792474	107072752
ENSG00000229209	2	103726217	103792718
ENSG00000117395	1	43629846	43736607
ENSG00000271679	5	163314512	163314833
ENSG00000161572	17	34261522	34270703
ENSG00000235653	2	40156250	40157138
ENSG00000224555	11	4010387	4010693
ENSG00000219776	6	131790199	131790676
ENSG00000253010	6	53280092	53280405
ENSG00000235192	2	166651361	166666520
ENSG00000237638	2	65128974	65132271
ENSG00000206299	HSCHR6_MHC_QBL	32718320	32735268
ENSG00000253752	22	22434180	22434673
ENSG00000202046	2	120949821	120949933
ENSG00000237783	1	165550850	165551713
ENSG00000271373	6	53283250	53283535
ENSG00000213904	19	42901280	43156507
ENSG00000252784	1	63803934	63804043
ENSG00000236878	2	120968630	120969291
ENSG00000253067	5	131415759	131415826
ENSG00000229195	2	166651367	166702601
ENSG00000137875	15	52401460	52404972
ENSG00000260805	1	212731175	212733073
ENSG00000184678	1	149856010	149858232
ENSG00000244534	2	65133999	65134272
ENSG00000227623	2	103892362	103892596
ENSG00000253823	22	22440972	22441521
ENSG00000236674	1	63825494	63826850
ENSG00000234163	10	33312296	33312575
ENSG00000233128	2	40973627	40994592
ENSG00000261677	HG544_PATCH	17631958	17659376
ENSG00000221234	2	166670725	166670864
ENSG00000238696	2	65135721	65135820
ENSG00000225610	2	206854309	206865582
ENSG00000230320	X	101960712	101961168
ENSG00000236206	1	165567700	165592568
ENSG00000188536	16	222846	223709
ENSG00000212065	6	53321245	53321330
ENSG00000227394	2	65187187	65187768
ENSG00000232411	2	166689558	166695608
ENSG00000240385	11	4040178	4040348
ENSG00000253331	5	163546104	163661103
ENSG00000227616	5	131483184	131485252
ENSG00000225741	22	22457629	22459267
ENSG00000264590	1	212789050	212789295
ENSG00000176294	14	20187174	20296531
ENSG00000249379	6	53367983	53371717
ENSG00000248668	5	41870132	41871059
ENSG00000252485	2	206872604	206872698
ENSG00000236066	1	113550876	113589677
ENSG00000235862	1	212797626	212800113
ENSG00000206990	1	165631822	165631924
ENSG00000272214	12	121407641	121410095
ENSG00000207581	9	131007000	131007109
ENSG00000227788	2	120969303	120970438
ENSG00000270154	8	12333971	12334631
ENSG00000146856	7	134671259	134832715
ENSG00000182502	22	22469236	22472374
ENSG00000253492	5	69428506	69428800
ENSG00000207386	2	206890317	206890421
ENSG00000207165	X	153628622	153628756
ENSG00000255276	11	4158346	4159487
ENSG00000253526	8	106838798	106846266
ENSG00000184731	2	38814	46870
ENSG00000230175	1	165640493	165640962
ENSG00000260533	HG104_HG975_PATCH	144915764	144923144
ENSG00000259655	15	100331332	100333052
ENSG00000154928	3	134316643	134979309
ENSG00000264823	9	131007226	131007309
ENSG00000252892	2	65221880	65221994
ENSG00000224109	X	51360961	51361446
ENSG00000264271	1	63995288	63995569
ENSG00000237041	2	206905156	206905569
ENSG00000197180	X	153656537	153656795
ENSG00000253538	5	163636637	163638898
ENSG00000224490	2	166790367	166806401
ENSG00000227751	1	17733256	17733878
ENSG00000112339	6	135281516	135424194
ENSG00000238198	1	113554309	113615727
ENSG00000088827	20	3667617	3687775
ENSG00000231548	11	4167512	4168525
ENSG00000251720	1	64002382	64002441
ENSG00000226036	1	212820638	212821097
ENSG00000232613	2	65257861	65264631
ENSG00000264783	X	153722476	153722545
ENSG00000115107	2	119981384	120023228
ENSG00000227997	X	51425000	51425485
ENSG00000237442	2	41370920	41384695
ENSG00000201627	8	106941354	106941466
ENSG00000223546	X	102024089	102140334
ENSG00000233286	2	120970511	120970851
ENSG00000237278	1	113667943	113669505
ENSG00000244256	1	64121414	64121716
ENSG00000236596	2	104110699	104112300
ENSG00000264484	X	153724167	153724463
ENSG00000266727	1	17740127	17740190
ENSG00000254480	11	4208370	4223885
ENSG00000213708	8	107227991	107229446
ENSG00000223591	X	51453887	51455227
ENSG00000131435	5	131593364	131609147
ENSG00000177452	1	64254392	64254975
ENSG00000264631	X	153724534	153724819
ENSG00000234839	7	20883246	20883580
ENSG00000239020	1	17776259	17776359
ENSG00000182652	14	20215587	20216528
ENSG00000265319	10	33323585	33323852
ENSG00000231683	6	53426087	53481969
ENSG00000252560	6	131963958	131964106
ENSG00000261773	X	153746164	153746955
ENSG00000254701	5	69435402	69503572
ENSG00000225272	1	165645547	165646018
ENSG00000236648	1	18044182	18076473
ENSG00000221297	9	131019986	131020068
ENSG00000237980	1	212827341	212838776
ENSG00000231342	X	153809189	153810261
ENSG00000216917	6	132101861	132102452
ENSG00000227946	2	206949329	206951288
ENSG00000236576	X	51600064	51601162
ENSG00000243633	7	21255159	21255449
ENSG00000272960	9	131067440	131067794
ENSG00000261781	1	18392151	18400906
ENSG00000240281	5	41895170	41895701
ENSG00000228056	1	64308862	64309356
ENSG00000254021	8	107277663	107280969
ENSG00000232155	X	153834111	153834203
ENSG00000273281	9	131068269	131068629
ENSG00000180663	16	31819247	31820165
ENSG00000176299	14	20248401	20249516
ENSG00000225308	7	21259832	21261047
ENSG00000207491	1	212865606	212865709
ENSG00000215838	1	165667987	165679205
ENSG00000213338	X	153850679	153851751
ENSG00000238191	Y	19733139	19737712
ENSG00000255387	11	4231584	4233321
ENSG00000230035	1	18493423	18505840
ENSG00000252377	X	51613802	51613905
ENSG00000236905	1	212997369	212997847
ENSG00000235775	5	131499296	131499458
ENSG00000272696	9	131078616	131079188
ENSG00000254615	8	107282372	107285127
ENSG00000148606	10	79734907	79789303
ENSG00000159388	1	203274619	203278730
ENSG00000228827	X	51646434	51646946
ENSG00000224015	5	131514927	131516821
ENSG00000132780	1	46049518	46084566
ENSG00000236118	22	22509975	22510335
ENSG00000231955	2	206980271	206987047
ENSG00000224882	X	153868251	153876549
ENSG00000233839	1	113711616	113712025
ENSG00000225387	1	18712323	18715008
ENSG00000261284	16	31874954	31876197
ENSG00000237565	11	4254516	4255099
ENSG00000241956	5	163723702	164598649
ENSG00000165762	14	20344391	20345468
ENSG00000233720	22	22511775	22512024
ENSG00000179144	7	150211918	150218161
ENSG00000221849	2	104144078	104145719
ENSG00000221372	2	41823526	41823632
ENSG00000235282	1	18839612	18839881
ENSG00000237580	2	206980834	206981224
ENSG00000266807	6	132113312	132113371
ENSG00000272025	2	65385796	65385994
ENSG00000255194	11	4263286	4263871
ENSG00000252281	2	41961517	41961596
ENSG00000227710	22	22522682	22523027
ENSG00000241588	15	100331397	100331649
ENSG00000184260	1	149858525	149858961
ENSG00000223551	9	131104432	131105049
ENSG00000207190	1	64494566	64494672
ENSG00000219532	6	132140943	132141231
ENSG00000273365	1	165675793	165676521
ENSG00000172974	2	65432137	65433396
ENSG00000236107	2	166813909	167158294
ENSG00000236090	2	42046887	42047894
ENSG00000253582	8	107532702	107669776
ENSG00000221511	15	100332502	100332584
ENSG00000200508	1	64532312	64532413
ENSG00000221714	8	12384247	12384350
ENSG00000224358	1	165738166	165744413
ENSG00000207047	2	207026602	207026681
ENSG00000224465	22	22525369	22525942
ENSG00000206279	HSCHR6_MHC_QBL	33215186	33225897
ENSG00000176281	14	20388741	20389818
ENSG00000198468	1	213025450	213031430
ENSG00000254744	15	100510420	100514215
ENSG00000239694	5	41951415	41952295
ENSG00000242607	8	12427859	12428639
ENSG00000252038	Y	19734941	19735035
ENSG00000178028	1	44679127	44686353
ENSG00000223949	1	64560125	64636980
ENSG00000237714	5	131520569	131528501
ENSG00000253676	8	107709655	107710241
ENSG00000207406	2	207026952	207027083
ENSG00000236175	11	4299935	4300422
ENSG00000253834	8	62734040	62737811
ENSG00000100068	22	25747385	25801344
ENSG00000230659	1	165788590	165789024
ENSG00000254308	22	22533618	22533867
ENSG00000222496	2	207086039	207086358
ENSG00000260045	HG544_PATCH	17686124	17757913
ENSG00000236887	1	113741447	113741880
ENSG00000231723	2	104240088	104240288
ENSG00000238460	8	12435514	12435661
ENSG00000133321	11	63304281	63313934
ENSG00000254120	8	62802398	62806765
ENSG00000253637	22	22536972	22537275
ENSG00000195024	7	21420981	21421124
ENSG00000159186	2	207100960	207101595
ENSG00000186223	11	4308732	4309313
ENSG00000225478	1	18921908	18922130
ENSG00000251892	8	107742023	107742084
ENSG00000155249	14	20403767	20404842
ENSG00000255122	8	12437796	12438572
ENSG00000184270	1	149859019	149859466
ENSG00000200895	6	132141474	132141793
ENSG00000167046	20	61272071	61274656
ENSG00000272593	9	131153740	131154295
ENSG00000232693	2	65600834	65607819
ENSG00000254146	8	108185428	108186037
ENSG00000235182	1	213026622	213026768
ENSG00000229949	7	21440538	21441231
ENSG00000226141	X	153882820	153883599
ENSG00000236364	1	165865116	165869920
ENSG00000236533	2	42077343	42077741
ENSG00000186232	11	4351095	4351679
ENSG00000237115	6	132147121	132149553
ENSG00000224431	5	131535149	131539180
ENSG00000197446	19	41620337	41634271
ENSG00000238813	2	166980004	166980107
ENSG00000236323	22	22540331	22541009
ENSG00000224070	2	207124352	207124642
ENSG00000236317	1	213028517	213028708
ENSG00000271527	1	165910472	165911006
ENSG00000211995	8	108266635	108266726
ENSG00000222376	2	167037162	167037476
ENSG00000238653	1	64850081	64850142
ENSG00000253544	8	62822543	62823361
ENSG00000111271	12	112123857	112194903
ENSG00000169488	14	20443603	20444818
ENSG00000238662	2	167215240	167215343
ENSG00000251007	5	69510769	69511950
ENSG00000264470	1	65045530	65045606
ENSG00000248838	8	108659507	108660260
ENSG00000244289	8	12485985	12486765
ENSG00000252716	2	207124790	207124938
ENSG00000259219	15	100516686	100520979
ENSG00000253126	22	22552960	22553411
ENSG00000236673	6	132223103	132241705
ENSG00000229542	11	4359893	4360475
ENSG00000225182	2	167746012	167746394
ENSG00000180105	2	207274811	207275633
ENSG00000238323	8	12493613	12493761
ENSG00000237619	X	153887064	153887956
ENSG00000265606	1	19209696	19209769
ENSG00000253935	22	22574039	22574525
ENSG00000226292	1	165991452	165992264
ENSG00000235899	6	53493178	53496192
ENSG00000234784	1	65384126	65384366
ENSG00000223501	6	33218049	33239824
ENSG00000206948	X	153996803	153996934
ENSG00000139278	12	75874460	75897633
ENSG00000207955	9	131154291	131155789
ENSG00000234491	2	207284016	207284962
ENSG00000252957	15	100614286	100614395
ENSG00000253816	5	69515745	69580686
ENSG00000199487	5	41963970	41964071
ENSG00000228050	22	22577580	22578959
ENSG00000221662	1	19223565	19223642
ENSG00000232499	1	113992322	113993350
ENSG00000228646	1	213602051	213602420
ENSG00000196383	14	20470322	20471265
ENSG00000207218	2	42084411	42084512
ENSG00000259356	15	100666311	100669948
ENSG00000227220	6	132272086	132398533
ENSG00000175800	11	4399512	4400457
ENSG00000272084	1	19398604	19402005
ENSG00000253789	8	63023083	63032457
ENSG00000227885	6	53605547	53611820
ENSG00000226401	7	63092986	63096995
ENSG00000234726	22	22583115	22584865
ENSG00000225233	1	213665644	213719790
ENSG00000249266	5	41967241	41968468
ENSG00000200806	8	108896722	108896839
ENSG00000122176	1	203309756	203320617
ENSG00000266098	1	19410046	19410145
ENSG00000272216	22	22638312	22641586
ENSG00000228614	6	53655673	53659072
ENSG00000169484	14	20482419	20483352
ENSG00000207341	1	166011481	166011587
ENSG00000236166	6	132406224	132420419
ENSG00000137204	6	43263432	43273276
ENSG00000221026	1	213783039	213783183
ENSG00000255046	8	11655437	11660077
ENSG00000253228	8	108995344	108996193
ENSG00000230424	1	19536995	19567198
ENSG00000164066	4	128544426	128647892
ENSG00000226411	7	63159768	63160819
ENSG00000203307	1	166050420	166056720
ENSG00000234630	22	22648098	22649159
ENSG00000238256	1	114119379	114119521
ENSG00000228255	1	213904759	213967930
ENSG00000271218	6	53783772	53785586
ENSG00000228577	2	207471221	207474536
ENSG00000270728	1	19623574	19624397
ENSG00000233877	1	65407662	65408048
ENSG00000099954	22	17840837	18037850
ENSG00000265669	6	132436332	132436403
ENSG00000230898	1	166117019	166134332
ENSG00000206693	X	154003273	154003401
ENSG00000271466	7	63228635	63231425
ENSG00000176253	14	20502003	20502919
ENSG00000262049	17	79668354	79670330
ENSG00000254552	2	167980414	167997465
ENSG00000237272	11	4439290	4440193
ENSG00000236850	22	22657589	22677203
ENSG00000231653	2	207504797	207506006
ENSG00000236740	6	53794820	53862465
ENSG00000266862	7	21461887	21461986
ENSG00000229237	X	154045374	154045676
ENSG00000262831	17	79801041	79801834
ENSG00000215952	1	166123980	166124035
ENSG00000178096	1	149859440	149872351
ENSG00000230948	8	109143328	109144342
ENSG00000232450	1	114241506	114242253
ENSG00000221783	7	21510676	21510764
ENSG00000200403	1	19631570	19631676
ENSG00000223245	2	42098411	42098528
ENSG00000096696	6	7541808	7586950
ENSG00000273186	9	131193877	131194285
ENSG00000227397	7	63250287	63250476
ENSG00000228495	6	132453055	132490514
ENSG00000215835	1	166244866	166246834
ENSG00000265192	1	19646299	19646554
ENSG00000228222	2	168149681	168414843
ENSG00000171999	11	4452553	4453507
ENSG00000251993	7	22338213	22338325
ENSG00000235118	2	207507142	207514173
ENSG00000262413	17	79825597	79826428
ENSG00000176246	14	20528204	20529142
ENSG00000214691	2	42104214	42121179
ENSG00000240490	1	19750878	19751163
ENSG00000271706	HG1308_PATCH	130135635	130138268
ENSG00000236574	7	63303692	63303883
ENSG00000135100	12	121416346	121440315
ENSG00000201609	1	19837087	19837227
ENSG00000238357	2	168487990	168488051
ENSG00000270869	HG1308_PATCH	130147501	130148123
ENSG00000237810	8	63055870	63057328
ENSG00000226891	1	65437908	65468159
ENSG00000219682	6	25140212	25141649
ENSG00000230461	1	213991094	214160973
ENSG00000143869	2	20866424	20873418
ENSG00000239027	1	19858664	19858768
ENSG00000270515	HG1308_PATCH	130149781	130151893
ENSG00000107796	10	90694831	90751147
ENSG00000232597	2	104473428	104496667
ENSG00000069966	15	52413117	52483566
ENSG00000263731	17	79836301	79838982
ENSG00000214211	2	168570173	168572575
ENSG00000225451	7	63336719	63337728
ENSG00000221030	11	4467872	4467957
ENSG00000204929	2	65663845	66311773
ENSG00000270561	HG1308_PATCH	130207103	130210545
ENSG00000235185	1	19918296	19923326
ENSG00000176230	14	20585566	20586597
ENSG00000229588	1	166304121	166304999
ENSG00000225101	11	4496043	4497123
ENSG00000266516	HG1308_PATCH	130308876	130309276
ENSG00000228510	9	131206866	131208907
ENSG00000236141	2	104482204	104486146
ENSG00000236996	6	53863688	53871950
ENSG00000260786	5	42188368	42191625
ENSG00000263859	17	79836543	79837433
ENSG00000270461	HG1308_PATCH	130453862	130455378
ENSG00000262400	6	25152775	25153111
ENSG00000068976	11	64513861	64527769
ENSG00000225325	1	166356964	166421869
ENSG00000253754	8	109238429	109239773
ENSG00000221533	X	154115635	154115733
ENSG00000266572	HG1308_PATCH	130486522	130486873
ENSG00000231128	1	114355001	114371793
ENSG00000263927	7	22419623	22419720
ENSG00000164136	4	142557752	142655140
ENSG00000272779	22	22657589	22664766
ENSG00000184394	14	20611895	20612821
ENSG00000213083	2	207551241	207552086
ENSG00000218143	6	53881277	53881575
ENSG00000264769	17	79880775	79882387
ENSG00000243287	8	109391060	109391774
ENSG00000248873	5	42465502	42468970
ENSG00000226616	11	4536196	4537154
ENSG00000256637	2	104490768	104694236
ENSG00000226396	1	19934608	19935062
ENSG00000254050	8	63385776	63386828
ENSG00000243104	2	120970920	120971207
ENSG00000185031	1	65450291	65451770
ENSG00000217805	6	25181587	25181973
ENSG00000010818	6	143072604	143266338
ENSG00000207319	2	207565789	207565909
ENSG00000234065	2	120971207	120972565
ENSG00000230231	1	166443982	166450802
ENSG00000133328	11	63320242	63330855
ENSG00000233476	7	22550231	22551618
ENSG00000224069	X	154125836	154126367
ENSG00000235434	1	20140860	20145995
ENSG00000263468	2	207647958	207648032
ENSG00000235335	2	168671284	168797654
ENSG00000223549	2	120972757	120974855
ENSG00000196832	14	20665495	20666605
ENSG00000253975	8	63394757	63396370
ENSG00000180723	11	4682083	4682993
ENSG00000253657	8	109584872	109585403
ENSG00000225724	22	22693926	22695567
ENSG00000260171	2	207685914	207687018
ENSG00000234362	2	42158739	42160863
ENSG00000222373	6	25192641	25192718
ENSG00000101187	20	61273797	61317137
ENSG00000225951	9	131231236	131235291
ENSG00000235050	6	53893975	53944524
ENSG00000272506	1	65469153	65469770
ENSG00000265571	HG1308_PATCH	130486859	130487165
ENSG00000226167	1	114399257	114443859
ENSG00000264238	6	25203481	25203568
ENSG00000232515	22	22702157	22702514
ENSG00000242688	1	20297462	20297760
ENSG00000229321	2	207731519	207733013
ENSG00000238259	2	169088431	169088730
ENSG00000264891	9	131239184	131239275
ENSG00000162999	2	183943287	183964733
ENSG00000219681	6	25218916	25219297
ENSG00000212257	1	65488651	65488757
ENSG00000235840	2	121076583	121083874
ENSG00000227066	1	20480831	20487061
ENSG00000253949	8	109593291	109638996
ENSG00000239230	2	169297416	169297715
ENSG00000176219	14	20691791	20692964
ENSG00000223912	6	132593121	132594471
ENSG00000265996	1	65523438	65523525
ENSG00000237859	X	154137160	154147378
ENSG00000237428	22	22720578	22722138
ENSG00000253008	2	207974711	207974797
ENSG00000241074	2	169307834	169308136
ENSG00000233006	5	131646978	131705608
ENSG00000197674	11	4711988	4713394
ENSG00000205424	21	47247875	47256333
ENSG00000235733	6	25245584	25261639
ENSG00000228395	9	131291180	131314689
ENSG00000199135	1	65524117	65524191
ENSG00000237614	2	121300485	121301902
ENSG00000265694	2	169439453	169439528
ENSG00000253580	8	109664602	109665544
ENSG00000225986	1	20510735	20512979
ENSG00000237892	2	207985608	207986768
ENSG00000272167	1	214202236	214204109
ENSG00000235527	1	114466622	114472114
ENSG00000228231	6	54230133	54234769
ENSG00000231485	1	65532310	65533420
ENSG00000271108	6	25248491	25249007
ENSG00000199348	2	169462900	169463006
ENSG00000228470	1	214517515	214530958
ENSG00000258806	14	20697561	20698500
ENSG00000250860	5	42466995	42468402
ENSG00000232603	22	22725197	22725488
ENSG00000272634	11	4730799	4731740
ENSG00000232140	2	121311319	121315685
ENSG00000216718	6	25261467	25261959
ENSG00000224413	21	47456966	47459721
ENSG00000235804	1	65543096	65543814
ENSG00000213335	6	54349967	54350648
ENSG00000224342	2	208038358	208087514
ENSG00000213036	1	214656156	214656730
ENSG00000228105	1	20569588	20571148
ENSG00000254175	22	22751369	22751861
ENSG00000201006	2	121408849	121408950
ENSG00000253796	8	109907258	110075646
ENSG00000176198	14	20710898	20711979
ENSG00000272664	11	4739842	4740789
ENSG00000226664	1	20620704	20649680
ENSG00000229774	2	121444211	121468093
ENSG00000227617	2	169628463	169643471
ENSG00000254073	22	22753184	22753334
ENSG00000264307	HG1308_PATCH	130503858	130507379
ENSG00000176485	11	63340667	63384355
ENSG00000253818	22	22758539	22759053
ENSG00000234142	1	166445009	166459276
ENSG00000254828	11	55069766	55072536
ENSG00000238406	9	131306195	131306256
ENSG00000234902	2	208051441	208100790
ENSG00000228968	2	104741726	104763687
ENSG00000224144	22	22774663	22775647
ENSG00000250267	8	110310827	110328742
ENSG00000216347	6	54467285	54467948
ENSG00000228235	21	47472510	47473019
ENSG00000236963	1	20687072	20757727
ENSG00000250867	5	69528819	69530000
ENSG00000215819	1	214705538	214706810
ENSG00000254185	8	110482360	110483346
ENSG00000253889	22	22780158	22780651
ENSG00000213972	6	25272428	25273979
ENSG00000226115	21	47476430	47477481
ENSG00000215066	9	6467618	6470375
ENSG00000230821	22	22801024	22802674
ENSG00000270780	1	114544055	114544857
ENSG00000238087	1	166535415	166549942
ENSG00000231421	17	28900489	28904018
ENSG00000233767	21	47491999	47492162
ENSG00000233955	2	105011460	105012738
ENSG00000225916	2	208091673	208093032
ENSG00000227759	9	131413277	131414424
ENSG00000252559	8	110608472	110608543
ENSG00000250606	7	142478064	142482416
ENSG00000188783	1	203444956	203460480
ENSG00000254663	11	55086036	55086941
ENSG00000232895	1	114749049	114804900
ENSG00000169251	3	160822484	160971320
ENSG00000255099	8	110790141	110794517
ENSG00000225343	6	132839969	132840434
ENSG00000234496	1	65558075	65558297
ENSG00000240440	2	208100023	208102599
ENSG00000123106	12	28286182	28732883
ENSG00000227438	21	47513178	47517444
ENSG00000235321	2	169957253	169957720
ENSG00000203722	6	150238014	150244257
ENSG00000271419	1	114896608	114897800
ENSG00000253631	22	22804540	22804990
ENSG00000117000	1	40627045	40706593
ENSG00000231622	1	65620163	65620333
ENSG00000254723	11	55093232	55094149
ENSG00000237338	21	47571528	47572561
ENSG00000235998	6	132880163	132880404
ENSG00000250536	1	214778813	214782183
ENSG00000229647	2	208104374	208110611
ENSG00000226595	22	22819996	22820323
ENSG00000222729	8	110886142	110886247
ENSG00000207286	6	25287660	25287761
ENSG00000226984	1	115002556	115002982
ENSG00000235995	2	169971705	169972190
ENSG00000241385	8	110911475	110911991
ENSG00000237449	6	132915537	132916575
ENSG00000207490	6	25383827	25383930
ENSG00000229294	1	65745139	65772204
ENSG00000239066	22	22872116	22872211
ENSG00000100077	22	25960816	26125261
ENSG00000254891	11	55156005	55156948
ENSG00000228404	21	47604993	47608855
ENSG00000253017	6	25408123	25408199
ENSG00000246985	12	93936239	93965544
ENSG00000253120	22	22922478	22922760
ENSG00000255402	8	110986172	110987010
ENSG00000238322	6	25435508	25435590
ENSG00000224584	1	214786303	214786741
ENSG00000220773	6	54489403	54490286
ENSG00000255077	11	55179002	55179193
ENSG00000223901	21	47640183	47641992
ENSG00000226487	1	20738797	20739746
ENSG00000217408	6	25678997	25679392
ENSG00000234705	9	131425413	131425857
ENSG00000223725	2	208104588	208394519
ENSG00000240590	8	111117305	111118193
ENSG00000253920	22	22946915	22947635
ENSG00000234144	1	65764438	65764663
ENSG00000263597	5	131701182	131701291
ENSG00000215520	1	20852482	20853244
ENSG00000262006	17	48986998	48987593
ENSG00000259874	16	31882208	31882445
ENSG00000253329	22	22961042	22961633
ENSG00000123552	6	99880190	99969604
ENSG00000255493	11	55197963	55198470
ENSG00000238160	5	131755108	131762406
ENSG00000185221	1	215044077	215045059
ENSG00000253956	8	111346972	111361836
ENSG00000247011	17	49012350	49022074
ENSG00000239133	7	99011601	99011701
ENSG00000259950	16	31905863	31906304
ENSG00000179073	6	132929364	132930441
ENSG00000222624	1	65881499	65881689
ENSG00000215456	22	22972532	22978624
ENSG00000225650	1	115010937	115011904
ENSG00000254886	11	55199433	55199843
ENSG00000178762	6	25732010	25732390
ENSG00000228335	7	99040513	99041119
ENSG00000237852	1	65952089	65959871
ENSG00000226259	5	69711179	69743885
ENSG00000211940	14	106552285	106552809
ENSG00000253107	8	111567637	111568747
ENSG00000202533	5	131803839	131803949
ENSG00000215424	21	47649131	47679304
ENSG00000178445	9	6532464	6645650
ENSG00000251665	17	49021465	49026111
ENSG00000227157	2	105027659	105032070
ENSG00000223869	1	215116466	215116883
ENSG00000264438	9	131472059	131472318
ENSG00000238734	16	70266882	70266985
ENSG00000255196	11	55211911	55212814
ENSG00000238931	1	66037232	66037335
ENSG00000261289	16	31963481	31963794
ENSG00000265230	16	70298072	70298383
ENSG00000223478	9	131486724	131495473
ENSG00000214719	17	28903482	28999807
ENSG00000201114	1	115033346	115033454
ENSG00000234290	5	131804582	131808735
ENSG00000117242	1	20969150	20978686
ENSG00000224570	1	66041812	66044063
ENSG00000218194	6	132996024	132996522
ENSG00000107864	10	93806449	94050844
ENSG00000265648	16	70309972	70310251
ENSG00000206172	16	226679	227521
ENSG00000225064	2	208125169	208135414
ENSG00000220635	6	54635381	54635932
ENSG00000181950	11	55234247	55235188
ENSG00000236480	1	115078616	115080461
ENSG00000257313	HSCHR6_MHC_DBB	32593633	32594538
ENSG00000225765	2	105028685	105030466
ENSG00000216436	6	25732725	25733055
ENSG00000253122	8	111621470	111644623
ENSG00000249870	17	49119885	49162832
ENSG00000218991	6	133019922	133020806
ENSG00000257033	1	20976856	20977207
ENSG00000261777	16	70349543	70380650
ENSG00000253717	8	111779092	111784988
ENSG00000211941	14	106573233	106573800
ENSG00000221628	2	208133999	208134148
ENSG00000238815	17	49175535	49175639
ENSG00000232809	1	215549827	215550717
ENSG00000183169	22	22981648	22986944
ENSG00000234484	6	133073814	133075090
ENSG00000235432	1	21019227	21020506
ENSG00000102032	X	153200716	153210232
ENSG00000253994	8	111821623	111822123
ENSG00000255294	11	55243419	55243904
ENSG00000265688	17	79885705	79888629
ENSG00000242387	6	25882254	25882623
ENSG00000239319	1	66226743	66227035
ENSG00000264895	17	49326940	49329109
ENSG00000223433	2	208519505	208519675
ENSG00000233069	1	21059373	21060445
ENSG00000258015	HSCHR6_MHC_DBB	32674534	32678299
ENSG00000270808	10	75500296	75500581
ENSG00000271488	6	133085799	133086597
ENSG00000170390	4	150999426	151178609
ENSG00000227466	1	66508183	66516401
ENSG00000251946	6	54651185	54651290
ENSG00000223442	5	131966281	131999964
ENSG00000249383	17	49389970	49412526
ENSG00000203394	1	21069480	21070455
ENSG00000253045	10	75534080	75534299
ENSG00000239055	9	131511637	131511740
ENSG00000254962	11	55245027	55245985
ENSG00000188770	1	203463271	203477992
ENSG00000197476	16	31973384	31985682
ENSG00000224984	6	54704916	54705653
ENSG00000206754	6	133136446	133136518
ENSG00000272589	10	75556272	75561157
ENSG00000272558	6	25984040	25999395
ENSG00000253338	22	23003769	23004012
ENSG00000267834	9	131766781	131767277
ENSG00000229827	2	170433881	170434256
ENSG00000261613	16	2604061	2606061
ENSG00000224137	2	208527099	208531748
ENSG00000251914	1	21167734	21167795
ENSG00000221500	6	133137941	133138016
ENSG00000254241	8	111945492	111946762
ENSG00000249982	17	49410040	49411451
ENSG00000242769	1	115240250	115240545
ENSG00000211942	14	106586137	106586667
ENSG00000035115	2	217730	266398
ENSG00000207834	22	23006898	23006993
ENSG00000221808	1	21314807	21314925
ENSG00000223152	1	66560144	66560229
ENSG00000201900	1	115270341	115270445
ENSG00000272065	6	25990989	25991454
ENSG00000261288	16	2604976	2606106
ENSG00000200534	6	133138358	133138487
ENSG00000181943	11	55258628	55259618
ENSG00000253451	22	23006943	23007377
ENSG00000261116	6	54807965	54809897
ENSG00000224195	10	75573276	75574495
ENSG00000249658	17	49412622	49413601
ENSG00000223793	HSCHR6_MHC_DBB	32688301	32694153
ENSG00000202498	1	215803368	215803459
ENSG00000264720	1	67094123	67094200
ENSG00000199251	2	208545257	208545363
ENSG00000233072	1	21330043	21330427
ENSG00000109062	17	72744791	72765492
ENSG00000234055	9	131860133	131862545
ENSG00000260111	16	70413360	70433405
ENSG00000269937	16	2611472	2615097
ENSG00000229242	1	216059924	216074806
ENSG00000220557	6	133189357	133189998
ENSG00000253913	22	23015622	23016072
ENSG00000229990	10	75601591	75606324
ENSG00000221655	1	67196650	67196741
ENSG00000213082	2	208546314	208546757
ENSG00000254576	11	55277217	55278147
ENSG00000225860	17	49414076	49419932
ENSG00000227970	1	115379848	115394074
ENSG00000260218	16	31975124	31975400
ENSG00000240043	16	70478577	70478815
ENSG00000226072	2	170514642	170517867
ENSG00000272462	6	25992890	26002003
ENSG00000253779	22	23021570	23021818
ENSG00000231080	1	67292625	67294241
ENSG00000253877	8	111949919	112039662
ENSG00000271709	2	121623953	121624978
ENSG00000261140	16	2619044	2621937
ENSG00000232350	22	23032315	23032462
ENSG00000146410	6	136552162	136571473
ENSG00000233620	1	216245807	216260259
ENSG00000220725	6	55545440	55545819
ENSG00000225761	10	75764895	75787673
ENSG00000215834	1	166572912	166600637
ENSG00000184743	11	63391559	63439393
ENSG00000221321	2	121792649	121792794
ENSG00000211943	14	106610313	106610852
ENSG00000144560	3	11597544	11762220
ENSG00000252433	1	67568328	67568462
ENSG00000223999	22	23035263	23035797
ENSG00000183562	11	3011093	3012563
ENSG00000201584	2	121798186	121798286
ENSG00000233301	11	55304478	55305400
ENSG00000221521	9	131869329	131869430
ENSG00000267452	17	49512788	49523163
ENSG00000124160	20	44689624	44718591
ENSG00000253074	1	67661823	67661926
ENSG00000236073	1	21400132	21400246
ENSG00000234455	2	121839013	121846302
ENSG00000200764	2	208552684	208552783
ENSG00000221733	1	67705123	67705210
ENSG00000263585	17	79890274	79890934
ENSG00000272810	6	26013469	26013985
ENSG00000253822	22	23036924	23037437
ENSG00000253103	8	112111190	112248432
ENSG00000118961	2	20883788	21022882
ENSG00000272851	2	208618596	208619159
ENSG00000252116	1	67733284	67733409
ENSG00000214604	6	55804588	55805422
ENSG00000236145	2	121935903	121940156
ENSG00000260628	16	31987124	32015049
ENSG00000235296	17	79899745	79905477
ENSG00000271602	11	4743970	4745401
ENSG00000268707	9	131932713	131933219
ENSG00000254841	11	55441012	55442151
ENSG00000228523	1	67743735	67744462
ENSG00000207830	22	23040391	23040485
ENSG00000187504	17	49579849	49580594
ENSG00000224447	6	26016607	26016829
ENSG00000235112	1	21487968	21488574
ENSG00000235597	2	105049725	105137290
ENSG00000264900	2	208619531	208619605
ENSG00000064995	6	34845555	34855866
ENSG00000232723	2	122067571	122067988
ENSG00000234816	6	26044217	26044585
ENSG00000253546	22	23043245	23043455
ENSG00000268050	9	131938086	131939854
ENSG00000272559	11	4757408	4758308
ENSG00000211944	14	106621894	106622419
ENSG00000213122	6	133318690	133319179
ENSG00000188439	11	55450715	55451850
ENSG00000264735	17	79923508	79924465
ENSG00000219095	6	56141327	56141594
ENSG00000254240	22	23057775	23057904
ENSG00000265171	17	49672867	49673118
ENSG00000217159	6	26164300	26164591
ENSG00000273051	11	4773276	4774174
ENSG00000252109	17	50303618	50303707
ENSG00000253489	8	112191422	112192101
ENSG00000223263	1	67882897	67883001
ENSG00000114784	3	40351175	40353915
ENSG00000254804	11	55451617	55453636
ENSG00000263317	17	50467875	50613061
ENSG00000264629	22	23077063	23077157
ENSG00000236292	1	216367393	216377708
ENSG00000235200	1	67995313	67998012
ENSG00000264569	17	79995781	79997256
ENSG00000211945	14	106641563	106642056
ENSG00000266867	1	21503059	21503122
ENSG00000216331	6	26195794	26195999
ENSG00000254457	11	55482472	55483108
ENSG00000254124	8	112237814	112239278
ENSG00000201980	11	4777875	4778027
ENSG00000159164	1	149874870	149889434
ENSG00000253152	22	23081432	23081675
ENSG00000217275	6	26202384	26202882
ENSG00000204055	9	131939050	131972827
ENSG00000236936	1	21592575	21593744
ENSG00000226013	1	216374977	216375168
ENSG00000207504	1	68006810	68006916
ENSG00000262902	17	51183095	51183719
ENSG00000227602	6	56196586	56196915
ENSG00000176951	11	4807963	4808935
ENSG00000238139	1	68026756	68027129
ENSG00000238947	17	80099539	80099649
ENSG00000229841	1	217665317	217667625
ENSG00000253786	22	23098043	23098286
ENSG00000265678	17	80111306	80112691
ENSG00000218281	6	26233350	26233483
ENSG00000234781	2	105104916	105126967
ENSG00000218690	6	26272421	26272768
ENSG00000220666	6	56296748	56298011
ENSG00000263252	17	51430788	51431495
ENSG00000234070	1	217954540	217958462
ENSG00000029639	6	155578643	155635627
ENSG00000266654	17	80117932	80118328
ENSG00000006756	X	2822011	2847392
ENSG00000099849	11	560404	564021
ENSG00000258481	14	92719837	92730000
ENSG00000242482	1	68122516	68122812
ENSG00000231105	1	21619783	21626267
ENSG00000234984	1	166635122	166651433
ENSG00000228247	1	218023745	218023975
ENSG00000211946	14	106667581	106668095
ENSG00000232048	1	68125838	68126696
ENSG00000220875	6	26322104	26322520
ENSG00000243661	7	142486452	142487347
ENSG00000230612	5	132024373	132057275
ENSG00000265451	2	122287998	122290281
ENSG00000201097	14	92732046	92732151
ENSG00000220992	9	131992851	131992996
ENSG00000206961	2	170584382	170584513
ENSG00000253434	8	112388868	112555202
ENSG00000252399	6	26353199	26353264
ENSG00000264229	2	122288457	122288583
ENSG00000235007	9	132020633	132022125
ENSG00000199727	2	105149231	105149442
ENSG00000231550	2	170623695	170625309
ENSG00000266793	6	56297177	56297240
ENSG00000238778	1	68238276	68238336
ENSG00000215979	6	26365704	26365780
ENSG00000221654	2	105185275	105185378
ENSG00000253236	5	163875428	163894408
ENSG00000236216	1	21724480	21724855
ENSG00000260404	4	119512928	119554884
ENSG00000258742	14	93352697	93359851
ENSG00000231023	6	133409219	133427717
ENSG00000231441	6	56708800	56728876
ENSG00000211947	14	106691673	106692203
ENSG00000272203	5	132152940	132153692
ENSG00000231814	1	218066242	218094146
ENSG00000262271	17	51511492	51513190
ENSG00000232284	1	68297986	68668670
ENSG00000231626	2	105197279	105198348
ENSG00000255033	8	112392832	112393097
ENSG00000216854	6	56735989	56736541
ENSG00000222467	2	122360649	122360740
ENSG00000226225	HSCHR6_MHC_MCF	33410160	33414664
ENSG00000241084	9	132021341	132023860
ENSG00000253156	8	112633687	112634026
ENSG00000201274	5	132184269	132184388
ENSG00000124549	6	26421619	26432611
ENSG00000230714	1	218205177	218207002
ENSG00000228823	1	21737953	21739786
ENSG00000200224	6	56810528	56810635
ENSG00000188800	1	40711619	40717363
ENSG00000214369	2	170646603	170647395
ENSG00000220113	6	133471707	133471955
ENSG00000223225	4	119527605	119527708
ENSG00000236109	2	105199610	105201812
ENSG00000233730	1	115642293	115645279
ENSG00000219790	6	56840404	56840860
ENSG00000224307	9	132044737	132048007
ENSG00000232100	1	218216847	218232482
ENSG00000236009	1	21742391	21743985
ENSG00000013441	2	201717732	201729422
ENSG00000236859	2	122407226	122485784
ENSG00000176438	14	95883831	95942173
ENSG00000225892	4	119553429	119555914
ENSG00000254262	8	112754241	112769055
ENSG00000228035	1	115825655	115910693
ENSG00000255253	8	12495937	12496111
ENSG00000223542	6	133756215	133760602
ENSG00000201493	1	218303137	218303294
ENSG00000218980	6	56869318	56869597
ENSG00000229016	1	218474604	218475314
ENSG00000226973	1	116014562	116018648
ENSG00000172977	11	65479467	65487075
ENSG00000235253	5	132278624	132280742
ENSG00000232282	X	102040595	102041532
ENSG00000232951	X	51664960	51665595
ENSG00000235055	1	68509013	68509916
ENSG00000234567	6	133773995	133777743
ENSG00000223375	1	218511883	218512098
ENSG00000228431	1	68515043	68515428
ENSG00000222146	8	113160971	113161054
ENSG00000251433	4	182826943	182827620
ENSG00000179165	6	36358328	36410666
ENSG00000227001	1	21751118	21754460
ENSG00000264794	8	113487830	113487915
ENSG00000248213	4	119557056	119559937
ENSG00000254581	8	12533544	12533898
ENSG00000163811	2	29117509	29171088
ENSG00000237528	X	51666648	51666836
ENSG00000230169	8	113551118	113551546
ENSG00000248266	4	183066005	183111535
ENSG00000141452	18	21083473	21111746
ENSG00000182902	22	18043139	18073760
ENSG00000179082	9	132083295	132087184
ENSG00000232480	1	218517538	218519020
ENSG00000254306	8	37458055	37483391
ENSG00000263542	1	68523860	68523945
ENSG00000227954	6	133823390	134213074
ENSG00000137802	15	42066632	42120053
ENSG00000221227	4	183090446	183090531
ENSG00000234383	1	68627444	68628773
ENSG00000163002	2	183982241	184026408
ENSG00000252981	2	170672789	170672888
ENSG00000251155	4	119561828	119562013
ENSG00000230690	2	105275795	105281295
ENSG00000261150	HG104_HG975_PATCH	144940157	144955423
ENSG00000228450	X	130626253	130626860
ENSG00000252343	4	183469812	183469932
ENSG00000265534	1	116028272	116028364
ENSG00000248121	17	28927814	28942998
ENSG00000232562	X	51722319	51723108
ENSG00000212610	1	218715033	218715241
ENSG00000249002	4	119927187	119927556
ENSG00000251714	4	183552607	183552841
ENSG00000187952	1	21754796	21756030
ENSG00000229954	X	102041741	102043315
ENSG00000229101	1	116099447	116100096
ENSG00000227176	2	170933734	170934804
ENSG00000253344	8	37483533	37531905
ENSG00000226693	1	219054942	219055992
ENSG00000248816	4	183619055	183629195
ENSG00000249356	4	119990479	119991452
ENSG00000243710	1	43637820	43720029
ENSG00000238656	8	113576104	113576205
ENSG00000223387	3	172278678	172313397
ENSG00000225669	2	105294681	105295131
ENSG00000189419	15	100884662	100890438
ENSG00000177427	17	18163848	18169866
ENSG00000231070	11	4815008	4816514
ENSG00000221203	1	68649201	68649293
ENSG00000238399	8	113655722	113655812
ENSG00000248694	4	183693718	183695084
ENSG00000237225	X	130696712	130697808
ENSG00000226803	6	56979692	57039034
ENSG00000262518	17	51515917	51517082
ENSG00000250412	4	120255484	120299388
ENSG00000197984	11	4853363	4854302
ENSG00000139579	12	56615799	56623638
ENSG00000232185	1	116107222	116108053
ENSG00000227514	8	114388898	114389456
ENSG00000229133	1	68708157	68708738
ENSG00000268615	9	132090540	132090680
ENSG00000221186	4	183747381	183747518
ENSG00000253600	5	164028008	164028458
ENSG00000221534	17	51614874	51614965
ENSG00000186132	2	120059801	120124404
ENSG00000225561	1	219086099	219089526
ENSG00000221705	X	51806443	51806570
ENSG00000272646	4	183802930	183803356
ENSG00000264943	17	28951431	28952512
ENSG00000186543	1	21760811	21764051
ENSG00000262384	17	51758991	51759472
ENSG00000167600	19	41698954	41713444
ENSG00000250636	4	183949754	183950873
ENSG00000258711	14	51422977	51428720
ENSG00000221475	X	51933717	51933844
ENSG00000124074	16	67696848	67701168
ENSG00000228063	1	219259944	219347303
ENSG00000177400	8	12541663	12542662
ENSG00000202417	5	132281034	132281146
ENSG00000201186	4	120288717	120288801
ENSG00000221610	8	114419756	114419823
ENSG00000233901	9	132094579	132121817
ENSG00000225957	X	52125196	52128757
ENSG00000225364	5	132284185	132284410
ENSG00000233380	17	51834350	51835231
ENSG00000250462	17	28956698	28964482
ENSG00000206719	8	114963115	114963227
ENSG00000249244	4	120312986	120316490
ENSG00000270631	1	116119850	116120407
ENSG00000230219	4	183958818	183961272
ENSG00000183795	Y	26753707	26785354
ENSG00000259055	14	51555675	51558006
ENSG00000224426	3	172321230	172321796
ENSG00000232341	1	166716616	166717897
ENSG00000225242	1	68748071	68748305
ENSG00000239984	1	116149092	116149390
ENSG00000176378	1	21786249	21786575
ENSG00000254917	8	12553816	12554782
ENSG00000225920	1	219373256	219373909
ENSG00000131015	6	150263136	150270371
ENSG00000207502	1	116164493	116164626
ENSG00000254339	8	115294296	115308068
ENSG00000228813	HSCHR6_MHC_DBB	32703042	32710500
ENSG00000264711	3	172389349	172389429
ENSG00000198217	11	4897787	4898692
ENSG00000238059	6	133831524	133831831
ENSG00000272023	5	132299462	132299856
ENSG00000214204	1	116399531	116400440
ENSG00000237300	X	102051179	102052021
ENSG00000224556	X	52164596	52202209
ENSG00000259430	15	100913144	100978119
ENSG00000231384	3	172398504	172399014
ENSG00000233431	1	21912965	21917680
ENSG00000223842	1	219395590	219398839
ENSG00000228528	2	105320216	105321967
ENSG00000273180	4	183996633	183997186
ENSG00000260091	4	120330488	120331388
ENSG00000228536	1	219583023	219585283
ENSG00000232148	1	166732571	166762004
ENSG00000201376	14	51710808	51710942
ENSG00000272428	6	133861922	133862312
ENSG00000252807	2	170976506	170976608
ENSG00000272784	4	184015576	184016209
ENSG00000086506	16	230452	231180
ENSG00000223208	4	120355160	120355263
ENSG00000271143	1	116459118	116459320
ENSG00000270127	15	101087972	101090358
ENSG00000237622	1	68841010	68841346
ENSG00000201820	14	51720651	51720741
ENSG00000168032	3	40428647	40470110
ENSG00000230024	1	219608494	219615984
ENSG00000008196	6	50786436	50815326
ENSG00000218213	6	133997867	133998567
ENSG00000250084	X	52191730	52194281
ENSG00000229738	5	132323344	132323802
ENSG00000253499	8	115330629	115331140
ENSG00000221781	1	21918904	21919041
ENSG00000248280	4	120361716	120371312
ENSG00000258955	14	51771134	51795104
ENSG00000251359	4	184018170	184020352
ENSG00000252082	3	172420914	172421015
ENSG00000251819	15	101092025	101092127
ENSG00000229440	1	68847124	68847340
ENSG00000231978	1	22094762	22095068
ENSG00000259205	15	101093734	101099159
ENSG00000241631	17	29029526	29029793
ENSG00000228127	1	116461997	116468529
ENSG00000253756	8	115803882	115804158
ENSG00000223586	6	134142285	134172938
ENSG00000223215	8	37526416	37526523
ENSG00000207249	2	105349692	105349820
ENSG00000258479	14	51800111	51832275
ENSG00000254724	8	12560575	12561565
ENSG00000273236	HSCHR19LRC_LRC_T_CTG1	54530502	54530601
ENSG00000238232	1	219730534	219731043
ENSG00000242281	9	132132452	132132740
ENSG00000253181	8	37575097	37591274
ENSG00000227319	X	52228192	52229056
ENSG00000215817	1	219782859	219786462
ENSG00000234177	2	105363096	105374177
ENSG00000229878	10	33324397	33324592
ENSG00000237993	1	116556434	116560326
ENSG00000227170	8	116521829	116523552
ENSG00000199289	6	26519579	26519686
ENSG00000259540	15	101098882	101100003
ENSG00000252702	4	184090501	184090570
ENSG00000236146	9	132142415	132142749
ENSG00000216753	6	134436373	134436874
ENSG00000252048	4	184097914	184098084
ENSG00000252240	1	219836719	219836809
ENSG00000235933	1	116706905	116708862
ENSG00000233589	1	68944812	68949222
ENSG00000264512	8	12576636	12576704
ENSG00000236299	7	63348578	63361113
ENSG00000228223	6	26522076	26526807
ENSG00000252086	1	219935131	219935217
ENSG00000251128	4	184154781	184161787
ENSG00000232037	1	22234591	22235073
ENSG00000146143	6	57179603	57513375
ENSG00000266875	6	134454711	134455004
ENSG00000101017	20	44746911	44758502
ENSG00000200095	15	101100891	101100997
ENSG00000221040	1	116821228	116821442
ENSG00000221673	1	220136028	220136206
ENSG00000249917	8	116962736	117337297
ENSG00000238631	6	134527549	134527652
ENSG00000230676	9	132192931	132213701
ENSG00000237628	X	102052459	102053056
ENSG00000234264	1	68962359	69004310
ENSG00000233170	8	37604854	37605522
ENSG00000264538	17	29036317	29117926
ENSG00000238798	1	220160853	220160956
ENSG00000212306	15	101178568	101178662
ENSG00000258942	14	51811632	51852321
ENSG00000200058	6	134578173	134578281
ENSG00000231898	2	171190438	171207628
ENSG00000146872	17	60536019	60692842
ENSG00000084073	1	40723779	40759856
ENSG00000238319	4	184195614	184195717
ENSG00000207590	1	220291195	220291304
ENSG00000264385	1	22305444	22305729
ENSG00000201309	6	134604230	134604331
ENSG00000270513	5	42729240	42729621
ENSG00000259381	15	101185639	101186860
ENSG00000203865	1	116934869	116961244
ENSG00000269099	13	25591541	25591675
ENSG00000238596	4	184250451	184250554
ENSG00000263991	1	22313974	22314268
ENSG00000254402	8	145747761	145752416
ENSG00000207624	1	220291499	220291583
ENSG00000235962	10	33346543	33347343
ENSG00000258808	14	51858846	51863853
ENSG00000112078	6	36410544	36458920
ENSG00000226398	2	42242765	42252442
ENSG00000201919	1	22314309	22314412
ENSG00000250292	4	184301498	184302858
ENSG00000220378	6	134618135	134619833
ENSG00000225167	1	68980058	68980352
ENSG00000232223	1	166765503	166766420
ENSG00000238576	1	220310506	220310608
ENSG00000263582	1	22330078	22330361
ENSG00000241032	8	37766259	37766553
ENSG00000151846	13	25670300	25673389
ENSG00000263395	4	184305706	184305773
ENSG00000104918	19	7733930	7735334
ENSG00000272234	5	42806496	42807099
ENSG00000263929	1	22337143	22337437
ENSG00000264965	8	37807254	37807349
ENSG00000226355	9	132200495	132201397
ENSG00000232134	1	220317306	220317693
ENSG00000258893	14	51902756	51903681
ENSG00000248376	4	184340043	184340958
ENSG00000259579	15	101256454	101368702
ENSG00000201273	1	22337478	22337581
ENSG00000232787	X	130730113	130730812
ENSG00000249092	5	42892421	42892919
ENSG00000266206	8	12584741	12584813
ENSG00000228397	1	22350487	22351461
ENSG00000196152	9	130186661	130207651
ENSG00000213434	4	184404643	184405338
ENSG00000226353	Y	19740393	19741282
ENSG00000259586	15	101386809	101386972
ENSG00000245958	4	120375946	120473180
ENSG00000258537	14	51921230	52066670
ENSG00000254813	8	12623358	12668987
ENSG00000233151	HSCHR6_MHC_COX	31954522	31957894
ENSG00000270865	8	37840588	37840891
ENSG00000265371	12	54625181	54625260
ENSG00000224875	2	42370378	42397441
ENSG00000225171	1	166837985	166838446
ENSG00000222370	1	220373888	220374018
ENSG00000218510	1	22351681	22357716
ENSG00000241785	12	54649415	54649694
ENSG00000260949	8	37920399	37921309
ENSG00000233387	10	33385185	33405600
ENSG00000270585	1	220380960	220381624
ENSG00000257596	12	54656399	54672847
ENSG00000264298	9	132240835	132240931
ENSG00000226449	Y	19833478	19835057
ENSG00000223883	1	69521581	69650686
ENSG00000235730	X	130753023	130753911
ENSG00000232648	4	184416091	184425647
ENSG00000252400	14	51989582	51989685
ENSG00000249893	4	65474623	65475142
ENSG00000263576	10	33387463	33387564
ENSG00000237096	1	166864948	166877317
ENSG00000212385	1	116956388	116956491
ENSG00000261334	9	132242884	132244817
ENSG00000258344	12	54670415	54738867
ENSG00000251771	14	52071557	52071618
ENSG00000251163	5	42897364	42897934
ENSG00000238258	10	33500205	33502732
ENSG00000250169	4	65475172	65476250
ENSG00000251756	14	52159470	52159579
ENSG00000270708	1	220393633	220393935
ENSG00000207381	12	54711565	54711671
ENSG00000272744	4	184438047	184438680
ENSG00000232386	15	101389766	101402376
ENSG00000228316	X	102053324	102054488
ENSG00000200036	1	166975196	166975314
ENSG00000199122	12	54731000	54731098
ENSG00000207004	14	52190821	52190927
ENSG00000235446	1	69709055	69715106
ENSG00000198783	17	33288549	33290205
ENSG00000260436	16	2621571	2622354
ENSG00000248259	4	65476334	65476627
ENSG00000165566	13	25735822	25746426
ENSG00000225896	Y	19838632	19838960
ENSG00000238325	1	167010672	167010773
ENSG00000233154	1	116966346	117021464
ENSG00000244356	10	33577234	33577529
ENSG00000261093	16	2647882	2649719
ENSG00000206845	5	164362168	164362274
ENSG00000259111	14	52217278	52229832
ENSG00000264028	12	54738394	54738645
ENSG00000239116	4	184503348	184503454
ENSG00000207835	22	23101185	23101279
ENSG00000218283	1	220426912	220427878
ENSG00000229639	1	69898938	69901092
ENSG00000249045	4	65476698	65477026
ENSG00000227907	1	167021788	167027779
ENSG00000221300	2	42667517	42667576
ENSG00000273012	10	33630583	33630833
ENSG00000252157	4	184574725	184574829
ENSG00000258423	14	52223714	52224706
ENSG00000253590	22	23104787	23105009
ENSG00000254066	5	164647583	164668758
ENSG00000258137	12	54747445	54891472
ENSG00000272128	8	37956989	37957449
ENSG00000058668	1	203595689	203713209
ENSG00000248328	4	65477092	65477606
ENSG00000251656	5	42908310	42908769
ENSG00000201433	4	184596756	184596868
ENSG00000226412	10	33867859	33888968
ENSG00000258550	14	52229774	52230794
ENSG00000215154	16	2653351	2680495
ENSG00000090487	15	65255362	65282648
ENSG00000213068	1	167131660	167132074
ENSG00000213033	1	220440048	220441259
ENSG00000253437	8	37979892	37979998
ENSG00000231392	22	23117022	23117184
ENSG00000253693	5	164776036	165205694
ENSG00000270615	1	70072538	70073984
ENSG00000267241	19	15774916	15780636
ENSG00000244669	4	65632848	65633615
ENSG00000224166	Y	19841408	19856476
ENSG00000184014	11	9160372	9286937
ENSG00000251739	4	184627084	184627184
ENSG00000224471	X	102054491	102054811
ENSG00000264793	2	87421909	87421982
ENSG00000227183	X	130780648	130780899
ENSG00000261353	6	26527291	26527632
ENSG00000252794	5	165036446	165036684
ENSG00000207833	22	23134977	23135071
ENSG00000258535	14	52231994	52292140
ENSG00000240692	1	70345275	70345577
ENSG00000248206	4	184908831	184909903
ENSG00000250125	4	65779999	65870218
ENSG00000240015	8	37980792	37982169
ENSG00000203565	10	33973683	33975992
ENSG00000198060	10	94050920	94113721
ENSG00000253512	5	165209810	165210139
ENSG00000271071	6	26612131	26613337
ENSG00000226477	22	23157168	23157423
ENSG00000240925	12	120685263	120685594
ENSG00000230318	1	220487287	220488907
ENSG00000272808	15	101390036	101404501
ENSG00000084731	2	26149471	26205618
ENSG00000229359	1	70385005	70386000
ENSG00000214821	2	171458172	171458738
ENSG00000230068	1	22385690	22390692
ENSG00000261683	10	34048641	34061586
ENSG00000213118	6	134714280	134715038
ENSG00000250726	4	184993556	184994192
ENSG00000232526	2	42690279	42691137
ENSG00000255494	8	12651752	12675800
ENSG00000223395	X	52245867	52246128
ENSG00000231605	1	167145154	167165029
ENSG00000213468	X	130836678	130964671
ENSG00000207836	22	23165270	23165365
ENSG00000233671	2	87448236	87449611
ENSG00000253946	5	165332131	165332613
ENSG00000229129	Y	19868881	19870005
ENSG00000271428	1	22394833	22395320
ENSG00000232883	1	220490009	220490941
ENSG00000183019	19	7741514	7744712
ENSG00000237919	1	70479665	70496905
ENSG00000218346	6	26630782	26632007
ENSG00000226407	10	34153241	34153651
ENSG00000237127	22	23177041	23177293
ENSG00000258849	14	52238507	52238804
ENSG00000240159	4	185175662	185176483
ENSG00000248447	4	65900352	65901735
ENSG00000271840	1	22427106	22427853
ENSG00000226056	X	102054870	102056327
ENSG00000235073	X	52270115	52270985
ENSG00000233631	6	26634611	26637008
ENSG00000259157	14	52254179	52254461
ENSG00000221523	4	185188510	185188584
ENSG00000213981	2	171475138	171551884
ENSG00000266564	1	22592732	22592793
ENSG00000248998	4	66008421	66011481
ENSG00000254077	22	23180779	23181049
ENSG00000197301	12	66245120	66275947
ENSG00000259604	15	101402048	101414195
ENSG00000244512	4	185200089	185200384
ENSG00000204054	9	132245730	132275947
ENSG00000259007	14	52433721	52436518
ENSG00000234397	1	22649333	22649824
ENSG00000223470	10	34198166	34206723
ENSG00000244567	2	208686014	208687493
ENSG00000249516	5	42917516	42918086
ENSG00000226927	1	220533073	220533525
ENSG00000230993	2	122416051	122416549
ENSG00000244389	1	70645829	70646123
ENSG00000227765	4	185220282	185220800
ENSG00000253448	22	23192550	23192799
ENSG00000151388	5	33523640	33892297
ENSG00000199200	10	34490908	34491002
ENSG00000228988	1	70684272	70686706
ENSG00000225111	2	208733306	208734639
ENSG00000237200	1	22843967	22846201
ENSG00000260505	1	220574464	220577375
ENSG00000258854	14	52449238	52453937
ENSG00000225322	X	52293397	52297093
ENSG00000207832	22	23198720	23198813
ENSG00000234167	10	34777511	34777806
ENSG00000230381	1	116971671	116975990
ENSG00000261584	6	26686469	26688192
ENSG00000253234	22	23198937	23199213
ENSG00000236913	2	42696957	42697406
ENSG00000265422	1	23046010	23046091
ENSG00000235163	1	220621858	220622195
ENSG00000249351	4	66082334	66083151
ENSG00000258694	14	52577840	52596343
ENSG00000255419	HSCHR6_MHC_SSTO	31715897	31722583
ENSG00000200547	1	116995158	116995249
ENSG00000229235	10	34952787	34953029
ENSG00000226088	1	70825245	70826120
ENSG00000216157	1	23075310	23075404
ENSG00000258981	14	52584320	52584713
ENSG00000224950	1	117035645	117041834
ENSG00000226420	22	23200200	23200443
ENSG00000234350	2	171579719	171627276
ENSG00000212246	2	208884362	208884465
ENSG00000233742	X	52304893	52307444
ENSG00000180712	4	185261909	185275130
ENSG00000231971	6	134749378	134841723
ENSG00000225952	1	23162206	23163342
ENSG00000272205	1	167189068	167189749
ENSG00000271097	2	87528781	87529374
ENSG00000250711	5	42972726	42973194
ENSG00000205918	16	2666122	2693297
ENSG00000185078	2	208896107	208896677
ENSG00000215184	10	34964563	34964969
ENSG00000271992	1	70910754	70911219
ENSG00000253963	22	23215391	23215619
ENSG00000258440	14	52622458	52622897
ENSG00000234863	1	220628496	220628654
ENSG00000177173	1	117075558	117076714
ENSG00000243199	4	66439177	66440046
ENSG00000253356	8	38006259	38021290
ENSG00000232759	7	22602956	22613615
ENSG00000264014	1	23189652	23189719
ENSG00000264824	22	23228447	23228559
ENSG00000272033	1	167348345	167350237
ENSG00000233020	1	70996209	70997175
ENSG00000272639	15	101402129	101425534
ENSG00000241549	6	26839263	26924333
ENSG00000261727	16	32019759	32096106
ENSG00000254029	22	23252998	23253245
ENSG00000261208	14	52753515	52755986
ENSG00000128692	2	171608221	171609562
ENSG00000253739	8	38023530	38023636
ENSG00000264463	8	12763347	12763430
ENSG00000272796	1	23243175	23247993
ENSG00000251941	2	208918885	208918982
ENSG00000233411	1	167426620	167427898
ENSG00000250846	4	66535679	66563747
ENSG00000112312	6	24775159	24786327
ENSG00000139505	13	25802307	25862147
ENSG00000254030	22	23257805	23258097
ENSG00000225049	2	87586177	87586367
ENSG00000248585	8	38059217	38061756
ENSG00000254252	5	165455572	165456316
ENSG00000224839	2	208921972	208922469
ENSG00000251468	8	12815896	12819709
ENSG00000215263	2	42759906	42760582
ENSG00000157399	X	2852699	2886286
ENSG00000240553	1	23346640	23414551
ENSG00000226386	10	35104695	35105314
ENSG00000222037	22	23261707	23262023
ENSG00000261704	16	32046174	32046647
ENSG00000197958	9	130209953	130213684
ENSG00000213375	2	87596356	87596632
ENSG00000205930	21	34144411	34266043
ENSG00000226226	1	220641296	220642150
ENSG00000237033	1	71126340	71126948
ENSG00000258757	14	53107557	53108284
ENSG00000255487	8	38133406	38134198
ENSG00000110619	11	3022152	3078843
ENSG00000273160	1	167426979	167429128
ENSG00000237472	22	23330438	23330756
ENSG00000238582	2	208938785	208938886
ENSG00000267594	19	15871051	15890719
ENSG00000232525	10	35164138	35164350
ENSG00000236700	6	134758854	134825719
ENSG00000263793	1	23370798	23370865
ENSG00000264419	1	117102646	117102733
ENSG00000159761	16	67700719	67702661
ENSG00000259583	15	101433945	101459488
ENSG00000224881	2	87607003	87607890
ENSG00000239467	2	171627623	171634658
ENSG00000259049	14	53241955	53244458
ENSG00000254898	8	38193499	38195069
ENSG00000227776	1	167488773	167489823
ENSG00000229150	2	208972957	208977235
ENSG00000258499	14	93372042	93373827
ENSG00000254171	5	165555503	165582444
ENSG00000238532	1	117134728	117134821
ENSG00000266802	1	23384351	23384427
ENSG00000206996	8	12901859	12901965
ENSG00000211543	1	117214371	117214449
ENSG00000211949	14	106725201	106725733
ENSG00000260048	16	32070405	32070693
ENSG00000224970	7	142573589	142590199
ENSG00000075340	2	70834750	70995357
ENSG00000248479	4	66567920	66571271
ENSG00000213563	8	145751117	145754516
ENSG00000229010	1	23466818	23467635
ENSG00000200630	8	13017687	13017788
ENSG00000238341	2	122463543	122463633
ENSG00000229051	1	71172136	71252151
ENSG00000268206	17	26638667	26642323
ENSG00000064999	6	34857042	35059179
ENSG00000241418	X	130929685	130930195
ENSG00000264903	5	165586438	165586525
ENSG00000171564	4	155484108	155492238
ENSG00000231072	1	117256455	117257457
ENSG00000264700	14	53252295	53252581
ENSG00000223047	10	35215703	35215810
ENSG00000222765	4	66672958	66673153
ENSG00000234886	X	102057969	102061066
ENSG00000239293	7	142744314	142744681
ENSG00000258698	14	53259593	53286752
ENSG00000213239	2	122466088	122466691
ENSG00000231529	1	220658446	220660385
ENSG00000222909	10	35231897	35232003
ENSG00000223679	22	23332865	23350523
ENSG00000251527	4	66724479	66725922
ENSG00000258730	14	93533797	93538497
ENSG00000258802	14	53265622	53265779
ENSG00000271788	5	43006835	43007645
ENSG00000224529	2	209000118	209002421
ENSG00000226208	1	71181616	71185972
ENSG00000272092	8	38239882	38240979
ENSG00000243872	1	220745085	220745377
ENSG00000213724	10	35253997	35255187
ENSG00000206935	1	23489197	23489303
ENSG00000179420	7	142759427	142760735
ENSG00000101188	20	61340189	61394123
ENSG00000271075	14	53338176	53338935
ENSG00000272019	22	23474919	23475192
ENSG00000235782	1	71413062	71417176
ENSG00000231029	1	167560629	167561083
ENSG00000249413	4	66864564	67015730
ENSG00000222509	2	171639677	171639781
ENSG00000204197	HSCHR6_MHC_QBL	33288143	33306509
ENSG00000252578	1	23490446	23490546
ENSG00000228089	X	130937340	130937769
ENSG00000221069	22	23478807	23478897
ENSG00000233012	1	220799082	220801398
ENSG00000007392	16	238968	279462
ENSG00000258503	14	53478689	53478985
ENSG00000211950	14	106733144	106733639
ENSG00000215381	1	23571258	23571717
ENSG00000253517	8	63767627	63769693
ENSG00000272304	4	66868999	66882510
ENSG00000269933	1	71471537	71472185
ENSG00000235934	2	171672803	171674547
ENSG00000177738	5	43014516	43067521
ENSG00000254981	8	38258054	38259201
ENSG00000236794	22	23522058	23522465
ENSG00000223489	1	117282603	117285231
ENSG00000232310	6	134846452	134980974
ENSG00000236562	4	66959844	66960244
ENSG00000241666	1	167596622	167599911
ENSG00000235079	1	71514538	71532867
ENSG00000235190	X	131071698	131071881
ENSG00000260324	HG544_PATCH	17794251	17842867
ENSG00000253431	8	63775641	63776740
ENSG00000112378	6	138409642	138428648
ENSG00000109084	17	26646121	26655707
ENSG00000260176	16	2694085	2695215
ENSG00000222041	2	87754887	87906324
ENSG00000250762	1	167789136	167789486
ENSG00000261326	1	23607802	23613245
ENSG00000240160	22	23603971	23604258
ENSG00000169756	2	109150857	109303702
ENSG00000184897	3	129033615	129035120
ENSG00000230267	16	32114566	32199434
ENSG00000272159	8	38265566	38266260
ENSG00000230701	22	23605323	23606541
ENSG00000269711	19	7743387	7747740
ENSG00000253932	8	13196083	13200263
ENSG00000266020	2	171772719	171772804
ENSG00000232194	1	167789644	167790462
ENSG00000233869	2	209072859	209073708
ENSG00000221563	4	67142542	67142646
ENSG00000207721	1	71533314	71533399
ENSG00000200587	X	131072874	131072984
ENSG00000243307	6	26864731	26866556
ENSG00000201405	1	23696747	23696839
ENSG00000111981	6	150285143	150294846
ENSG00000266228	10	35368526	35368608
ENSG00000108405	17	3799886	3819794
ENSG00000238567	2	172002840	172002937
ENSG00000225079	1	117317726	117318245
ENSG00000271420	1	23704873	23705522
ENSG00000255201	8	38279407	38283614
ENSG00000260565	16	2710350	2723445
ENSG00000228111	2	209079448	209087349
ENSG00000221545	1	167967898	167967964
ENSG00000244099	4	67296810	67297239
ENSG00000253257	8	13210910	13211039
ENSG00000224553	2	172231441	172231788
ENSG00000233688	X	154147853	154148457
ENSG00000231840	7	142952357	142984473
ENSG00000238276	10	120001076	120027222
ENSG00000224843	6	26924771	26991703
ENSG00000236802	HSCHR6_MHC_MCF	33415294	33416979
ENSG00000230534	10	35386934	35415948
ENSG00000265686	X	131130873	131130961
ENSG00000224837	1	168025139	168025660
ENSG00000232482	1	23737325	23738639
ENSG00000252890	4	67762980	67763089
ENSG00000263524	2	209098168	209098229
ENSG00000252179	8	13393538	13393644
ENSG00000212017	6	57254930	57255010
ENSG00000218772	6	134924702	134925836
ENSG00000228819	X	131264119	131265380
ENSG00000228507	2	172347932	172348441
ENSG00000123243	10	7601232	7708961
ENSG00000164733	8	11700033	11726957
ENSG00000255069	8	13415166	13462119
ENSG00000266579	6	57358736	57362565
ENSG00000231908	2	209119971	209120905
ENSG00000221425	1	117447772	117447916
ENSG00000181029	19	7745729	7747744
ENSG00000194270	2	42865101	42865188
ENSG00000250075	4	68283023	68333969
ENSG00000239218	8	38291865	38293182
ENSG00000227649	X	102061092	102061574
ENSG00000240915	8	63925627	63927240
ENSG00000234061	2	172349415	172349605
ENSG00000272715	1	117451771	117452153
ENSG00000239419	7	142987708	142988004
ENSG00000226523	2	42907228	42907419
ENSG00000272312	6	26968987	26969427
ENSG00000214566	6	57686969	57687949
ENSG00000260314	HG544_PATCH	17851343	17953161
ENSG00000240322	7	142995609	142995905
ENSG00000253121	8	63936931	63937853
ENSG00000229722	6	134927437	134930575
ENSG00000206298	HSCHR6_MHC_QBL	32737204	32741190
ENSG00000238621	6	26988114	26988226
ENSG00000254491	8	13441398	13442042
ENSG00000229956	1	71547007	71955652
ENSG00000237049	1	168179854	168180207
ENSG00000214526	22	23664730	23665114
ENSG00000231531	7	143009774	143010154
ENSG00000253054	10	35424371	35424430
ENSG00000259376	15	101583921	101589661
ENSG00000252510	1	117504969	117505093
ENSG00000235991	X	154365386	154384778
ENSG00000227723	6	134957627	134963633
ENSG00000200550	2	42939880	42939987
ENSG00000233762	2	172373749	172374232
ENSG00000228380	2	209134067	209134681
ENSG00000235052	1	23875630	23877406
ENSG00000220581	6	27001214	27002089
ENSG00000225782	1	220835813	220836458
ENSG00000232160	X	131351175	131566890
ENSG00000172771	3	129120164	129147494
ENSG00000233343	10	35447234	35447568
ENSG00000216762	6	27028144	27029028
ENSG00000213235	12	17143604	17145017
ENSG00000236611	22	23668803	23670680
ENSG00000006114	17	35874900	35969544
ENSG00000141098	16	67708434	67753324
ENSG00000206629	4	68295309	68295472
ENSG00000213081	2	209225356	209226094
ENSG00000226491	2	43024365	43025852
ENSG00000236137	1	117568104	117602112
ENSG00000229239	1	23996784	24006749
ENSG00000221571	1	220998962	220999389
ENSG00000259755	15	101590937	101626271
ENSG00000219770	6	27051059	27051926
ENSG00000205929	21	34162985	34186053
ENSG00000229794	X	102061669	102062752
ENSG00000236389	6	135027198	135028487
ENSG00000231273	6	57690895	57691645
ENSG00000203589	1	24032291	24033424
ENSG00000250030	4	68311985	68312292
ENSG00000237131	1	168184643	168184890
ENSG00000222800	6	27077569	27077759
ENSG00000239353	9	132264269	132275965
ENSG00000259365	15	101656808	101657751
ENSG00000269952	10	35499344	35499678
ENSG00000272823	1	221002018	221002553
ENSG00000265454	2	209234286	209234347
ENSG00000244609	1	24063100	24063380
ENSG00000253555	8	64048782	64050643
ENSG00000272468	6	27090436	27091000
ENSG00000222055	16	2763020	2763101
ENSG00000233934	2	172443603	172443769
ENSG00000212358	12	17224332	17224439
ENSG00000213117	6	135219012	135219897
ENSG00000227430	2	209330963	209331351
ENSG00000262828	6	57793932	57794280
ENSG00000233200	10	35508822	35519526
ENSG00000242991	12	17274650	17275394
ENSG00000236810	1	24086872	24104777
ENSG00000232139	10	120116620	120124615
ENSG00000231896	2	209334575	209405138
ENSG00000238078	1	221002597	221005771
ENSG00000215478	22	23701790	23729918
ENSG00000215930	1	117637265	117637350
ENSG00000227619	9	132337688	132346835
ENSG00000214262	1	168214803	168216581
ENSG00000270257	4	68503895	68504077
ENSG00000215307	6	57841107	57842388
ENSG00000265565	6	27115405	27115467
ENSG00000076513	12	110436991	110477568
ENSG00000228453	1	117680851	117681231
ENSG00000205913	16	2787077	2802601
ENSG00000224978	X	154441199	154441916
ENSG00000253070	10	35520259	35520322
ENSG00000232409	2	209381633	209381955
ENSG00000101189	20	61427805	61431945
ENSG00000256896	12	17536286	17537581
ENSG00000174572	6	27179023	27179692
ENSG00000200097	10	35539887	35539980
ENSG00000228389	2	172629992	172632354
ENSG00000202164	2	209785271	209785388
ENSG00000270673	8	64080284	64081001
ENSG00000251131	5	43018531	43024349
ENSG00000255457	8	13553083	13563015
ENSG00000235202	1	117838142	117863958
ENSG00000005156	17	33307513	33332083
ENSG00000256756	12	17553333	17553848
ENSG00000271335	10	35603480	35625329
ENSG00000206880	1	168232613	168232719
ENSG00000252779	2	172713076	172713180
ENSG00000235864	2	209937321	209938872
ENSG00000264347	1	24208284	24208575
ENSG00000227628	X	52333857	52334578
ENSG00000227722	1	168338292	168338839
ENSG00000131100	22	18074902	18111584
ENSG00000257551	1	221006105	221053482
ENSG00000270213	6	58028201	58028363
ENSG00000236651	2	172967734	172974710
ENSG00000253361	8	38401170	38410198
ENSG00000216181	9	132353755	132353841
ENSG00000238538	1	24208745	24208842
ENSG00000240056	6	135262530	135263588
ENSG00000136319	14	20724717	20774153
ENSG00000248049	4	68566998	68946670
ENSG00000256994	12	17662287	17742926
ENSG00000232202	2	43053462	43054757
ENSG00000225008	X	154519651	154520644
ENSG00000207974	1	168344762	168344859
ENSG00000234789	9	132402755	132403561
ENSG00000229106	1	24227961	24229227
ENSG00000254100	8	38409766	38416538
ENSG00000232799	2	210009965	210012411
ENSG00000231283	X	52345599	52346259
ENSG00000232876	6	135376171	135381688
ENSG00000270935	6	27235892	27237008
ENSG00000234255	2	65669189	65683705
ENSG00000271427	1	117907521	117908095
ENSG00000273312	10	35894929	35897081
ENSG00000272541	6	58182169	58182746
ENSG00000224739	2	43228495	43233200
ENSG00000136250	7	36552456	36764154
ENSG00000226211	1	221307207	221307563
ENSG00000228697	1	168370067	168391894
ENSG00000239407	X	102139342	102161086
ENSG00000238572	2	173020757	173020848
ENSG00000133454	22	26138111	26427007
ENSG00000261542	8	64128539	64130592
ENSG00000240286	2	210043528	210046742
ENSG00000226755	1	118092037	118092544
ENSG00000266281	10	120305606	120305676
ENSG00000271761	6	58228887	58229426
ENSG00000164506	6	147525561	147706866
ENSG00000236703	6	135516221	135517133
ENSG00000232555	2	173180015	173188465
ENSG00000253570	8	38458179	38458718
ENSG00000272382	5	43033818	43034737
ENSG00000264548	17	80172103	80175228
ENSG00000220758	6	27292578	27293742
ENSG00000231775	X	52370417	52373978
ENSG00000228986	X	154521460	154522731
ENSG00000026950	6	26402465	26415444
ENSG00000234309	10	120332383	120333132
ENSG00000234754	1	221503422	221509638
ENSG00000197023	11	4910823	4911826
ENSG00000229670	2	210043690	210045847
ENSG00000272316	6	58234838	58240189
ENSG00000232557	1	24233601	24234375
ENSG00000206900	X	131714145	131714251
ENSG00000207689	6	135560298	135560394
ENSG00000268605	19	42928536	42929223
ENSG00000226963	2	173292502	173293331
ENSG00000184551	17	80206943	80209703
ENSG00000264926	1	24255560	24255637
ENSG00000222317	2	210586637	210586745
ENSG00000229119	5	165809310	165809604
ENSG00000254321	8	38558144	38562373
ENSG00000256389	12	17742191	17768397
ENSG00000241964	8	64147195	64147469
ENSG00000224374	6	135581134	135582071
ENSG00000239650	6	58246051	58256569
ENSG00000263658	10	120390435	120390554
ENSG00000253048	19	42977027	42977161
ENSG00000236024	9	132475175	132480914
ENSG00000230228	1	24275506	24275873
ENSG00000264239	1	71607658	71607751
ENSG00000237194	2	210673528	210674304
ENSG00000231826	2	43254992	43266686
ENSG00000215833	1	168418910	168420449
ENSG00000230491	X	154539560	154539803
ENSG00000236866	1	118139454	118148392
ENSG00000232788	2	173328990	173330750
ENSG00000232384	X	52464670	52467221
ENSG00000269374	19	42989228	42989866
ENSG00000232436	1	221681901	221684321
ENSG00000205927	21	34398153	34401504
ENSG00000237726	1	71716682	71717802
ENSG00000225155	10	120403272	120403710
ENSG00000272807	2	210893141	210893880
ENSG00000265692	17	80247922	80250690
ENSG00000234084	6	135622706	135628296
ENSG00000215905	1	24334371	24335009
ENSG00000254130	5	166332227	166353375
ENSG00000206662	12	17863868	17863980
ENSG00000255413	8	13599318	13600290
ENSG00000104921	19	7753644	7767032
ENSG00000227585	1	221723128	221723985
ENSG00000241020	11	82924047	82924446
ENSG00000226324	1	71832737	71832986
ENSG00000259182	15	101708735	101711026
ENSG00000235849	X	131801670	131803916
ENSG00000204789	6	27325604	27339304
ENSG00000255892	12	18511377	18511901
ENSG00000253713	5	166543323	166546590
ENSG00000230558	19	43064585	43065902
ENSG00000132466	4	73939093	74124515
ENSG00000254753	8	13701610	13706618
ENSG00000171217	6	155585147	155597682
ENSG00000231985	1	72036639	72039241
ENSG00000270798	2	122501055	122503497
ENSG00000227064	X	132041307	132041603
ENSG00000271618	1	72203856	72204037
ENSG00000255824	9	132500629	132501902
ENSG00000259172	15	101835624	101845942
ENSG00000227469	X	52501127	52501685
ENSG00000225205	2	173345568	173421324
ENSG00000253205	8	64297397	64382763
ENSG00000201012	6	135795642	135795747
ENSG00000237658	1	168433452	168464882
ENSG00000255960	12	18577597	18578074
ENSG00000205667	X	2924654	2951612
ENSG00000253469	5	166591939	166595406
ENSG00000228137	21	47666804	47667596
ENSG00000227925	1	222001008	222014008
ENSG00000259764	15	101874642	101877633
ENSG00000255234	11	82997171	83134559
ENSG00000207258	8	38601538	38601649
ENSG00000251836	10	120545264	120545475
ENSG00000254425	8	13766740	13767289
ENSG00000233909	9	132553475	132554116
ENSG00000146215	6	43267448	43276535
ENSG00000227777	1	168511975	168512592
ENSG00000253586	8	38657161	38659814
ENSG00000145777	5	110405760	110413722
ENSG00000228853	1	72259915	72302695
ENSG00000236058	10	120631561	120632114
ENSG00000259464	15	102102739	102103177
ENSG00000256138	12	18645985	18646657
ENSG00000239415	21	47671463	47674047
ENSG00000225315	1	24367325	24413289
ENSG00000229936	X	52518793	52519069
ENSG00000108602	17	19641297	19652256
ENSG00000213262	1	118183434	118184261
ENSG00000204397	11	104912053	104972158
ENSG00000227023	11	4958601	4959524
ENSG00000250656	4	68582093	68583106
ENSG00000234050	X	102192698	102195489
ENSG00000258595	14	93604411	93604810
ENSG00000225949	X	132275328	132277968
ENSG00000263189	17	52030297	52032685
ENSG00000233681	19	43124364	43137186
ENSG00000231028	6	135818489	136037193
ENSG00000231457	X	52555981	52556851
ENSG00000224655	2	122548020	122554278
ENSG00000215068	5	43041677	43045492
ENSG00000230703	1	24393264	24410055
ENSG00000255003	11	83039969	83040289
ENSG00000200033	1	222010676	222010779
ENSG00000233994	1	72740235	72740842
ENSG00000255437	8	13880196	13880931
ENSG00000270228	4	68584714	68589980
ENSG00000225043	21	47840467	47840948
ENSG00000229127	2	210895457	210929080
ENSG00000240096	14	93689944	93690485
ENSG00000229757	1	168547891	168548677
ENSG00000230023	1	24526730	24538183
ENSG00000238042	1	222054323	222151865
ENSG00000253829	8	38702384	38703957
ENSG00000227058	X	52574163	52576707
ENSG00000241499	14	93710356	93710669
ENSG00000218189	6	58263736	58265293
ENSG00000213574	10	120692186	120692807
ENSG00000270292	4	68590901	68592113
ENSG00000231063	2	210952950	210953788
ENSG00000221032	1	24554407	24554520
ENSG00000256466	11	83167649	83168256
ENSG00000199866	2	173422879	173422980
ENSG00000207100	X	132286782	132286920
ENSG00000224632	X	102262389	102263000
ENSG00000202374	4	68612954	68613104
ENSG00000227207	1	72767155	72767512
ENSG00000255993	12	18845696	18847030
ENSG00000225003	11	4994173	4995114
ENSG00000112379	6	138483058	138665800
ENSG00000108846	17	48712138	48769613
ENSG00000212266	1	118231243	118231364
ENSG00000261965	17	52555157	52555529
ENSG00000266511	1	24606257	24606345
ENSG00000230104	2	173538940	173539626
ENSG00000253645	8	38827879	38830530
ENSG00000231593	X	52590781	52591313
ENSG00000223692	21	47882384	47889219
ENSG00000232398	4	68632198	68639572
ENSG00000221010	X	102323793	102323914
ENSG00000270719	1	118242651	118242864
ENSG00000267957	10	75880013	75880621
ENSG00000232298	1	24634046	24648391
ENSG00000202199	X	132372685	132372844
ENSG00000224216	X	154564167	154581271
ENSG00000254575	8	14018806	14022868
ENSG00000255648	12	18867729	18890812
ENSG00000259777	HG544_PATCH	17993891	18085286
ENSG00000228016	2	173541869	173600934
ENSG00000255311	11	83354645	83436433
ENSG00000228437	1	222139683	222158306
ENSG00000269772	10	75880800	75881121
ENSG00000207199	8	38876134	38876202
ENSG00000212366	1	73183346	73183452
ENSG00000060491	20	61436187	61445352
ENSG00000221578	1	168717034	168717120
ENSG00000149654	20	44802372	44937137
