ENSG00000142453	19	10982189	11033453
ENSG00000251652	4	1107427	1126765
ENSG00000224941	HSCHR6_MHC_MANN	31171310	31176939
ENSG00000160349	9	138413284	138418378
ENSG00000111786	12	120899471	120907596
ENSG00000168158	16	3405889	3406924
ENSG00000137747	11	117771358	117800174
ENSG00000182372	8	1703944	1734738
ENSG00000034063	19	4903092	4962165
ENSG00000269407	20	23330015	23334066
ENSG00000132661	20	23331373	23335414
ENSG00000204351	6	31926857	31937532
ENSG00000262621	16	3415099	3536960
ENSG00000134539	12	10378657	10469850
ENSG00000182149	16	71879899	71962913
ENSG00000203685	1	226736501	226796915
ENSG00000147255	X	130407480	130533677
ENSG00000152487	10	18940195	18948214
ENSG00000168658	2	98703579	98929762
ENSG00000122136	9	138437985	138441815
ENSG00000174343	4	40337346	40357234
ENSG00000175077	3	186915274	186919253
ENSG00000225509	10	19024674	19027560
ENSG00000125812	20	23342787	23353700
ENSG00000232196	16	3421053	3422283
ENSG00000142611	1	2985732	3355185
ENSG00000234244	10	19035362	19036782
ENSG00000106333	7	100199800	100205798
ENSG00000229818	X	6299196	6299350
ENSG00000234813	10	19229430	19229882
ENSG00000225962	X	6299515	6299685
ENSG00000228582	HSCHR6_MHC_COX	32711936	32728881
ENSG00000265284	X	6301947	6302004
ENSG00000213923	22	38686697	38794527
ENSG00000226255	10	19340384	19341099
ENSG00000051341	3	121150278	121264853
ENSG00000185049	4	1984441	2043630
ENSG00000215126	9	42668608	42714962
ENSG00000273269	2	47293080	47403650
ENSG00000206403	HSCHR6_MHC_QBL	31644972	31661447
ENSG00000230336	HSCHR6_MHC_MANN	31172166	31183436
ENSG00000143772	1	226819391	226927024
ENSG00000146576	7	6629648	6648357
ENSG00000143621	1	153634512	153643524
ENSG00000130733	19	11033444	11039357
ENSG00000094804	17	38443885	38459171
ENSG00000140987	16	3432085	3451065
ENSG00000173559	2	192542794	192561385
ENSG00000050730	4	122052563	122148621
ENSG00000125814	20	23355159	23402125
ENSG00000164088	3	52279841	52284613
ENSG00000185880	15	45021186	45060027
ENSG00000122133	9	138453602	138458801
ENSG00000163694	4	40425272	40632892
ENSG00000115474	2	233631174	233641278
ENSG00000162236	11	62574369	62599560
ENSG00000186501	1	27648651	27662891
ENSG00000165821	14	21989232	22005350
ENSG00000184271	12	51580719	51611477
ENSG00000184752	12	95290831	95397546
ENSG00000088986	12	120907653	120936296
ENSG00000182600	2	233721980	233743418
ENSG00000182473	17	74077087	74117657
ENSG00000197826	4	81256874	81884910
ENSG00000150527	14	39734488	39856156
ENSG00000140675	16	31494323	31502181
ENSG00000186103	3	121289551	121305481
ENSG00000204828	9	42717234	42720342
ENSG00000241852	8	22457114	22461663
ENSG00000104728	8	1772142	1906807
ENSG00000163833	3	121311966	121349139
ENSG00000227761	HSCHR6_MHC_DBB	31588979	31602664
ENSG00000092345	3	16628299	16711813
ENSG00000055609	7	151832010	152133090
ENSG00000227734	10	19579152	19580409
ENSG00000239539	10	19778030	19778329
ENSG00000204007	9	138515502	138531386
ENSG00000143801	1	227057885	227083806
ENSG00000236960	10	19780001	19780228
ENSG00000103343	16	3451235	3459370
ENSG00000215186	15	72947079	72958735
ENSG00000200545	10	19887176	19887391
ENSG00000168135	22	38822332	38851205
ENSG00000252001	10	19922612	19922741
ENSG00000198160	1	67390578	67454302
ENSG00000132498	9	43064966	43133544
ENSG00000233968	10	19999257	20017479
ENSG00000148386	9	138555168	138558268
ENSG00000189090	10	47177204	47181681
ENSG00000237730	X	6340133	6340742
ENSG00000231217	X	6585906	6639585
ENSG00000230818	10	20036752	20037550
ENSG00000126950	X	100333709	100351353
ENSG00000237490	X	6907370	6907824
ENSG00000212072	10	20072486	20072589
ENSG00000228550	X	7031046	7031445
ENSG00000252832	10	20081927	20082030
ENSG00000264424	17	10346607	10372876
ENSG00000238246	10	20359734	20380713
ENSG00000127241	3	186935942	187009810
ENSG00000264268	X	7065901	7065978
ENSG00000100196	22	38864067	38879452
ENSG00000152785	4	81952119	81978685
ENSG00000230394	X	7975419	7986201
ENSG00000228339	10	20638978	20640029
ENSG00000185105	17	79897521	79905109
ENSG00000153896	19	35248981	35264134
ENSG00000207628	X	8095006	8095102
ENSG00000165643	9	138585253	138591374
ENSG00000225574	X	8751555	8752502
ENSG00000270727	10	20836100	20836351
ENSG00000231619	X	8824706	8825100
ENSG00000265372	10	20840899	20840975
ENSG00000229012	X	8831902	8835642
ENSG00000235940	10	21093222	21093506
ENSG00000225271	X	8948466	8950546
ENSG00000167981	16	3486104	3493542
ENSG00000200852	X	9101869	9101987
ENSG00000219870	X	9147426	9147647
ENSG00000236609	7	6655248	6663921
ENSG00000228543	X	9217960	9243246
ENSG00000175202	15	72968124	72978490
ENSG00000215367	4	1108985	1147514
ENSG00000066248	2	233743396	233877982
ENSG00000110871	12	120941077	120972237
ENSG00000185269	17	79910388	79919716
ENSG00000232111	X	9370791	9382606
ENSG00000212458	4	1112672	1112801
ENSG00000227189	4	1145160	1147489
ENSG00000273179	4	1161566	1161962
ENSG00000255819	12	10524952	10562745
ENSG00000196810	4	1243088	1282079
ENSG00000263409	19	4932699	4932752
ENSG00000131759	17	38465444	38513094
ENSG00000267550	19	5178130	5178475
ENSG00000065609	6	84262599	84419410
ENSG00000232866	9	43135095	43135514
ENSG00000239524	19	5277745	5278144
ENSG00000266694	19	5409469	5409766
ENSG00000110324	11	117857063	117872196
ENSG00000254094	4	1350369	1351863
ENSG00000223573	19	5558178	5568045
ENSG00000253399	4	1352267	1353249
ENSG00000198580	7	6713376	6715991
ENSG00000185775	9	43624507	43630730
ENSG00000272783	4	1552011	1552299
ENSG00000162105	11	70313961	70963623
ENSG00000244459	4	1575789	1581980
ENSG00000150275	10	55562531	57387702
ENSG00000233270	19	5576671	5576949
ENSG00000082397	18	5392383	5630699
ENSG00000138669	4	82009837	82136218
ENSG00000215319	X	9786279	9787509
ENSG00000263995	19	5822936	5823035
ENSG00000207009	4	1685147	1685256
ENSG00000168661	19	35417807	35436074
ENSG00000267709	19	5847478	5858250
ENSG00000270195	4	1714548	1715349
ENSG00000142538	19	49925671	49926698
ENSG00000266941	19	5899906	5901522
ENSG00000218422	4	1741078	1743830
ENSG00000240455	4	1870787	1871064
ENSG00000257215	HSCHR6_MHC_MANN	31183305	31199405
ENSG00000230326	X	9833133	9833583
ENSG00000183504	4	1961768	1962113
ENSG00000267571	19	5911589	5913910
ENSG00000206844	X	9842641	9842741
ENSG00000249784	4	1976363	1976487
ENSG00000266983	19	5978414	6020374
ENSG00000225076	X	9992882	10006694
ENSG00000216105	4	1988111	1988204
ENSG00000202469	X	10029262	10029363
ENSG00000267262	19	6067964	6077130
ENSG00000222133	X	10184638	10184739
ENSG00000249006	4	2090445	2092344
ENSG00000261949	19	49927006	49932075
ENSG00000227042	X	10210379	10333363
ENSG00000267589	19	6072834	6073538
ENSG00000250623	4	2141400	2142785
ENSG00000140688	16	31500792	31520630
ENSG00000207202	X	10550857	10550959
ENSG00000249047	4	2235978	2236226
ENSG00000267299	19	6109333	6125808
ENSG00000265080	4	2251804	2251883
ENSG00000267415	19	6176267	6176453
ENSG00000251148	4	2297311	2320816
ENSG00000234129	X	10865996	11129261
ENSG00000267427	19	6210390	6212492
ENSG00000239247	4	2317926	2318233
ENSG00000249077	4	2326194	2326809
ENSG00000267563	19	6259168	6259810
ENSG00000180353	3	121350246	121379774
ENSG00000207151	X	11134212	11134313
ENSG00000124570	6	2948393	2972090
ENSG00000269802	19	6343772	6362160
ENSG00000148835	10	105127724	105148822
ENSG00000263652	X	11336734	11336806
ENSG00000206113	4	2420701	2452087
ENSG00000269444	19	6386773	6390411
ENSG00000214347	19	6393820	6412415
ENSG00000235715	HSCHR6_MHC_COX	32730817	32734804
ENSG00000186867	4	122250467	122302214
ENSG00000100201	22	38879445	38903665
ENSG00000266722	19	6416421	6416522
ENSG00000104888	19	49932658	49945617
ENSG00000268191	19	6494331	6495036
ENSG00000248399	4	2465524	2465851
ENSG00000104738	8	48872745	48890720
ENSG00000268203	19	6494331	6494816
ENSG00000154529	9	43684902	43924049
ENSG00000251229	4	2506808	2508006
ENSG00000268742	19	6552369	6554505
ENSG00000169208	14	22037934	22038875
ENSG00000255569	14	22089991	22090720
ENSG00000180884	19	35447258	35454953
ENSG00000248155	4	2609597	2609873
ENSG00000206738	4	2616851	2616951
ENSG00000255582	14	22101992	22103096
ENSG00000164091	3	52288437	52322036
ENSG00000232392	X	11352353	11354021
ENSG00000249673	4	2936626	2963465
ENSG00000164438	5	170736288	170739138
ENSG00000237022	HSCHR6_MHC_MANN	31280024	31283395
ENSG00000223418	X	11722243	11723710
ENSG00000158941	8	22462145	22479027
ENSG00000163050	1	227085237	227175246
ENSG00000140463	15	72978527	73030817
ENSG00000206792	X	12072943	12073045
ENSG00000199335	4	3045828	3045934
ENSG00000252111	X	12166437	12166520
ENSG00000197971	18	74690783	74845639
ENSG00000251075	4	3065198	3076241
ENSG00000206795	X	12167245	12167357
ENSG00000223487	X	12391286	12393252
ENSG00000248840	4	3314239	3314785
ENSG00000231211	X	12413876	12414286
ENSG00000248843	4	3325704	3326489
ENSG00000261643	4	3505324	3506184
ENSG00000100722	14	89029253	89079853
ENSG00000142765	1	27668513	27680421
ENSG00000270090	4	3546282	3550523
ENSG00000154822	3	16844159	17132086
ENSG00000158604	7	44617493	44621886
ENSG00000122390	16	3493611	3536963
ENSG00000250681	4	3634756	3635702
ENSG00000101940	X	48448430	48463581
ENSG00000248672	2	160628362	160761221
ENSG00000250632	4	3675320	3679582
ENSG00000164919	8	100885428	100906290
ENSG00000133316	11	62599814	62609281
ENSG00000250986	4	3760475	3765117
ENSG00000251166	4	3891083	3891976
ENSG00000261456	HG905_PATCH	96892	100113
ENSG00000138315	10	74653339	74692791
ENSG00000234386	4	3903293	3904321
ENSG00000249522	4	3912010	3912331
ENSG00000204172	10	47191844	47239738
ENSG00000253917	4	3916910	3957148
ENSG00000269339	12	51619860	51620085
ENSG00000271977	4	3916914	3926001
ENSG00000164111	4	122589110	122618268
ENSG00000168237	3	52321105	52329272
ENSG00000142444	19	11039409	11044211
ENSG00000107147	9	138594031	138684992
ENSG00000256553	14	22111109	22111798
ENSG00000089351	19	35485688	35517375
ENSG00000206402	HSCHR6_MHC_QBL	31664920	31675931
ENSG00000221977	14	22133297	22134238
ENSG00000177453	5	43192173	43280952
ENSG00000211776	14	22180544	22181066
ENSG00000260150	HG905_PATCH	184465	304637
ENSG00000120798	12	95414005	95467479
ENSG00000211777	14	22191960	22192568
ENSG00000183283	12	51632076	51665146
ENSG00000268708	9	44325916	44326077
ENSG00000211778	14	22204434	22205264
ENSG00000130762	1	3370990	3397677
ENSG00000212952	9	44400717	44402427
ENSG00000181163	5	170814120	170838141
ENSG00000211779	14	22217462	22217989
ENSG00000204814	9	44867571	44870528
ENSG00000260370	HG905_PATCH	64061	66544
ENSG00000211780	14	22236729	22237320
ENSG00000104872	19	49949555	49956754
ENSG00000251271	4	3937174	3944248
ENSG00000154537	9	44990314	44991483
ENSG00000261753	HG905_PATCH	94712	96884
ENSG00000268578	9	45441273	45441542
ENSG00000198250	10	47657581	47701443
ENSG00000182368	9	45727107	45728274
ENSG00000259973	HG905_PATCH	130394	136265
ENSG00000112655	6	43044006	43129457
ENSG00000124588	6	2988221	3019996
ENSG00000138670	4	82347547	82965397
ENSG00000112972	5	43289497	43313614
ENSG00000164631	7	6728064	6746554
ENSG00000251669	4	3943487	3957146
ENSG00000262639	HG905_PATCH	204831	204943
ENSG00000204807	9	45733559	45734896
ENSG00000108576	17	28521337	28563020
ENSG00000213809	12	10524952	10544473
ENSG00000237198	9	46385691	46387031
ENSG00000269546	19	6562134	6563859
ENSG00000231997	9	46389110	46391556
ENSG00000199223	19	6572967	6573068
ENSG00000257561	HSCHR17_1	43735638	43740507
ENSG00000268785	19	6593340	6594066
ENSG00000257318	HSCHR17_1	43752301	43767276
ENSG00000269680	19	6748304	6751478
ENSG00000100206	22	38914954	38966291
ENSG00000265353	19	6895733	6895814
ENSG00000269385	19	6898310	6898697
ENSG00000224608	HSCHR6_MHC_MANN	31364707	31368080
ENSG00000268758	19	6952511	6990857
ENSG00000236029	9	47295855	47314322
ENSG00000243804	HSCHR6_MHC_QBL	31664901	31668612
ENSG00000183250	21	46352729	46359828
ENSG00000211781	14	22251210	22251720
ENSG00000120709	5	137667624	137685416
ENSG00000211782	14	22265459	22266058
ENSG00000268845	19	6953222	6954915
ENSG00000215131	16	3543484	3545480
ENSG00000269761	19	7005023	7006085
ENSG00000169696	17	79934683	79975282
ENSG00000211783	14	22279674	22280149
ENSG00000262046	HG883_PATCH	26646121	26655707
ENSG00000196589	19	7019311	7021442
ENSG00000206401	HSCHR6_MHC_QBL	31670355	31671831
ENSG00000211784	14	22293636	22294239
ENSG00000137648	11	117947753	117992605
ENSG00000269163	19	7087063	7087979
ENSG00000211785	14	22309422	22309956
ENSG00000266483	19	7160431	7160506
ENSG00000125823	20	23420322	23425567
ENSG00000116704	1	67465015	67519782
ENSG00000265748	19	7309263	7309362
ENSG00000250476	4	3968761	3969387
ENSG00000267852	19	7455408	7459925
ENSG00000269371	19	7584802	7585346
ENSG00000264106	4	4038811	4038914
ENSG00000243894	4	4078438	4079218
ENSG00000268204	19	7698652	7701876
ENSG00000221301	4	4086061	4086208
ENSG00000160256	21	46359925	46396904
ENSG00000250940	4	4088365	4088541
ENSG00000269228	19	7730603	7731362
ENSG00000169418	1	153651113	153666468
ENSG00000248669	4	4119652	4120011
ENSG00000158526	X	54466834	54471920
ENSG00000138308	10	74694928	74714536
ENSG00000136155	13	78109809	78219398
ENSG00000271814	X	12632122	12632316
ENSG00000242636	19	7815570	7816047
ENSG00000229083	X	12843959	12844952
ENSG00000125831	20	23431040	23433494
ENSG00000234734	9	65503363	65509610
ENSG00000230691	X	12862984	12863549
ENSG00000268297	19	7852435	7855507
ENSG00000233338	X	12920936	12926452
ENSG00000261030	X	13111779	13112692
ENSG00000269763	19	7878501	7879311
ENSG00000105953	7	44646171	44748665
ENSG00000235385	X	13284167	13321571
ENSG00000268120	19	7935447	7936182
ENSG00000176595	8	1922044	1955102
ENSG00000269153	19	7944330	7945005
ENSG00000199900	19	7951862	7951981
ENSG00000183542	12	10559983	10562356
ENSG00000162591	1	3406484	3528059
ENSG00000264166	19	7967148	7967416
ENSG00000188686	8	145490549	145492470
ENSG00000268149	19	7977533	7978403
ENSG00000243449	4	2043689	2045697
ENSG00000125815	20	23471738	23476655
ENSG00000077063	7	117350705	117514193
ENSG00000268856	21	46492796	46492927
ENSG00000260500	19	7983537	7984042
ENSG00000102384	X	100353178	100418670
ENSG00000206396	HSCHR6_MHC_QBL	31676607	31684720
ENSG00000269139	19	7990886	7991648
ENSG00000258372	HSCHR17_1	43776446	43839462
ENSG00000231216	X	13328771	13338052
ENSG00000204632	6	29794744	29798902
ENSG00000196458	12	133498019	133532892
ENSG00000232833	9	67784944	67786624
ENSG00000184949	22	38974125	39052634
ENSG00000101435	20	23545369	23549386
ENSG00000170215	9	67792938	67794111
ENSG00000167014	15	45248900	45271427
ENSG00000152133	2	37311594	37326387
ENSG00000233434	9	67924791	67925210
ENSG00000173335	20	23583047	23586513
ENSG00000102302	X	54471887	54522599
ENSG00000203963	1	67557848	67697536
ENSG00000103351	16	3550924	3589048
ENSG00000235233	HSCHR6_MHC_MANN	31410600	31427049
ENSG00000161618	19	49956426	49974305
ENSG00000196774	9	67926761	67969840
ENSG00000101439	20	23608534	23619110
ENSG00000036448	8	1993155	2113475
ENSG00000185122	8	145515280	145538385
ENSG00000198787	4	4128386	4129296
ENSG00000250381	4	4145185	4152148
ENSG00000022840	12	120971283	121015397
ENSG00000250710	4	4158249	4159170
ENSG00000140263	15	45315302	45369383
ENSG00000249844	4	4176046	4176965
ENSG00000131374	3	17198654	18486309
ENSG00000248516	4	4323689	4335909
ENSG00000257211	HSCHR17_1	43800487	43865069
ENSG00000248221	4	4477848	4483427
ENSG00000101441	20	23666277	23669677
ENSG00000102984	16	71893583	71929239
ENSG00000130559	9	138700333	138799074
ENSG00000237170	4	4508805	4509504
ENSG00000266208	17	38516907	38520945
ENSG00000132554	8	100973164	101143496
ENSG00000182185	14	68286496	69196935
ENSG00000179299	4	40751914	40812002
ENSG00000151882	5	43376747	43412493
ENSG00000183153	17	38517235	38520067
ENSG00000222001	2	233877324	233880595
ENSG00000247708	4	4543858	4712665
ENSG00000155282	9	67968793	67987998
ENSG00000100211	22	39052641	39069859
ENSG00000185818	4	2061239	2070816
ENSG00000170373	20	23728190	23731905
ENSG00000115488	2	233897382	233899767
ENSG00000231372	HSCHR6_MHC_MANN	31512918	31518423
ENSG00000204793	9	69199480	69202204
ENSG00000273396	4	4846164	4852554
ENSG00000143933	2	47387221	47403740
ENSG00000251587	4	4895909	4896900
ENSG00000122884	10	74766975	74856732
ENSG00000170369	20	23804406	23807368
ENSG00000200761	4	4922497	4922791
ENSG00000252266	4	5428612	5428711
ENSG00000106330	7	100209725	100213007
ENSG00000201496	4	5460308	5460608
ENSG00000263631	4	5925002	5925055
ENSG00000249896	4	6202460	6240044
ENSG00000170367	20	23856572	23860387
ENSG00000131747	17	38544768	38574202
ENSG00000188313	3	146232967	146262651
ENSG00000206398	HSCHR6_MHC_QBL	31676661	31679858
ENSG00000269469	19	49966009	49989488
ENSG00000011143	17	56282803	56296966
ENSG00000100216	22	39077953	39080818
ENSG00000238238	HSCHR6_MHC_MANN	31536013	31537528
ENSG00000168003	11	62623518	62656352
ENSG00000197381	21	46493768	46646478
ENSG00000251408	4	6204055	6208376
ENSG00000162594	1	67632083	67725662
ENSG00000269908	4	6241168	6241664
ENSG00000149435	20	23965690	23969416
ENSG00000251580	4	6672452	6675557
ENSG00000172893	11	71139239	71163914
ENSG00000170846	4	6675178	6677774
ENSG00000130997	4	2073645	2243848
ENSG00000172986	3	72937224	73047289
ENSG00000101463	20	24449835	24647252
ENSG00000235592	X	13346056	13347986
ENSG00000230112	10	21130304	21130489
ENSG00000255641	12	10564911	10588600
ENSG00000181378	2	219867568	219906249
ENSG00000226985	X	13353360	13391753
ENSG00000228753	10	21317928	21319721
ENSG00000100221	22	39081548	39097561
ENSG00000140279	15	45384848	45406542
ENSG00000226434	X	13395307	13421138
ENSG00000228219	10	21399611	21402317
ENSG00000102385	X	100474758	100519486
ENSG00000197102	14	102430865	102517129
ENSG00000197582	X	13396854	13397459
ENSG00000090554	19	49977464	49989488
ENSG00000139737	13	78272023	78338377
ENSG00000015285	X	48534985	48549818
ENSG00000153246	2	160788519	160919121
ENSG00000233357	X	13592865	13593185
ENSG00000231920	10	21462943	21463977
ENSG00000199622	X	13614355	13614667
ENSG00000105711	19	35521588	35531352
ENSG00000130560	9	138824815	138853226
ENSG00000228860	10	21506820	21507208
ENSG00000142733	1	27681675	27693383
ENSG00000233535	X	13973512	13982023
ENSG00000232853	10	21536681	21537024
ENSG00000120733	5	137688285	137772717
ENSG00000212663	X	13998185	14006939
ENSG00000207264	10	21610890	21610996
ENSG00000211786	14	22314719	22315403
ENSG00000264331	X	14093910	14094010
ENSG00000230109	10	21629162	21661879
ENSG00000233247	X	14262325	14263544
ENSG00000206395	HSCHR6_MHC_QBL	31685048	31688627
ENSG00000211787	14	22320735	22321183
ENSG00000231553	10	21682962	21683521
ENSG00000199222	10	21770645	21770746
ENSG00000211788	14	22337020	22337546
ENSG00000251749	10	21774567	21774666
ENSG00000221278	X	14783097	14783239
ENSG00000222071	10	21785491	21785570
ENSG00000231066	X	14852598	14853441
ENSG00000159322	15	73043710	73078187
ENSG00000207347	10	21853400	21853506
ENSG00000211789	14	22356037	22356682
ENSG00000235929	X	14996081	14996585
ENSG00000163605	3	73045936	73118350
ENSG00000111186	12	1639057	1756409
ENSG00000211790	14	22362613	22363210
ENSG00000168497	2	192699028	192711981
ENSG00000236929	X	15135559	15135890
ENSG00000171054	X	130677950	130679030
ENSG00000168918	2	233924677	234116549
ENSG00000225833	X	15621004	15639607
ENSG00000237539	X	15664290	15664998
ENSG00000198393	12	133562951	133589154
ENSG00000186312	X	15693055	15721847
ENSG00000223984	10	21913521	21915215
ENSG00000100226	22	39101728	39134304
ENSG00000201390	10	21950564	21950670
ENSG00000252634	10	22074221	22074516
ENSG00000203471	10	22183277	22183445
ENSG00000167984	16	3589033	3627401
ENSG00000201364	10	22222072	22222367
ENSG00000232497	10	22451921	22454723
ENSG00000151694	2	9628615	9695921
ENSG00000158109	1	3541566	3546691
ENSG00000200620	X	15734331	15734469
ENSG00000200566	X	15934312	15934426
ENSG00000204790	9	69204538	69269662
ENSG00000226536	X	15935671	15936754
ENSG00000163825	3	46538981	46542439
ENSG00000238178	X	16171064	16188992
ENSG00000262866	HG883_PATCH	26655352	26662515
ENSG00000134602	X	131157293	131209971
ENSG00000102967	16	72042487	72058954
ENSG00000071539	5	892758	919472
ENSG00000109851	11	20177701	20182159
ENSG00000246526	4	6689175	6692246
ENSG00000148411	9	138898383	138987131
ENSG00000114841	3	52350335	52434507
ENSG00000265953	4	6955016	6955101
ENSG00000169994	2	128293378	128395304
ENSG00000187904	4	6997068	7000685
ENSG00000077984	20	24929866	24940564
ENSG00000144339	2	192813769	193060435
ENSG00000202392	4	6998739	6999055
ENSG00000265550	4	6999253	6999353
ENSG00000245748	4	7032281	7047958
ENSG00000163827	3	46556913	46621589
ENSG00000130119	X	54556644	54587504
ENSG00000245468	4	7096298	7105112
ENSG00000164112	4	122680088	122686582
ENSG00000140274	15	45406519	45410619
ENSG00000200867	4	7113815	7114126
ENSG00000264658	4	7312177	7312251
ENSG00000169402	7	6793740	6838996
ENSG00000173915	10	105148798	105156223
ENSG00000266690	4	7461755	7461845
ENSG00000272620	4	7755817	7780655
ENSG00000055332	2	37326353	37384208
ENSG00000207807	4	8007028	8007108
ENSG00000273267	4	8024392	8024853
ENSG00000243067	HSCHR6_MHC_COX	32734237	32769688
ENSG00000251460	4	8068255	8069451
ENSG00000042493	2	85621871	85645555
ENSG00000238227	9	139006427	139010731
ENSG00000250471	4	8176148	8176726
ENSG00000249145	4	8321903	8325590
ENSG00000269813	19	8024007	8024896
ENSG00000248986	4	8322006	8325692
ENSG00000136160	13	78469616	78493903
ENSG00000109854	11	20385231	20405329
ENSG00000267939	19	8073613	8080909
ENSG00000251615	4	8356817	8360065
ENSG00000269651	19	8238156	8240451
ENSG00000116213	1	3547331	3569325
ENSG00000101474	20	24943561	24973615
ENSG00000202054	4	8394742	8394851
ENSG00000271717	19	8287037	8304532
ENSG00000127616	19	11071598	11176071
ENSG00000251186	4	8455137	8456669
ENSG00000265364	19	8410894	8410980
ENSG00000142748	1	27695603	27701315
ENSG00000268884	19	8411401	8412571
ENSG00000205959	4	8483997	8514337
ENSG00000107187	9	139088096	139096955
ENSG00000215313	X	16216551	16217412
ENSG00000250915	4	8747123	8747759
ENSG00000106327	7	100218039	100240402
ENSG00000105707	19	35531410	35557475
ENSG00000252648	X	16316513	16316597
ENSG00000258507	4	8860441	8862553
ENSG00000269386	19	8439257	8455569
ENSG00000238623	X	16393759	16393855
ENSG00000171823	12	1675159	1703331
ENSG00000235071	X	16492465	16493463
ENSG00000197468	4	8951356	8952285
ENSG00000239333	X	16557262	16557562
ENSG00000265144	X	16645135	16645208
ENSG00000249272	4	8961354	8965707
ENSG00000238709	X	16785967	16786028
ENSG00000265390	19	8454174	8454264
ENSG00000137275	6	3064225	3115421
ENSG00000230180	X	16821356	16821476
ENSG00000206432	18	5882071	5895954
ENSG00000268931	19	8488239	8492711
ENSG00000262841	HSCHR5_1_CTG1	68530666	68573234
ENSG00000232125	2	207516345	207583120
ENSG00000250804	4	8983162	8984086
ENSG00000265528	19	8611743	8611812
ENSG00000268618	19	8614390	8615023
ENSG00000249347	4	8992181	8992532
ENSG00000081985	1	67773047	67862583
ENSG00000267986	19	8646044	8647599
ENSG00000271057	4	9022583	9022887
ENSG00000268480	19	8740121	8748103
ENSG00000155980	12	57943781	57980415
ENSG00000261866	19	8786679	8786903
ENSG00000006831	12	1797740	1897844
ENSG00000269244	19	8839097	8839566
ENSG00000143624	1	153700543	153746555
ENSG00000109061	17	10395624	10421860
ENSG00000174950	1	27705666	27709870
ENSG00000268922	19	8889341	8889537
ENSG00000148843	10	105156405	105206049
ENSG00000269300	19	8932177	8934786
ENSG00000257887	HSCHR17_1	43886503	43890161
ENSG00000165661	9	139098179	139137687
ENSG00000269400	19	8943741	8944217
ENSG00000258270	HSCHR17_1	43904776	43906058
ENSG00000267332	19	9130020	9130660
ENSG00000267154	19	9193788	9194074
ENSG00000267418	19	9293045	9293724
ENSG00000267775	19	9301962	9302846
ENSG00000187847	19	9314984	9315893
ENSG00000236777	10	22452021	22453235
ENSG00000188827	16	3631182	3661599
ENSG00000188314	19	9345820	9346812
ENSG00000185000	8	145539954	145550573
ENSG00000180926	19	9371691	9372392
ENSG00000260205	10	22507003	22510097
ENSG00000227462	10	22514627	22514953
ENSG00000225859	HSCHR6_MHC_MANN	31537515	31553854
ENSG00000225980	19	9376066	9377015
ENSG00000177098	11	118004092	118023603
ENSG00000186807	10	47746936	47763041
ENSG00000261671	10	22546715	22547477
ENSG00000206394	HSCHR6_MHC_QBL	31688591	31697781
ENSG00000268324	3	46598888	46601178
ENSG00000226480	19	9389124	9390045
ENSG00000233318	10	22555920	22556275
ENSG00000267845	9	139219089	139219640
ENSG00000140254	15	45409569	45422136
ENSG00000267510	19	9402191	9405158
ENSG00000272516	10	22621333	22621916
ENSG00000266912	19	9455460	9456574
ENSG00000270614	19	9458782	9459379
ENSG00000271981	10	22621516	22621910
ENSG00000267273	19	9609354	9620755
ENSG00000272366	10	22629306	22629544
ENSG00000233451	10	22650101	22701996
ENSG00000260112	19	9628826	9630017
ENSG00000241186	3	46616045	46668033
ENSG00000206842	10	23076322	23076428
ENSG00000223131	10	23286184	23286287
ENSG00000221221	10	23363312	23363407
ENSG00000152192	13	79172497	79177673
ENSG00000143776	1	227177566	227506175
ENSG00000229932	10	23425852	23426590
ENSG00000239830	19	9793970	9794749
ENSG00000154655	18	5954705	6415236
ENSG00000138400	2	207602487	207630271
ENSG00000252049	10	23455914	23456030
ENSG00000262407	HSCHR5_1_CTG1	68577165	68628568
ENSG00000227537	10	23547140	23547474
ENSG00000138668	4	83273651	83295656
ENSG00000224215	10	23632886	23634110
ENSG00000211791	14	22386363	22386931
ENSG00000147439	8	22477931	22526661
ENSG00000056972	6	111877657	111927481
ENSG00000140830	16	72078188	72128330
ENSG00000142541	19	49990811	49995565
ENSG00000264574	10	23682334	23682396
ENSG00000152193	13	79188426	79233314
ENSG00000211792	14	22392239	22392827
ENSG00000267490	19	9834684	9835762
ENSG00000267612	19	9841529	9842619
ENSG00000211793	14	22409313	22409848
ENSG00000160360	9	139221932	139254057
ENSG00000181773	1	27719148	27722318
ENSG00000267370	19	9866828	9867539
ENSG00000267741	19	9885173	9885636
ENSG00000211794	14	22433680	22434290
ENSG00000265379	19	9886685	9886771
ENSG00000266950	19	9904297	9912977
ENSG00000211795	14	22446699	22447360
ENSG00000200237	19	9930630	9930770
ENSG00000198040	12	133613878	133639885
ENSG00000211796	14	22458735	22459177
ENSG00000267119	19	9930817	9931131
ENSG00000216102	19	9931204	9931281
ENSG00000211797	14	22465778	22466407
ENSG00000263493	19	9935953	9936217
ENSG00000126581	17	40962152	40985367
ENSG00000267289	19	9944755	9945689
ENSG00000211798	14	22471345	22471912
ENSG00000266247	19	9962104	9962192
ENSG00000211799	14	22475751	22476420
ENSG00000267650	19	10106673	10107839
ENSG00000211800	14	22508840	22509399
ENSG00000100242	22	39130730	39190148
ENSG00000064652	5	122179134	122365049
ENSG00000211801	14	22520773	22521315
ENSG00000158195	1	27730730	27816669
ENSG00000211802	14	22538820	22539471
ENSG00000167798	19	10148479	10184811
ENSG00000170545	12	51638342	51664674
ENSG00000211803	14	22554684	22555238
ENSG00000213918	16	3661729	3730144
ENSG00000211804	14	22564309	22564896
ENSG00000211805	14	22573620	22574123
ENSG00000211806	14	22580300	22580984
ENSG00000163697	4	40812044	41218731
ENSG00000167419	17	56295909	56345879
ENSG00000211807	14	22591276	22592243
ENSG00000211808	14	22600515	22600996
ENSG00000211809	14	22615949	22616587
ENSG00000238726	4	9025059	9025206
ENSG00000251313	4	9032012	9032792
ENSG00000250342	4	9053568	9053777
ENSG00000211810	14	22631134	22631766
ENSG00000249767	4	9080749	9143334
ENSG00000172890	11	71164155	71235153
ENSG00000259092	14	22636325	22636884
ENSG00000266204	19	10149030	10149089
ENSG00000196388	17	4891425	4900905
ENSG00000163612	4	9155022	9167177
ENSG00000267387	19	10199708	10201053
ENSG00000211812	14	22670477	22671262
ENSG00000209645	19	10218327	10218411
ENSG00000213221	9	139253932	139258241
ENSG00000238531	19	10220433	10220511
ENSG00000211813	14	22675418	22676025
ENSG00000175898	19	10332111	10333870
ENSG00000151881	5	43444354	43483995
ENSG00000211814	14	22689792	22690371
ENSG00000250173	5	979480	981415
ENSG00000222736	X	16893269	16893390
ENSG00000166573	18	74962505	74980858
ENSG00000264266	19	10341089	10341161
ENSG00000250268	4	9168023	9171996
ENSG00000257888	HSCHR17_1	43977151	43980249
ENSG00000223498	X	16915774	16916644
ENSG00000211815	14	22694641	22695149
ENSG00000199410	X	16930338	16930440
ENSG00000142864	1	67873493	67896098
ENSG00000201467	X	17062503	17062634
ENSG00000264372	4	9169955	9170020
ENSG00000211816	14	22739851	22740446
ENSG00000249482	4	9231367	9232959
ENSG00000214322	X	17117905	17118362
ENSG00000250231	4	9240856	9242448
ENSG00000211817	14	22748988	22749631
ENSG00000251694	4	9360109	9361701
ENSG00000214321	X	17300760	17301216
ENSG00000168539	11	62676151	62689279
ENSG00000265944	18	6511415	6590652
ENSG00000205946	4	9369600	9370796
ENSG00000238764	X	17376053	17376156
ENSG00000257382	HSCHR17_1	44001606	44145324
ENSG00000211818	14	22771939	22772438
ENSG00000265465	X	17444004	17444077
ENSG00000180263	12	95470525	95611258
ENSG00000188438	4	9400930	9405291
ENSG00000235834	X	17546558	17605281
ENSG00000211819	14	22782922	22783351
ENSG00000230020	X	17570470	17575508
ENSG00000252307	4	9412904	9412979
ENSG00000266978	19	10362944	10395784
ENSG00000196400	9	69252845	69254032
ENSG00000067141	15	73344051	73597547
ENSG00000139746	13	79885962	79980612
ENSG00000226153	X	17723459	17723811
ENSG00000211820	14	22788620	22789123
ENSG00000238515	10	23688460	23688528
ENSG00000232773	4	9424039	9431428
ENSG00000145506	5	1008944	1039058
ENSG00000267105	19	10369785	10370721
ENSG00000223928	10	24446764	24447710
ENSG00000204788	9	69377902	69380597
ENSG00000227873	X	17787125	17787518
ENSG00000248364	4	9460981	9461970
ENSG00000211821	14	22891362	22892033
ENSG00000267607	19	10396477	10399695
ENSG00000207930	10	24564614	24564710
ENSG00000225066	X	17951469	17952943
ENSG00000215323	4	9470746	9471694
ENSG00000221566	19	10514134	10514214
ENSG00000199535	10	24929095	24929213
ENSG00000149575	11	118032666	118047388
ENSG00000223997	14	22907539	22907546
ENSG00000266246	4	9472697	9472784
ENSG00000256463	18	76740275	76762677
ENSG00000228667	10	25156574	25157119
ENSG00000250884	4	9485365	9486349
ENSG00000237235	14	22907999	22908007
ENSG00000226757	4	122685740	122687962
ENSG00000251624	4	9495380	9499710
ENSG00000228985	14	22918105	22918117
ENSG00000108578	17	28575218	28619074
ENSG00000258037	HSCHR17_1	44008114	44023958
ENSG00000211825	14	22919081	22919131
ENSG00000240294	10	25197451	25197741
ENSG00000249866	4	9514554	9515523
ENSG00000172014	9	69381812	69425560
ENSG00000273107	10	25242170	25242442
ENSG00000211826	14	22924241	22924288
ENSG00000249443	4	9523555	9523921
ENSG00000172244	5	43486803	43515247
ENSG00000266069	10	25380385	25380483
ENSG00000257149	HSCHR17_1	44008191	44023986
ENSG00000173208	12	39943835	40013553
ENSG00000242034	4	9555234	9555605
ENSG00000211827	14	22925681	22925734
ENSG00000231422	10	25401987	25450165
ENSG00000221275	4	9557789	9557937
ENSG00000187796	9	139256355	139268133
ENSG00000211828	14	22928090	22928148
ENSG00000244004	4	9564791	9565570
ENSG00000249799	4	9585566	9585755
ENSG00000233642	10	25447001	25465205
ENSG00000211829	14	22931924	22934779
ENSG00000265901	4	9601952	9602051
ENSG00000222543	10	25682486	25682773
ENSG00000250942	4	9678932	9679558
ENSG00000227465	10	25936499	25937033
ENSG00000186234	4	9694119	9704578
ENSG00000271563	10	25980466	25981252
ENSG00000223019	10	26102740	26102846
ENSG00000173230	3	121382046	121468602
ENSG00000251711	10	26108292	26108355
ENSG00000255423	3	73110810	73112488
ENSG00000226304	10	26213377	26222639
ENSG00000251087	4	9705374	9712436
ENSG00000199733	10	26798518	26798633
ENSG00000205810	12	10564911	10573194
ENSG00000236894	10	26866605	26868024
ENSG00000233261	10	26878794	26883253
ENSG00000249563	4	9734994	9743985
ENSG00000250425	4	9756522	9757402
ENSG00000197901	11	62703857	62752455
ENSG00000252002	4	9794375	9794485
ENSG00000214367	4	2229191	2243891
ENSG00000249219	4	9924438	9925770
ENSG00000165694	X	131211021	131262048
ENSG00000176134	9	69650263	69660358
ENSG00000257017	16	72088491	72094954
ENSG00000185238	11	20409076	20530840
ENSG00000204779	9	70175707	70178815
ENSG00000157107	5	72251808	72386349
ENSG00000184659	9	70426623	70429731
ENSG00000088756	18	6729717	6915715
ENSG00000137274	6	3118608	3153812
ENSG00000205809	12	10579453	10594899
ENSG00000182568	3	18386879	18487080
ENSG00000160593	11	118064455	118095809
ENSG00000102313	X	54775332	54824673
ENSG00000196950	2	196440701	196602426
ENSG00000257437	HSCHR17_1	44150125	44280402
ENSG00000123737	4	122722472	122738176
ENSG00000226850	HSCHR6_MHC_MANN	31551738	31554120
ENSG00000121440	3	73431584	73674091
ENSG00000165684	9	139270029	139293249
ENSG00000141753	17	38599702	38613983
ENSG00000100246	22	39174513	39190203
ENSG00000156509	8	101145588	101158028
ENSG00000184445	12	123011793	123110943
ENSG00000173210	5	148521046	148640105
ENSG00000123933	4	2249159	2264021
ENSG00000181192	10	12110971	12165224
ENSG00000134308	2	9724101	9771143
ENSG00000169877	16	31539185	31540124
ENSG00000116717	1	68150744	68154021
ENSG00000227565	HSCHR6_MHC_MANN	31554142	31566099
ENSG00000221890	22	39214457	39239987
ENSG00000147669	8	101162812	101166230
ENSG00000166377	18	76829285	77138283
ENSG00000102471	13	80055287	80130210
ENSG00000134545	12	10594863	10607284
ENSG00000131746	17	38632080	38657849
ENSG00000183117	8	2792875	4852494
ENSG00000267197	19	10601015	10601676
ENSG00000238364	19	10661709	10661768
ENSG00000183741	22	39257455	39268319
ENSG00000221410	19	10662798	10662880
ENSG00000271010	19	10708677	10709641
ENSG00000172380	1	68167149	68299150
ENSG00000123728	X	131337053	131353471
ENSG00000267100	19	10762538	10764520
ENSG00000268805	21	46511596	46515493
ENSG00000207972	19	10829080	10829179
ENSG00000126602	16	3701640	3767598
ENSG00000265879	19	10890930	10891011
ENSG00000267857	21	46520728	46534873
ENSG00000207752	19	10928102	10928172
ENSG00000267544	19	10952515	10952926
ENSG00000235569	HSCHR6_MHC_QBL	31698009	31719779
ENSG00000125414	17	10424465	10453274
ENSG00000266936	19	11121593	11126687
ENSG00000266352	19	11122384	11122680
ENSG00000234296	10	26932157	26933945
ENSG00000197302	16	31724550	31806190
ENSG00000267082	19	11314304	11326844
ENSG00000162595	1	68511645	68517314
ENSG00000265747	19	11344419	11344674
ENSG00000181450	1	227751244	227865144
ENSG00000267174	19	11411453	11435117
ENSG00000231976	10	26932098	26942383
ENSG00000154930	20	24986868	25039616
ENSG00000142534	19	49999622	50002946
ENSG00000166321	10	74870217	74891586
ENSG00000267576	19	11432832	11434871
ENSG00000267277	19	11478799	11485611
ENSG00000202357	19	11519448	11519556
ENSG00000165689	9	139296377	139305061
ENSG00000206503	6	29909037	29913661
ENSG00000128383	22	39348746	39359188
ENSG00000238349	19	11549997	11550096
ENSG00000227932	10	26953135	26965088
ENSG00000265149	19	11578091	11578412
ENSG00000244080	19	11626864	11627150
ENSG00000256590	14	22938033	22938690
ENSG00000231408	HSCHR6_MHC_MANN	31579318	31581588
ENSG00000213304	19	11632783	11633313
ENSG00000211831	14	22944306	22944365
ENSG00000168938	5	122358945	122372436
ENSG00000211832	14	22945543	22945596
ENSG00000126705	1	27860546	27930942
ENSG00000231213	3	146294342	146324003
ENSG00000213303	19	11634251	11634646
ENSG00000136158	13	80910111	80915086
ENSG00000249840	19	11696061	11697950
ENSG00000104450	8	101170134	101271506
ENSG00000185650	14	69254377	69263190
ENSG00000102316	X	54834032	54842445
ENSG00000169139	8	48920960	48977268
ENSG00000118246	2	207630081	207657233
ENSG00000180116	12	40019969	40302102
ENSG00000197332	19	11750591	11797382
ENSG00000178235	13	84451344	84456528
ENSG00000186866	21	46683843	46707813
ENSG00000234788	10	27003551	27004761
ENSG00000267500	19	11759179	11763692
ENSG00000179066	19	35596873	35598141
ENSG00000235843	10	27006564	27007707
ENSG00000138068	2	37394963	37423741
ENSG00000223027	10	27077946	27078086
ENSG00000206605	10	27079469	27079575
ENSG00000143740	1	227916240	227968927
ENSG00000184564	13	86366925	86373623
ENSG00000238414	10	27157094	27157193
ENSG00000214223	19	11776884	11777845
ENSG00000139352	12	103351464	103354294
ENSG00000232224	10	27220135	27230930
ENSG00000179750	22	39378352	39388809
ENSG00000228321	HSCHR6_MHC_MANN	31582831	31585600
ENSG00000143554	1	153746830	153752633
ENSG00000267343	19	11793361	11797005
ENSG00000146574	7	6833765	6866401
ENSG00000165970	11	20620946	20680831
ENSG00000236983	10	27232252	27233347
ENSG00000115221	2	160956177	161128399
ENSG00000185947	16	31885079	31928668
ENSG00000135185	7	86825478	86849903
ENSG00000266922	19	11836776	11841598
ENSG00000165300	13	88324870	88331871
ENSG00000220949	19	11867348	11870748
ENSG00000225882	X	17988317	18122764
ENSG00000235211	X	18359336	18359466
ENSG00000078900	1	3569084	3652765
ENSG00000061455	5	122424816	122529960
ENSG00000267646	19	11906899	11909413
ENSG00000207025	X	18414114	18414215
ENSG00000267089	19	11952056	11953254
ENSG00000236187	X	18553199	18554240
ENSG00000267274	19	12050774	12064196
ENSG00000179399	13	92050929	93519490
ENSG00000237221	X	18706762	18709723
ENSG00000223448	HSCHR6_MHC_MANN	31587819	31589786
ENSG00000257860	12	103545620	103562087
ENSG00000196564	X	18856827	18857570
ENSG00000219665	19	12098432	12157090
ENSG00000223018	X	18881682	18881826
ENSG00000166908	12	57984957	57997198
ENSG00000224224	X	18883889	18884672
ENSG00000237836	X	18908414	18912615
ENSG00000223931	16	32063311	32063601
ENSG00000270472	16	32077386	32077679
ENSG00000266710	X	18933365	18933653
ENSG00000202144	X	19394892	19394993
ENSG00000151062	12	1901123	2028002
ENSG00000206663	X	20003176	20003277
ENSG00000244509	22	39410088	39416357
ENSG00000264566	X	20035206	20035305
ENSG00000129250	17	4901243	4931696
ENSG00000081692	1	227918126	227923112
ENSG00000201882	X	20154184	20154253
ENSG00000000938	1	27938575	27961788
ENSG00000201592	X	20154424	20154503
ENSG00000225037	X	20158086	20158562
ENSG00000252978	X	20470226	20470549
ENSG00000206716	X	21232755	21232861
ENSG00000263302	HSCHR5_1_CTG1	68646822	68665854
ENSG00000205456	16	32264040	32267240
ENSG00000231913	X	21439940	21440412
ENSG00000183098	13	93879095	95059655
ENSG00000199855	10	27377250	27377356
ENSG00000252639	10	27482287	27482429
ENSG00000266822	X	21581190	21581281
ENSG00000251839	10	27521184	27521245
ENSG00000206639	X	21890825	21890926
ENSG00000085978	2	234118697	234204320
ENSG00000268000	19	50003781	50004614
ENSG00000263577	10	27524846	27524929
ENSG00000271286	X	21957579	21958278
ENSG00000100987	20	25051521	25062996
ENSG00000116729	1	68564142	68698803
ENSG00000262412	10	27532059	27539733
ENSG00000265868	X	22072271	22072551
ENSG00000204414	17	61986957	61996198
ENSG00000224204	X	22180850	22191100
ENSG00000233067	X	22277914	23311263
ENSG00000230445	10	27535279	27548384
ENSG00000231846	X	22446249	22512830
ENSG00000243811	22	39410368	39429281
ENSG00000132563	5	137774706	137782658
ENSG00000224396	X	22453715	22454935
ENSG00000152292	2	85645844	85664152
ENSG00000201095	X	22545952	22546058
ENSG00000238021	10	27547691	27577753
ENSG00000185888	1	228003394	228034171
ENSG00000231011	X	22634861	22635260
ENSG00000265819	X	22655109	22655194
ENSG00000237019	X	22716574	22787083
ENSG00000089356	19	35606732	35615228
ENSG00000165688	9	139305110	139318213
ENSG00000200369	10	27604049	27604155
ENSG00000174028	X	23093875	23094884
ENSG00000215409	10	27620286	27630181
ENSG00000250413	4	10008106	10011349
ENSG00000149452	11	62756626	62783311
ENSG00000261490	4	10069713	10074643
ENSG00000221786	X	23138949	23139022
ENSG00000228610	X	23216456	23216807
ENSG00000183632	16	32684852	32688053
ENSG00000143816	1	228106357	228135599
ENSG00000264931	4	10080235	10080316
ENSG00000163501	2	219919142	219925189
ENSG00000223086	4	10117380	10117508
ENSG00000159733	4	2271309	2420390
ENSG00000170616	8	145554228	145559943
ENSG00000250393	4	10144991	10145279
ENSG00000143614	1	153777201	153895451
ENSG00000251296	4	10168783	10169389
ENSG00000128394	22	39436609	39449915
ENSG00000248777	4	10201447	10202296
ENSG00000102387	X	100523241	100548059
ENSG00000226774	X	23369130	23369567
ENSG00000271544	4	10239837	10239859
ENSG00000080166	13	95089558	95131936
ENSG00000238327	X	23525328	23525430
ENSG00000250040	4	10256550	10258245
ENSG00000263425	X	23774289	23774398
ENSG00000154342	1	228194752	228248961
ENSG00000104870	19	50010073	50029590
ENSG00000250573	4	10261069	10261762
ENSG00000211833	14	22946696	22946758
ENSG00000211834	14	22947861	22947923
ENSG00000250074	4	10269519	10269855
ENSG00000211835	14	22948510	22948571
ENSG00000214597	8	145575878	145578574
ENSG00000259303	16	32859034	32859477
ENSG00000151229	12	40148823	40499891
ENSG00000110934	12	51674822	51718452
ENSG00000250505	4	10286585	10287332
ENSG00000179088	12	103631369	103889749
ENSG00000211836	14	22951276	22951335
ENSG00000076770	X	131503345	131623996
ENSG00000251278	4	10293819	10294332
ENSG00000233732	16	33006369	33006826
ENSG00000211837	14	22951993	22952058
ENSG00000251338	4	10296087	10297203
ENSG00000211838	14	22955216	22955284
ENSG00000271130	16	33020496	33020941
ENSG00000211839	14	22957581	22957640
ENSG00000250613	4	10412620	10413268
ENSG00000222000	2	98947852	98972468
ENSG00000231048	HSCHR6_MHC_MANN	31593388	31596173
ENSG00000211840	14	22958476	22958531
ENSG00000187736	2	219940039	220025587
ENSG00000248419	4	10480148	10480547
ENSG00000211841	14	22959479	22959541
ENSG00000174963	3	147103833	147124647
ENSG00000204348	6	31937587	31940069
ENSG00000249334	4	10686627	10699285
ENSG00000211842	14	22961838	22961894
ENSG00000101680	18	6941743	7117813
ENSG00000207716	4	11370451	11370545
ENSG00000233785	X	23791109	23801073
ENSG00000239713	22	39436924	39483748
ENSG00000211843	14	22962389	22962451
ENSG00000257882	HSCHR17_1	44327965	44330147
ENSG00000250896	4	11373599	11374516
ENSG00000202272	X	23800327	23800427
ENSG00000205457	16	33204156	33264727
ENSG00000222182	4	11415675	11415784
ENSG00000211844	14	22962911	22962976
ENSG00000238103	X	23854761	23855459
ENSG00000251152	4	11470874	11479820
ENSG00000211845	14	22963806	22963868
ENSG00000211846	14	22964896	22964949
ENSG00000201407	X	24151303	24151434
ENSG00000234230	X	24164342	24167771
ENSG00000143761	1	228270361	228286912
ENSG00000211847	14	22965872	22965937
ENSG00000249631	4	11627338	11815582
ENSG00000264184	X	24304662	24304794
ENSG00000211848	14	22966642	22966703
ENSG00000160588	11	118097409	118123065
ENSG00000223611	X	24328979	24331432
ENSG00000252060	19	12107624	12107731
ENSG00000212497	19	12138728	12138836
ENSG00000144191	2	98962618	99015064
ENSG00000211849	14	22968672	22968732
ENSG00000252546	19	12180979	12181086
ENSG00000199444	19	12199060	12199161
ENSG00000237273	19	12207239	12207730
ENSG00000211850	14	22970585	22970647
ENSG00000264746	X	24366926	24367023
ENSG00000088451	13	95226308	95248511
ENSG00000212576	19	12217312	12217429
ENSG00000223731	X	24380878	24383541
ENSG00000005381	17	56347217	56358296
ENSG00000211851	14	22971215	22971276
ENSG00000242615	19	12252621	12254137
ENSG00000225071	X	24447690	24448037
ENSG00000211852	14	22972735	22972797
ENSG00000248300	4	11742572	11771092
ENSG00000211853	14	22974096	22974155
ENSG00000248262	4	11916291	11921312
ENSG00000271698	8	145576888	145579269
ENSG00000234773	19	12305830	12348582
ENSG00000211854	14	22975629	22975687
ENSG00000266669	4	12014971	12015065
ENSG00000214124	X	24531567	24531804
ENSG00000261509	16	33261515	33264716
ENSG00000251210	4	12225075	12252910
ENSG00000211855	14	22976651	22976708
ENSG00000204843	2	74588281	74619214
ENSG00000211856	14	22977587	22977643
ENSG00000077080	7	100240720	100254084
ENSG00000212282	4	12314212	12314314
ENSG00000257793	HSCHR17_1	44339179	44390746
ENSG00000211857	14	22978325	22978390
ENSG00000249995	4	12640710	12642633
ENSG00000213293	19	12370941	12371352
ENSG00000244411	11	71238313	71239210
ENSG00000148384	9	139323071	139334274
ENSG00000034239	8	49623348	49647870
ENSG00000249780	4	12641922	12642261
ENSG00000211858	14	22979951	22980007
ENSG00000250371	4	12860725	12866585
ENSG00000211859	14	22981834	22981890
ENSG00000241233	11	71249071	71250253
ENSG00000179388	8	22545172	22550815
ENSG00000250098	4	12949198	12950294
ENSG00000234750	19	12395152	12396000
ENSG00000211860	14	22982921	22982980
ENSG00000261280	19	12456763	12458752
ENSG00000252235	4	13052966	13053035
ENSG00000168944	5	122680579	122759286
ENSG00000211861	14	22984601	22984666
ENSG00000254997	11	71259466	71260653
ENSG00000231361	19	12484423	12484545
ENSG00000205940	4	13335038	13340281
ENSG00000211862	14	22985251	22985309
ENSG00000248406	19	12490560	12494501
ENSG00000211863	14	22987424	22987483
ENSG00000234848	19	12561749	12571519
ENSG00000101945	X	48553945	48567403
ENSG00000204572	11	71276609	71279980
ENSG00000211864	14	22987790	22987849
ENSG00000246095	4	13547699	13549425
ENSG00000100298	22	39493229	39500072
ENSG00000236483	19	12613489	12614920
ENSG00000266240	4	13629489	13629581
ENSG00000211865	14	22988947	22989009
ENSG00000249148	4	13633444	13634223
ENSG00000232579	19	12615479	12615704
ENSG00000204571	11	71292901	71314399
ENSG00000230321	19	12615719	12616790
ENSG00000211866	14	22989394	22989456
ENSG00000126709	1	27992572	27998729
ENSG00000242209	4	13649321	13650024
ENSG00000137857	15	45422131	45457774
ENSG00000116745	1	68894505	68915642
ENSG00000234003	19	12617063	12618844
ENSG00000187811	11	71292956	71318487
ENSG00000128534	7	117824086	117832878
ENSG00000152749	13	95254157	95286899
ENSG00000250634	4	13656803	13978699
ENSG00000134020	8	22570769	22857513
ENSG00000153902	19	35615417	35633355
ENSG00000196387	12	133656424	133684130
ENSG00000252092	4	13660251	13660337
ENSG00000250497	4	13779001	13783781
ENSG00000198837	1	153901977	153919172
ENSG00000224569	4	13978790	13979652
ENSG00000185803	8	145577795	145584932
ENSG00000197658	11	62847412	62911693
ENSG00000113805	3	74311719	74570291
ENSG00000257874	HSCHR6_MHC_MANN	31595140	31596204
ENSG00000248698	4	14113592	14141676
ENSG00000138172	10	105206543	105212660
ENSG00000183960	3	19189946	19577138
ENSG00000125285	13	95361886	95364389
ENSG00000126953	X	100600649	100604184
ENSG00000158483	11	71498556	71512282
ENSG00000235686	19	12618943	12619077
ENSG00000251317	4	14127963	14128288
ENSG00000251679	4	14136560	14145216
ENSG00000269560	19	12640582	12643787
ENSG00000100307	22	39516172	39548679
ENSG00000230310	19	12663411	12664458
ENSG00000106013	7	117854727	117882785
ENSG00000213290	19	12670385	12671919
ENSG00000143793	1	228288427	228293112
ENSG00000005339	16	3775055	3930727
ENSG00000165973	11	20691117	21597227
ENSG00000115750	2	9983483	10074545
ENSG00000221343	19	12740548	12740599
ENSG00000144410	2	207804278	207834198
ENSG00000178464	19	12754089	12754733
ENSG00000227686	HSCHR6_MHC_QBL	31749636	31753979
ENSG00000171433	X	48620154	48632064
ENSG00000236979	HSCHR6_MHC_MANN	31596159	31600249
ENSG00000008853	8	22844930	22877712
ENSG00000028203	12	95611522	95696566
ENSG00000172239	5	43526369	43557860
ENSG00000211867	14	22991016	22991078
ENSG00000102145	X	48644962	48652716
ENSG00000249988	4	14166079	14244437
ENSG00000184999	11	62905339	63137190
ENSG00000132517	17	4935895	4955304
ENSG00000251412	4	14384747	14410702
ENSG00000248425	4	14392063	14395616
ENSG00000265506	X	24535357	24535457
ENSG00000260822	X	24563633	24568583
ENSG00000184276	11	71544246	71548756
ENSG00000113504	5	1050499	1112150
ENSG00000106392	7	7196565	7288282
ENSG00000149573	11	118124118	118135251
ENSG00000100311	22	39619364	39640756
ENSG00000248360	4	14472089	14889793
ENSG00000147996	9	70432004	70497240
ENSG00000118263	2	207938861	208031991
ENSG00000261701	16	72088522	72111145
ENSG00000226222	X	24650374	24650718
ENSG00000010671	X	100604435	100641183
ENSG00000236836	X	24668190	24676354
ENSG00000236487	X	24700026	24700751
ENSG00000005379	17	56378592	56406152
ENSG00000262511	HSCHR5_1_CTG1	68665134	68710869
ENSG00000264224	X	24716239	24716308
ENSG00000251869	X	24762558	24762687
ENSG00000207135	10	27624430	27624536
ENSG00000260151	10	27632365	27633846
ENSG00000232472	X	24806509	24807186
ENSG00000213770	10	27638646	27639219
ENSG00000172850	HSCHR6_MHC_QBL	31755421	31765001
ENSG00000214111	X	25047662	25048352
ENSG00000211868	14	22992573	22992627
ENSG00000024526	1	68939835	68962904
ENSG00000152795	4	83343717	83351294
ENSG00000237956	10	27667067	27667291
ENSG00000268945	19	12793507	12798093
ENSG00000240439	X	25078768	25079056
ENSG00000173226	3	121488610	121553926
ENSG00000211869	14	22993296	22993352
ENSG00000176812	X	25212498	25213324
ENSG00000254469	11	71576555	71639700
ENSG00000267791	19	12799736	12800052
ENSG00000230500	10	28033715	28056723
ENSG00000209702	19	12817263	12817332
ENSG00000130164	19	11200038	11244492
ENSG00000211870	14	22994233	22994292
ENSG00000212075	X	25224487	25224577
ENSG00000267004	19	12836331	12836700
ENSG00000229310	X	25609470	25609925
ENSG00000267212	19	12895353	12895915
ENSG00000211871	14	22994620	22994685
ENSG00000228519	X	25663839	25664444
ENSG00000249428	4	2451700	2464668
ENSG00000263800	19	12897942	12898006
ENSG00000211872	14	22995812	22995874
ENSG00000233403	X	25896456	25911661
ENSG00000156427	5	170846660	170884627
ENSG00000232446	X	26165891	26166398
ENSG00000214854	22	39656865	39657063
ENSG00000072110	14	69340860	69446157
ENSG00000211873	14	22997487	22997546
ENSG00000232030	X	26178718	26180013
ENSG00000211875	14	22999278	22999329
ENSG00000197586	20	25176329	25207365
ENSG00000227511	X	26188169	26189030
ENSG00000211876	14	23000026	23000088
ENSG00000232644	X	26218159	26218764
ENSG00000153250	2	161128662	161350305
ENSG00000120738	5	137801179	137805004
ENSG00000182271	17	28643351	28661077
ENSG00000145386	4	122737599	122745087
ENSG00000253110	5	171200656	171201743
ENSG00000198851	11	118175260	118186890
ENSG00000251252	4	14507489	14508104
ENSG00000202449	4	14692334	14692456
ENSG00000185662	5	171212876	171221602
ENSG00000162592	1	3668962	3688209
ENSG00000247624	4	14911585	15003669
ENSG00000125257	13	95672083	95953687
ENSG00000142552	19	50030875	50050219
ENSG00000215018	7	7395834	7575484
ENSG00000249252	4	15006566	15429538
ENSG00000129654	17	74132414	74137380
ENSG00000165355	14	39866873	39901704
ENSG00000188906	12	40590546	40763087
ENSG00000199420	4	15095391	15095718
ENSG00000237171	X	26242020	26242775
ENSG00000251379	4	15359765	15421656
ENSG00000228464	X	26363353	26364359
ENSG00000120705	5	137841784	137878989
ENSG00000249930	4	15494353	15494596
ENSG00000231388	X	26515053	26523720
ENSG00000273133	4	15565321	15565876
ENSG00000140829	16	72127461	72146811
ENSG00000214846	4	15732585	15733250
ENSG00000230265	X	26575792	26576447
ENSG00000248188	4	15744819	15745205
ENSG00000259849	X	26576454	26579169
ENSG00000118997	2	196602427	196933536
ENSG00000236160	X	26675408	26675624
ENSG00000251644	4	15866561	15867563
ENSG00000063978	4	2463947	2627047
ENSG00000206383	HSCHR6_MHC_QBL	31767647	31773092
ENSG00000251758	4	16010299	16010410
ENSG00000249234	4	16180562	16184743
ENSG00000263327	4	16228286	16321763
ENSG00000108582	17	28705923	28797007
ENSG00000141576	17	74138534	74236454
ENSG00000182325	8	145579091	145583036
ENSG00000242358	4	16257931	16258178
ENSG00000019549	8	49830249	49834299
ENSG00000137522	11	71639747	71708643
ENSG00000257822	HSCHR17_1	44410812	44414829
ENSG00000065665	10	12171636	12211960
ENSG00000142546	19	50058968	50093519
ENSG00000215328	HSCHR6_MHC_QBL	31773491	31775973
ENSG00000148396	9	139334549	139372141
ENSG00000257717	HSCHR17_1	44566755	44567102
ENSG00000162104	16	4003388	4166186
ENSG00000257806	HSCHR17_1	44575673	44578193
ENSG00000258143	HSCHR17_1	44624078	44624636
ENSG00000248851	4	16309079	16309790
ENSG00000257615	HSCHR17_1	44705731	44708833
ENSG00000249506	4	16362309	16398946
ENSG00000262447	HG883_PATCH	26662628	26674035
ENSG00000168906	2	85766288	85772403
ENSG00000072803	5	171288553	171433877
ENSG00000257189	HSCHR17_1	44736661	44752520
ENSG00000009780	1	28052490	28089633
ENSG00000270467	16	33605231	33605684
ENSG00000212866	HSCHR6_MHC_QBL	31785766	31788290
ENSG00000160741	1	153920145	153931101
ENSG00000248138	4	16402053	16513810
ENSG00000271178	16	33629681	33630128
ENSG00000211877	14	23000889	23000948
ENSG00000213901	2	219940051	220035549
ENSG00000168333	8	49966870	49988649
ENSG00000182871	21	46825052	46933634
ENSG00000211878	14	23001452	23001511
ENSG00000227567	HSCHR6_MHC_DBB	31602375	31608169
ENSG00000040933	2	99061317	99210853
ENSG00000211879	14	23002445	23002508
ENSG00000162910	1	228294380	228297013
ENSG00000259680	16	33647044	33647696
ENSG00000211880	14	23004502	23004562
ENSG00000226618	HSCHR6_MHC_MANN	31627937	31645035
ENSG00000080824	14	102547075	102606036
ENSG00000179755	16	34256507	34257278
ENSG00000157111	5	72416119	72427644
ENSG00000100316	22	39708887	39716394
ENSG00000232367	HSCHR6_MHC_COX	32735310	32744079
ENSG00000216938	X	26704143	26706072
ENSG00000253206	8	50448945	50466973
ENSG00000236683	X	26766146	26767207
ENSG00000171241	16	46614466	46655538
ENSG00000206380	HSCHR6_MHC_QBL	31792647	31797799
ENSG00000252491	X	26808259	26808403
ENSG00000242021	X	27061024	27194415
ENSG00000034677	8	101269288	101348446
ENSG00000033122	1	70034081	70617628
ENSG00000178038	3	46710487	46735194
ENSG00000163576	3	19920964	19988517
ENSG00000185739	16	4239375	4292081
ENSG00000094631	X	48659784	48683392
ENSG00000173876	10	92828	120103
ENSG00000235169	1	3689352	3692546
ENSG00000169689	17	79976578	79981983
ENSG00000171714	11	22214722	22304903
ENSG00000167286	11	118209669	118213459
ENSG00000251810	10	28072775	28072982
ENSG00000226016	10	28193138	28194091
ENSG00000138686	4	122745595	122791652
ENSG00000233472	10	28288717	28338544
ENSG00000131196	18	77155856	77289325
ENSG00000138622	15	73612200	73661605
ENSG00000130764	1	3696784	3713068
ENSG00000226395	10	28293631	28293861
ENSG00000178498	12	57998405	58003587
ENSG00000222374	10	28599782	28599888
ENSG00000237746	10	28627483	28629871
ENSG00000249998	4	16974898	17075526
ENSG00000251212	4	17063501	17063788
ENSG00000147481	8	50822349	51706678
ENSG00000250819	4	17173380	17187682
ENSG00000090447	16	4307187	4323076
ENSG00000206780	4	17322369	17322505
ENSG00000115486	2	85771846	85788670
ENSG00000215278	4	17429319	17429897
ENSG00000238536	4	17530560	17530663
ENSG00000249488	4	17553740	17554375
ENSG00000249502	4	17589090	17616194
ENSG00000268276	GL000221.1	62571	62753
ENSG00000183324	15	73735499	73852355
ENSG00000112992	5	43602794	43707507
ENSG00000222666	10	28696969	28697180
ENSG00000265011	4	17596691	17596959
ENSG00000237128	10	28721937	28784742
ENSG00000118260	2	208394461	208468155
ENSG00000235413	4	17913297	17914599
ENSG00000224439	10	28725130	28726007
ENSG00000251048	4	18489685	18491131
ENSG00000134873	13	96085858	96232013
ENSG00000248238	4	19173958	19458617
ENSG00000218739	2	37423631	37443336
ENSG00000222705	10	28731504	28731825
ENSG00000180574	12	10658201	10675734
ENSG00000251816	4	19183437	19183479
ENSG00000248515	4	19457059	19911315
ENSG00000254635	10	28811581	28821672
ENSG00000172354	7	100271154	100276797
ENSG00000249441	4	19748802	19756214
ENSG00000241612	4	19815372	19815854
ENSG00000252401	10	28941559	28941684
ENSG00000091664	11	22359643	22401049
ENSG00000250611	4	20039183	20039595
ENSG00000231911	10	28947916	28948396
ENSG00000211881	14	23005092	23005151
ENSG00000186106	8	101521980	101572012
ENSG00000207483	10	28956848	28956954
ENSG00000248228	4	20393812	20396479
ENSG00000211882	14	23006567	23006625
ENSG00000236716	10	29032674	29033592
ENSG00000201001	10	29049628	29049732
ENSG00000211883	14	23008016	23008077
ENSG00000185933	10	105213144	105218645
ENSG00000235824	10	29078117	29085042
ENSG00000160654	11	118215059	118225876
ENSG00000207732	4	20529898	20530007
ENSG00000152977	3	147111209	147228080
ENSG00000211884	14	23009190	23009249
ENSG00000272995	4	20768431	20768995
ENSG00000157510	5	148651434	148721365
ENSG00000211885	14	23011142	23011204
ENSG00000184408	7	119913722	120390385
ENSG00000250243	4	21306165	21318108
ENSG00000067445	X	54946895	54957864
ENSG00000211886	14	23012122	23012183
ENSG00000250092	4	21583719	21615351
ENSG00000137267	6	3153903	3157760
ENSG00000267721	HG883_PATCH	26684604	26690705
ENSG00000232624	10	29081732	29097148
ENSG00000183128	10	105232561	105238997
ENSG00000211887	14	23013015	23013080
ENSG00000069329	16	46690054	46723430
ENSG00000242768	4	21658134	21658492
ENSG00000271220	10	29095050	29102387
ENSG00000248343	4	21699073	21720649
ENSG00000211888	14	23013981	23014042
ENSG00000111196	12	10758612	10766222
ENSG00000199402	10	29163322	29163436
ENSG00000250039	4	21950638	22331953
ENSG00000229605	10	29187925	29188422
ENSG00000229164	14	23016447	23021097
ENSG00000126353	17	38710021	38721724
ENSG00000239001	4	22120606	22120712
ENSG00000266964	19	35629712	35634013
ENSG00000238383	4	22351073	22351177
ENSG00000164325	5	72469022	72470970
ENSG00000126603	16	4364762	4389598
ENSG00000244538	4	22595819	22596073
ENSG00000183161	11	22644079	22647387
ENSG00000116198	1	3728645	3773778
ENSG00000196366	9	139377947	139380518
ENSG00000263225	HG883_PATCH	26691290	26692265
ENSG00000259003	14	23025534	23027939
ENSG00000257944	HSCHR6_MHC_QBL	31811419	31812274
ENSG00000262318	HG883_PATCH	26691310	26695033
ENSG00000257705	HSCHR6_MHC_QBL	31811806	31812495
ENSG00000229387	11	22646860	22647369
ENSG00000251516	4	22609124	22612686
ENSG00000112658	6	43139037	43149243
ENSG00000196584	7	152341864	152373250
ENSG00000066557	1	70610488	70671303
ENSG00000237350	4	22728998	22729573
ENSG00000129562	14	23033805	23058175
ENSG00000106025	7	120427376	120498456
ENSG00000267556	HG883_PATCH	26691378	26725182
ENSG00000220903	GL000222.1	86430	89304
ENSG00000148400	9	139388896	139440314
ENSG00000115816	2	37428755	37458856
ENSG00000184494	HSCHR6_MHC_QBL	31815830	31821077
ENSG00000174226	8	101585116	101675643
ENSG00000156642	15	73852355	73926475
ENSG00000233094	GL000222.1	129789	134090
ENSG00000266831	GL000222.1	15194	15277
ENSG00000134874	13	96230457	96296957
ENSG00000148935	11	22647188	22834601
ENSG00000265343	GL000222.1	40456	40754
ENSG00000238524	GL000222.1	122779	122874
ENSG00000228933	X	27193037	27417114
ENSG00000217930	16	4381550	4405608
ENSG00000233807	X	27236248	27236795
ENSG00000117758	1	28099694	28150963
ENSG00000252486	X	27270236	27270352
ENSG00000262062	HG883_PATCH	26694297	26700110
ENSG00000235642	X	27445894	27446348
ENSG00000206422	18	7231123	7232045
ENSG00000269337	9	70646589	70648956
ENSG00000136514	3	187086120	187089864
ENSG00000224960	X	27478921	27481413
ENSG00000100439	14	23067146	23081265
ENSG00000223391	X	27535888	27535998
ENSG00000180787	17	4981543	4999669
ENSG00000224597	10	29698331	29776674
ENSG00000204344	6	31938868	31950598
ENSG00000238247	X	27536001	27537876
ENSG00000139610	12	51722227	51740463
ENSG00000231315	X	27765013	27766908
ENSG00000005469	7	86974997	87029111
ENSG00000257936	HSCHR17_1	44738928	44752551
ENSG00000229731	X	27830002	27831019
ENSG00000172969	3	75713481	75716371
ENSG00000257278	HSCHR17_1	44771954	44775602
ENSG00000221946	19	35634154	35645204
ENSG00000226199	X	27850292	27851321
ENSG00000157005	3	187386694	187388187
ENSG00000232834	X	27865705	27866056
ENSG00000263043	HSCHR5_1_CTG1	68711180	68739968
ENSG00000134317	2	10085341	10142411
ENSG00000228345	X	27872440	27873470
ENSG00000233243	X	27882010	27882466
ENSG00000215033	10	47746962	47770871
ENSG00000224589	X	27911465	27912176
ENSG00000263509	X	28395080	28395178
ENSG00000223742	X	28589649	28604512
ENSG00000145293	4	83351715	83382244
ENSG00000226436	X	28677182	28677586
ENSG00000201666	X	28942186	28942255
ENSG00000248837	4	22999174	23058485
ENSG00000167840	17	5008836	5026411
ENSG00000249645	4	23107125	23125110
ENSG00000196917	12	123104824	123215390
ENSG00000249547	4	23236248	23287196
ENSG00000165379	14	42076773	42373752
ENSG00000257774	HSCHR17_1	44831766	44874729
ENSG00000251220	4	23516563	23516907
ENSG00000126460	19	50083903	50094272
ENSG00000250137	4	23562546	23770275
ENSG00000259384	17	61994560	61996179
ENSG00000251292	4	23724885	23735202
ENSG00000182782	12	123185840	123187890
ENSG00000249453	4	23781213	23784183
ENSG00000152726	10	47894023	47949412
ENSG00000222262	4	24422799	24422924
ENSG00000255398	12	123199303	123201439
ENSG00000265001	4	24431455	24431523
ENSG00000207697	4	24521815	24521913
ENSG00000154277	4	41258430	41270472
ENSG00000144566	3	19988571	20026667
ENSG00000139629	12	51745031	51786651
ENSG00000172889	9	139553308	139567130
ENSG00000243005	4	24564818	24565084
ENSG00000249256	4	24659695	24659998
ENSG00000173137	8	145596790	145618457
ENSG00000261121	4	24661479	24673191
ENSG00000262667	HSCHR5_1_CTG1	68787834	68852251
ENSG00000189139	14	44973545	44976482
ENSG00000103426	16	4390252	4470495
ENSG00000249242	4	83404323	83483510
ENSG00000251638	4	24769671	24769953
ENSG00000248444	4	24773089	24774042
ENSG00000139726	12	123237321	123255611
ENSG00000271172	4	25222025	25222535
ENSG00000196873	9	70856397	70914929
ENSG00000264496	4	25355592	25355693
ENSG00000249320	4	25474139	25475437
ENSG00000179476	14	45366498	45376460
ENSG00000248608	4	25506619	25508297
ENSG00000102580	13	96329393	96447243
ENSG00000238632	4	25600186	25600247
ENSG00000060140	12	10771538	10826917
ENSG00000248545	4	25610333	25621087
ENSG00000138606	15	45459412	45493373
ENSG00000228154	4	25624399	25625223
ENSG00000110344	11	118230300	118269926
ENSG00000242640	4	25680472	25680642
ENSG00000126464	19	50094900	50129696
ENSG00000228435	HSCHR6_MHC_DBB	31608257	31610731
ENSG00000249277	4	25687824	25688080
ENSG00000010810	6	111981535	112194655
ENSG00000089327	19	35645633	35660786
ENSG00000227124	3	75758794	75834734
ENSG00000137496	11	71709587	71716761
ENSG00000161888	19	11242196	11266484
ENSG00000214029	12	133694740	133707059
ENSG00000119888	2	47572297	47614740
ENSG00000213246	17	56422539	56430454
ENSG00000115649	2	220036619	220042828
ENSG00000116754	1	70671365	70718735
ENSG00000173482	18	7566780	8406859
ENSG00000169692	9	139567595	139581875
ENSG00000237994	X	28960167	28960685
ENSG00000201356	X	29000969	29001087
ENSG00000198168	11	22835345	22851845
ENSG00000227393	X	29387118	29387962
ENSG00000072163	2	128395956	128439360
ENSG00000100321	22	39745930	39781593
ENSG00000164654	7	7606503	7648560
ENSG00000264090	X	29592395	29592475
ENSG00000227592	X	30035277	30035998
ENSG00000270794	X	30227540	30228326
ENSG00000151292	5	122847793	122952739
ENSG00000249860	10	57358750	57360488
ENSG00000266257	X	30333202	30333295
ENSG00000107954	10	105253736	105352309
ENSG00000206338	HSCHR6_MHC_QBL	31818406	31967104
ENSG00000143774	1	228327663	228336685
ENSG00000178556	X	30635571	30635810
ENSG00000234154	HSCHR6_MHC_COX	32824726	32843224
ENSG00000232368	X	30648415	30648942
ENSG00000229331	X	30689752	30690283
ENSG00000103855	15	73976307	74006859
ENSG00000120889	8	22877646	22926692
ENSG00000241886	X	30716324	30740049
ENSG00000243055	X	30718115	30742291
ENSG00000126458	19	50138549	50143458
ENSG00000231542	X	30852740	30853417
ENSG00000235512	X	30872438	30872824
ENSG00000143570	1	153931575	153940188
ENSG00000113013	5	137890571	137911133
ENSG00000252903	X	31366309	31366414
ENSG00000222922	X	32120182	32120293
ENSG00000236285	X	32224019	32224855
ENSG00000263600	X	32601773	32601869
ENSG00000221348	X	32659591	32659676
ENSG00000236828	X	32773057	32774517
ENSG00000238969	X	32866024	32866122
ENSG00000122952	10	58116989	58121036
ENSG00000226781	X	33059512	33059838
ENSG00000122882	10	74889913	74928813
ENSG00000147316	8	6264113	6501144
ENSG00000144891	3	148415571	148460795
ENSG00000255359	11	22868477	22881972
ENSG00000215310	X	33429061	33430290
ENSG00000137860	15	45544428	45568149
ENSG00000102595	13	96453834	96705736
ENSG00000233928	X	33744625	33960397
ENSG00000251493	5	72740654	72744352
ENSG00000185638	X	34165153	34165703
ENSG00000233571	X	34224842	34433654
ENSG00000236072	X	34405839	34406581
ENSG00000165716	9	139607022	139618502
ENSG00000070756	8	101698044	101735037
ENSG00000117751	1	28157289	28178187
ENSG00000109063	17	10531843	10560626
ENSG00000197256	19	11274943	11308467
ENSG00000100324	22	39795746	39833065
ENSG00000187398	11	24518516	25104150
ENSG00000262186	HG883_PATCH	26721775	26734216
ENSG00000183977	3	20021453	20053822
ENSG00000204003	9	139632619	139642905
ENSG00000145741	5	72794233	72801460
ENSG00000122515	7	44788180	44809477
ENSG00000169598	1	3773845	3801993
ENSG00000262169	HSCHR5_1_CTG1	68855801	68888468
ENSG00000185008	3	75955846	77699115
ENSG00000138741	4	122800182	122872909
ENSG00000187922	9	139632619	139637808
ENSG00000005471	7	87031013	87109751
ENSG00000240771	12	58003963	58013162
ENSG00000167272	12	121016567	121019201
ENSG00000114166	3	20081515	20195896
ENSG00000250050	4	25719704	25721367
ENSG00000248133	4	25721377	25721652
ENSG00000118557	16	72146056	72210777
ENSG00000251353	4	25721721	25722053
ENSG00000248654	4	25722138	25722678
ENSG00000268302	20	25207122	25207370
ENSG00000250541	4	25771888	25775199
ENSG00000251009	4	25866503	25871172
ENSG00000126461	19	50145382	50161899
ENSG00000248452	4	26113487	26115461
ENSG00000265627	4	26639012	26639112
ENSG00000147485	8	52232138	52722005
ENSG00000200999	4	26703931	26704010
ENSG00000128268	22	39853349	39888199
ENSG00000240005	4	26861428	26862221
ENSG00000171766	15	45653322	45694525
ENSG00000091879	8	6357172	6420930
ENSG00000228537	9	70866135	70866572
ENSG00000248340	4	26875183	26875971
ENSG00000251080	4	27135618	27141673
ENSG00000187559	9	70917276	70920000
ENSG00000100994	20	25228705	25278650
ENSG00000205830	4	27209127	27220026
ENSG00000249699	4	27219101	27283847
ENSG00000222206	4	27224941	27225049
ENSG00000251325	4	27264128	27268876
ENSG00000130783	12	123258874	123312075
ENSG00000267206	9	139638463	139642980
ENSG00000250858	4	27586767	27587766
ENSG00000072786	5	171469077	171615390
ENSG00000251410	4	27969345	27986685
ENSG00000250064	4	28437071	28601897
ENSG00000118454	1	70726271	70820417
ENSG00000243548	4	28712820	28713094
ENSG00000254873	11	118267810	118272610
ENSG00000250927	4	28824866	28825833
ENSG00000154330	9	70943224	71145977
ENSG00000185262	17	74261283	74267375
ENSG00000250190	4	28998146	29016216
ENSG00000255804	14	23102673	23103716
ENSG00000264547	HG883_PATCH	26782771	26941216
ENSG00000249228	4	29048213	29050387
ENSG00000248176	4	29119930	29204392
ENSG00000271136	X	34535037	34535475
ENSG00000091651	16	46723555	46732306
ENSG00000248338	4	29216020	29222784
ENSG00000167283	11	118271869	118302211
ENSG00000225384	X	34735557	34736109
ENSG00000173638	21	46913486	46964325
ENSG00000251373	4	29408722	29409634
ENSG00000251113	4	29467323	29469472
ENSG00000100335	22	39895437	39914137
ENSG00000252303	4	29512257	29512359
ENSG00000249542	4	29750379	29751722
ENSG00000015171	10	180405	300577
ENSG00000212045	4	29751818	29751932
ENSG00000249564	4	29909281	29909413
ENSG00000204001	9	139648838	139652678
ENSG00000244031	4	29964266	29965380
ENSG00000071243	7	120590803	120617270
ENSG00000256223	12	133707161	133736051
ENSG00000248281	4	30008573	30009938
ENSG00000181778	9	71151496	71155783
ENSG00000262104	HSCHR18_1_CTG2_1	76304096	76304188
ENSG00000228760	HSCHR6_MHC_MANN	31646291	31659974
ENSG00000249678	4	30777879	30795592
ENSG00000241343	X	100645812	100651105
ENSG00000185352	13	96743093	97485671
ENSG00000268552	1	28177085	28177255
ENSG00000250624	4	30886065	30886804
ENSG00000243719	HSCHR6_MHC_COX	32838712	32860827
ENSG00000107957	10	105348285	105615301
ENSG00000269679	18	77275812	77276057
ENSG00000177984	9	139654086	139660707
ENSG00000129646	17	74270130	74303761
ENSG00000177558	19	35715703	35719632
ENSG00000145284	4	83550692	83720010
ENSG00000165621	13	97637973	97646984
ENSG00000164284	5	148724993	148734146
ENSG00000071894	8	145618444	145634753
ENSG00000268046	18	8336437	8337038
ENSG00000155189	8	6565878	6617184
ENSG00000133627	7	152456834	152552463
ENSG00000214360	5	171621176	171630456
ENSG00000205363	15	74032141	74045088
ENSG00000233210	HSCHR6_MHC_DBB	31611188	31616243
ENSG00000197568	1	70820488	70851022
ENSG00000060138	12	10851683	10875911
ENSG00000206418	18	8609443	8639379
ENSG00000179454	14	45393522	45511525
ENSG00000244187	9	139685807	139687709
ENSG00000112659	6	43149913	43192325
ENSG00000168246	5	171636644	171711075
ENSG00000130775	1	28199055	28213196
ENSG00000128272	22	39915700	39918691
ENSG00000155463	14	23235731	23241007
ENSG00000203877	6	84562985	84567234
ENSG00000060069	18	77439801	77514510
ENSG00000171004	X	131760044	132095423
ENSG00000174358	5	1201710	1225232
ENSG00000262246	16	4404543	4475706
ENSG00000272896	9	139685831	139695047
ENSG00000107242	9	71320575	71624092
ENSG00000168300	8	52730140	52811735
ENSG00000206378	HSCHR6_MHC_QBL	31821363	31837218
ENSG00000167139	15	74165949	74181555
ENSG00000145088	3	121554030	121605373
ENSG00000272998	HSCHR6_MHC_MCF	28730486	28730593
ENSG00000198835	1	228337553	228347527
ENSG00000072444	10	48001603	48055018
ENSG00000164825	8	6728097	6735544
ENSG00000174705	5	171752185	171881527
ENSG00000203684	1	228351787	228353213
ENSG00000139793	13	97873688	98046374
ENSG00000164822	8	6782215	6783598
ENSG00000233948	HSCHR6_MHC_MCF	28870945	28891932
ENSG00000181873	1	228353516	228369958
ENSG00000108375	17	56429861	56494956
ENSG00000258003	HSCHR17_1	44835770	44898747
ENSG00000213213	9	139690802	139702193
ENSG00000164821	8	6793344	6795860
ENSG00000126456	19	50162826	50169132
ENSG00000169683	17	79981178	79989027
ENSG00000144567	2	220040947	220050201
ENSG00000257377	HSCHR17_1	44907918	44922890
ENSG00000258049	HSCHR17_1	44934644	44939509
ENSG00000206047	8	6835171	6837602
ENSG00000129038	15	74218330	74244478
ENSG00000257529	X	100645999	100667285
ENSG00000105699	19	35739233	35758867
ENSG00000262654	HG883_PATCH	26800312	26824800
ENSG00000257939	HSCHR17_1	45030984	45041395
ENSG00000162913	1	228391207	228401365
ENSG00000266791	HSCHR17_1	43404731	43404862
ENSG00000059573	10	97365696	97416463
ENSG00000265036	HSCHR17_1	43494180	43494273
ENSG00000255384	11	118303836	118305921
ENSG00000264068	HSCHR17_1	43547829	43548118
ENSG00000007312	17	62006100	62009714
ENSG00000265958	HSCHR17_1	43600420	43600700
ENSG00000258322	HSCHR17_1	43774683	43774961
ENSG00000240247	8	6854288	6875778
ENSG00000129204	17	5019733	5078329
ENSG00000116761	1	70876901	70905534
ENSG00000264593	HSCHR17_1	43818325	43818617
ENSG00000257873	HSCHR17_1	43912820	43913891
ENSG00000258166	HSCHR6_MHC_DBB	31612912	31644296
ENSG00000265025	HSCHR17_1	43918344	43918413
ENSG00000131467	17	40976402	40995774
ENSG00000257775	HSCHR17_1	43956274	43956914
ENSG00000187051	22	39925098	39928860
ENSG00000264709	HSCHR17_1	43958570	43958671
ENSG00000239839	8	6873391	6875823
ENSG00000163406	3	121612936	121662949
ENSG00000198718	14	45431411	45543634
ENSG00000251182	4	31172766	31213297
ENSG00000163930	3	52435029	52444366
ENSG00000187866	9	71394964	71398609
ENSG00000251434	4	31351906	31353347
ENSG00000183570	21	47063608	47362368
ENSG00000249882	4	31508288	31560443
ENSG00000164816	8	6912831	6914256
ENSG00000251129	4	31999019	32157028
ENSG00000171763	15	45694529	45713617
ENSG00000130561	2	234216462	234255701
ENSG00000118640	2	85788685	85809154
ENSG00000251329	4	32352660	32354842
ENSG00000165059	9	71627469	71629039
ENSG00000130158	19	11309971	11373157
ENSG00000125249	13	98086476	98121382
ENSG00000250076	4	33012570	33013368
ENSG00000125386	4	2626988	2734292
ENSG00000215372	8	7213039	7243080
ENSG00000249452	4	33239861	33240292
ENSG00000249766	4	33402160	33402301
ENSG00000248417	4	33435132	33439499
ENSG00000230700	HSCHR6_MHC_DBB	31615195	31620303
ENSG00000265035	4	33538366	33538464
ENSG00000250954	4	33777969	34041515
ENSG00000222864	X	35074448	35074575
ENSG00000164331	5	72848160	72861511
ENSG00000177257	8	7272382	7274385
ENSG00000165060	9	71650175	71715094
ENSG00000251755	4	33786557	33786615
ENSG00000229347	X	35077044	35078091
ENSG00000145882	5	148737570	148749216
ENSG00000250723	4	33852213	33981558
ENSG00000252411	X	35612290	35612390
ENSG00000153002	3	148508889	148577974
ENSG00000177243	8	7286410	7287870
ENSG00000230227	X	35644247	35645181
ENSG00000151151	10	59951278	60027694
ENSG00000233663	X	35729028	35730059
ENSG00000239983	4	33969796	33970148
ENSG00000271088	X	35759717	35762699
ENSG00000100997	20	25275379	25371619
ENSG00000248685	4	34122516	34271369
ENSG00000233880	X	35779616	35780596
ENSG00000271519	X	35882975	35887748
ENSG00000164363	5	1225470	1246304
ENSG00000263814	4	34388376	34388459
ENSG00000206733	X	36040056	36040162
ENSG00000229384	X	36229213	36229752
ENSG00000250597	4	34659228	34671054
ENSG00000157782	12	121078355	121105127
ENSG00000226484	X	36383741	36458375
ENSG00000106399	7	7676149	7758238
ENSG00000178342	18	77623668	77660184
ENSG00000238694	4	34967863	34967966
ENSG00000233921	X	36392908	36393298
ENSG00000207612	10	29833933	29834026
ENSG00000250416	4	35489434	35491372
ENSG00000221729	X	36595470	36595565
ENSG00000212411	10	29864235	29864310
ENSG00000206665	4	35497520	35497625
ENSG00000249467	X	36737991	36738294
ENSG00000216035	10	29891193	29891275
ENSG00000248466	4	36066682	36067348
ENSG00000235510	X	36975986	36976212
ENSG00000225976	10	29986832	29987157
ENSG00000223723	X	36980269	36981498
ENSG00000247193	4	36245738	36275842
ENSG00000176160	17	56497528	56565745
ENSG00000164871	8	7300206	7321196
ENSG00000231069	X	37003596	37004166
ENSG00000222092	10	30000844	30000937
ENSG00000237936	10	30179961	30180396
ENSG00000251438	4	36312812	36394032
ENSG00000243048	X	37061096	37061650
ENSG00000200887	10	30588498	30588602
ENSG00000248215	4	36498159	36643522
ENSG00000230125	10	30590752	30591001
ENSG00000214071	X	37095924	37096474
ENSG00000251588	4	36507665	36510491
ENSG00000233810	X	37150420	37151479
ENSG00000261761	4	37003438	37022330
ENSG00000168899	2	85811531	85820535
ENSG00000065615	6	84569362	84677143
ENSG00000259994	10	30591755	30594995
ENSG00000247810	4	37080199	37127046
ENSG00000250833	10	30642635	30646294
ENSG00000196642	9	139702374	139735639
ENSG00000122490	18	77662420	77711664
ENSG00000264319	4	37243532	37243613
ENSG00000181585	3	46742823	46752376
ENSG00000248936	4	37589709	37590497
ENSG00000070193	5	44303646	44389808
ENSG00000207075	4	37701517	37701624
ENSG00000266414	HSCHR17_1	44046140	44046195
ENSG00000257348	HSCHR17_1	44153192	44153384
ENSG00000257565	HSCHR17_1	44449947	44450193
ENSG00000137497	11	71713910	71791739
ENSG00000257889	HSCHR17_1	44499892	44500132
ENSG00000257311	HSCHR17_1	44544030	44544362
ENSG00000268553	5	172036245	172036436
ENSG00000257305	HSCHR17_1	44560986	44561298
ENSG00000257468	HSCHR17_1	44588766	44589837
ENSG00000187682	X	48687283	48688548
ENSG00000198035	10	48189612	48237508
ENSG00000257537	HSCHR17_1	44811786	44811978
ENSG00000140836	16	72816784	73093597
ENSG00000265274	HSCHR17_1	44856602	44856882
ENSG00000214357	5	172068269	172118543
ENSG00000081320	2	196998290	197041227
ENSG00000102109	X	48689504	48694035
ENSG00000196262	7	44836279	44864163
ENSG00000050628	1	71318036	71513491
ENSG00000197910	10	48247669	48252143
ENSG00000177023	8	7327830	7332604
ENSG00000120129	5	172195093	172198198
ENSG00000146830	7	100277130	100287071
ENSG00000127743	5	148750887	148783765
ENSG00000085563	7	87133175	87342611
ENSG00000257153	HSCHR6_MHC_SSTO	28730511	28730618
ENSG00000066379	6	30026676	30032686
ENSG00000187082	8	7340026	7343922
ENSG00000118058	11	118307205	118397539
ENSG00000197445	16	73160536	73178346
ENSG00000136560	2	161993419	162092732
ENSG00000143578	1	153940010	153946839
ENSG00000140795	16	46740891	46824319
ENSG00000186599	8	7345191	7347115
ENSG00000166920	15	45722727	45740959
ENSG00000264253	HG883_PATCH	26833262	26865915
ENSG00000108587	17	28804380	28854610
ENSG00000144401	2	208445355	208490652
ENSG00000262464	HG883_PATCH	26674233	26684545
ENSG00000130787	12	123319000	123347507
ENSG00000262091	HG883_PATCH	26684670	26708716
ENSG00000140153	14	102605840	102691184
ENSG00000103035	16	74330673	74340186
ENSG00000090612	12	133707570	133783698
ENSG00000134343	11	26210829	26684835
ENSG00000173535	8	22941868	22974950
ENSG00000229006	HSCHR6_MHC_SSTO	28870844	28891821
ENSG00000241621	10	30653339	30663315
ENSG00000067221	15	74275547	74286963
ENSG00000232434	9	139738867	139741797
ENSG00000104154	15	45771809	45815005
ENSG00000113719	5	172261278	172379688
ENSG00000126768	X	48750730	48755426
ENSG00000220997	10	30653996	30654077
ENSG00000054148	9	139743176	139745488
ENSG00000168502	18	8705659	8832776
ENSG00000239625	10	30654962	30655247
ENSG00000214434	10	30669103	30669991
ENSG00000235679	10	30672329	30672551
ENSG00000165390	10	48255253	48279200
ENSG00000073584	17	38781214	38804760
ENSG00000224473	10	30692126	30692705
ENSG00000258589	HSCHR6_MHC_DBB	31616062	31622410
ENSG00000185246	14	45553302	45585485
ENSG00000155330	16	46830519	46865323
ENSG00000213778	10	30806545	30807790
ENSG00000244672	HSCHR6_MHC_DBB	31620339	31623736
ENSG00000158552	2	220059959	220074373
ENSG00000228800	10	30842783	30843412
ENSG00000173530	8	22993101	23021543
ENSG00000226742	18	77724561	77730822
ENSG00000239744	10	30844532	30844833
ENSG00000230298	10	30865628	30869111
ENSG00000230998	10	30944418	30946464
ENSG00000161542	17	74305567	74380602
ENSG00000234814	10	30960495	31006195
ENSG00000168140	16	4421849	4433529
ENSG00000132485	1	71528974	71546980
ENSG00000233566	HSCHR6_MHC_SSTO	28911713	28912373
ENSG00000107960	10	105642300	105677963
ENSG00000198129	8	7353368	7366833
ENSG00000100346	22	39966758	40085742
ENSG00000141759	18	77732867	77793949
ENSG00000177943	9	139745395	139755249
ENSG00000233831	HSCHR6_MHC_SSTO	28962690	28973114
ENSG00000198471	3	187416047	187420345
ENSG00000255251	8	7397150	7399972
ENSG00000104689	8	23047965	23082639
ENSG00000166123	16	46918290	46965209
ENSG00000105698	19	35759881	35770724
ENSG00000255378	8	7636113	7638935
ENSG00000065150	13	98605912	98676551
ENSG00000186572	8	7669242	7673238
ENSG00000101003	20	25388363	25433264
ENSG00000169550	11	26580580	26593780
ENSG00000228804	3	187420101	187451637
ENSG00000186562	8	7679488	7681411
ENSG00000135502	12	58013310	58019934
ENSG00000227639	HSCHR6_MHC_SSTO	29012010	29013037
ENSG00000226832	HSCHR6_MHC_SSTO	29054011	29055116
ENSG00000186579	8	7682694	7686575
ENSG00000112761	6	112375275	112392171
ENSG00000233618	HSCHR6_MHC_SSTO	29079695	29080630
ENSG00000176782	8	7693993	7698764
ENSG00000226000	HSCHR6_MHC_SSTO	29141342	29142382
ENSG00000119139	9	71736209	71870124
ENSG00000106034	7	120628731	120937498
ENSG00000169750	17	79989500	79992080
ENSG00000234195	HSCHR6_MHC_SSTO	29274499	29275615
ENSG00000178127	18	9102628	9134343
ENSG00000137285	6	3224495	3231964
ENSG00000206549	3	46753605	46854064
ENSG00000165521	14	89078775	89259096
ENSG00000227137	HSCHR6_MHC_SSTO	29323121	29399418
ENSG00000103423	16	4475806	4506776
ENSG00000261603	3	46761073	46777919
ENSG00000263411	HG883_PATCH	26687677	26687757
ENSG00000138411	2	197059094	197458416
ENSG00000265756	HG883_PATCH	26688623	26689881
ENSG00000250364	HSCHR6_MHC_SSTO	29340988	29417550
ENSG00000107223	9	139756571	139760738
ENSG00000148942	11	26688566	26744974
ENSG00000112996	5	44809027	44820530
ENSG00000266062	HG883_PATCH	26729129	26731068
ENSG00000130173	19	11348178	11352619
ENSG00000266234	HG883_PATCH	26732259	26733815
ENSG00000178287	8	7705398	7726389
ENSG00000266080	HG883_PATCH	26743941	26744511
ENSG00000225247	HSCHR6_MHC_SSTO	29364084	29365116
ENSG00000188086	3	46783582	46854048
ENSG00000147457	8	23101150	23119512
ENSG00000235441	HSCHR6_MHC_SSTO	29384748	29408405
ENSG00000172260	1	71861623	72748417
ENSG00000129810	3	20202085	20227784
ENSG00000198912	1	3805689	3816857
ENSG00000104164	15	45879321	45908197
ENSG00000163751	3	148583043	148614983
ENSG00000206376	HSCHR6_MHC_QBL	31837931	31855870
ENSG00000178055	3	46871032	46875585
ENSG00000223898	HSCHR6_MHC_SSTO	29392955	29424524
ENSG00000117748	1	28218035	28241257
ENSG00000267883	21	47183565	47190005
ENSG00000108389	17	56566898	56595266
ENSG00000268040	21	47347679	47352477
ENSG00000196436	16	74411776	74425978
ENSG00000113712	5	148871760	148931007
ENSG00000176971	11	27015628	27018630
ENSG00000196581	1	4714792	4852594
ENSG00000113916	3	187439165	187463515
ENSG00000160808	3	46899362	46923659
ENSG00000144230	2	128403439	128410213
ENSG00000229408	HSCHR6_MHC_SSTO	29424634	29431781
ENSG00000164338	5	72861268	72877794
ENSG00000121377	12	10954131	10955226
ENSG00000121314	12	10958650	10959892
ENSG00000121381	12	10961693	10962767
ENSG00000140839	16	74442529	74455368
ENSG00000129151	11	27062272	27149356
ENSG00000130167	19	11406824	11437672
ENSG00000127191	9	139776364	139821059
ENSG00000142156	21	47401651	47424964
ENSG00000044115	5	137946656	138270723
ENSG00000162620	1	74491699	74663871
ENSG00000231974	HSCHR6_MHC_MANN	31659685	31665479
ENSG00000164588	5	45259349	45696253
ENSG00000154358	1	228395831	228566577
ENSG00000111215	12	10977559	11324212
ENSG00000234507	HSCHR6_MHC_COX	32858771	32871622
ENSG00000237313	HSCHR6_MHC_MCF	28911820	28912480
ENSG00000105968	7	44866390	44887682
ENSG00000122873	10	60028818	60049346
ENSG00000228977	HSCHR6_MHC_MCF	29012143	29013170
ENSG00000267127	18	77794346	77854968
ENSG00000233687	HSCHR6_MHC_MCF	29054126	29055231
ENSG00000237284	HSCHR6_MHC_SSTO	29454148	29455412
ENSG00000069345	16	46989299	47007699
ENSG00000226931	HSCHR6_MHC_MCF	29068534	29069806
ENSG00000158571	X	54959394	55024967
ENSG00000230855	HSCHR6_MHC_MCF	29079818	29080591
ENSG00000196231	HSCHR6_MHC_MCF	29141459	29142499
ENSG00000204619	6	30034486	30038110
ENSG00000077044	2	234263153	234380750
ENSG00000112459	HSCHR6_MHC_MCF	29274637	29275753
ENSG00000126453	19	50168823	50177173
ENSG00000130768	1	28261504	28285668
ENSG00000112461	HSCHR6_MHC_MCF	29323244	29399524
ENSG00000168894	2	85822848	85824736
ENSG00000130226	7	153584182	154685995
ENSG00000204692	HSCHR6_MHC_MCF	29341124	29417657
ENSG00000131697	1	5922871	6052533
ENSG00000102103	X	48755195	48760420
ENSG00000143543	1	153946745	153950164
ENSG00000204690	HSCHR6_MHC_MCF	29364201	29365233
ENSG00000269295	9	71869331	71869642
ENSG00000164362	5	1253262	1295184
ENSG00000254685	1	74663896	74699770
ENSG00000153406	16	4511681	4545764
ENSG00000204689	HSCHR6_MHC_MCF	29384851	29408511
ENSG00000263062	HSCHR5_1_CTG1	68898377	68954986
ENSG00000010318	3	52444673	52457657
ENSG00000105514	19	11432722	11456946
ENSG00000138688	4	123073488	123283913
ENSG00000168916	5	123972608	124084500
ENSG00000072401	10	60094735	60130513
ENSG00000159069	9	139834887	139839148
ENSG00000261974	HG348_PATCH	94695787	94706777
