ENSG00000184991	Y	23745486	23756552
ENSG00000254778	HSCHR6_MHC_COX	32070086	32088232
ENSG00000222346	7	111593708	111593820
ENSG00000212582	16	53284742	53284835
ENSG00000234358	7	111611277	111612043
ENSG00000157827	2	153191751	153506348
ENSG00000181552	14	21236586	21239107
ENSG00000265635	12	128778637	128778723
ENSG00000261110	HG7_PATCH	142455848	142456363
ENSG00000225649	2	13106910	13147138
ENSG00000255093	11	111322064	111328876
ENSG00000202406	7	111928678	111929007
ENSG00000271123	Y	23793569	23793901
ENSG00000249947	5	112220791	112221442
ENSG00000205021	17	34623842	34625731
ENSG00000125845	20	6748311	6760927
ENSG00000226851	7	111968244	112049678
ENSG00000238895	12	128882977	128883067
ENSG00000257025	12	128884523	128889359
ENSG00000162894	1	207077731	207096592
ENSG00000226042	Y	23799361	23800927
ENSG00000226479	2	120978854	120980984
ENSG00000230999	7	112012702	112013784
ENSG00000204209	6	33286335	33297046
ENSG00000270067	5	112229030	112229698
ENSG00000228075	18	54814293	54817531
ENSG00000232922	7	112013788	112014305
ENSG00000138380	2	203776937	203851786
ENSG00000105404	19	42460833	42463542
ENSG00000151276	3	65339200	66024509
ENSG00000169413	14	21249210	21250626
ENSG00000236232	7	112014379	112015484
ENSG00000137707	11	111338251	111383079
ENSG00000180019	7	112086219	112086430
ENSG00000256630	12	128922323	128923751
ENSG00000182158	7	137559725	137686813
ENSG00000170581	12	56735381	56753939
ENSG00000230308	HSCHR6_MHC_APD	30302488	30322825
ENSG00000272389	5	112233720	112234068
ENSG00000237023	Y	23823812	23835894
ENSG00000177511	18	55018044	55038962
ENSG00000250600	5	10441402	10441904
ENSG00000266499	5	112241335	112241434
ENSG00000224406	3	186172771	186211450
ENSG00000246016	5	10479483	10482421
ENSG00000186666	12	50231573	50236912
ENSG00000129538	14	21269387	21271437
ENSG00000167113	9	131084815	131096351
ENSG00000244361	5	10488932	10489254
ENSG00000235017	HSCHR6_MHC_COX	31853114	31901001
ENSG00000221749	12	129154425	129154519
ENSG00000177694	3	174156363	175523428
ENSG00000255838	12	129428819	129429748
ENSG00000144118	2	120997640	121052289
ENSG00000232633	5	112658725	112772871
ENSG00000249166	5	10493403	10494206
ENSG00000249396	5	10493639	10502840
ENSG00000165637	10	76969912	76991206
ENSG00000256581	12	129497881	129501208
ENSG00000169435	4	74437267	74486348
ENSG00000250709	13	36742931	36871979
ENSG00000179163	1	24171567	24194784
ENSG00000201283	17	36267501	36267607
ENSG00000261056	16	53332136	53333704
ENSG00000270399	17	36333639	36333776
ENSG00000196557	16	1203241	1271771
ENSG00000207212	17	36387075	36387176
ENSG00000229370	2	13677798	13749293
ENSG00000134077	3	9404526	9428475
ENSG00000266103	17	36566042	36566302
ENSG00000251741	5	112829532	112829657
ENSG00000238645	16	53368474	53368576
ENSG00000196793	10	44051792	44070066
ENSG00000202193	16	53371365	53371483
ENSG00000064545	19	19229978	19249322
ENSG00000229416	Y	23839132	23843004
ENSG00000255048	11	124274130	124274998
ENSG00000119547	18	55102917	55158529
ENSG00000259962	16	53395931	53397590
ENSG00000260833	17	36606638	36608688
ENSG00000251628	5	113391703	113392871
ENSG00000174353	7	72440227	72476445
ENSG00000171700	20	62704534	62711323
ENSG00000230448	2	13850656	14541087
ENSG00000129515	14	35030300	35099389
ENSG00000255510	11	124330430	124331381
ENSG00000222706	5	113589210	113589451
ENSG00000069188	17	71330523	71640228
ENSG00000229386	11	124350895	124351819
ENSG00000137154	9	19375713	19380252
ENSG00000249196	12	129594174	129597839
ENSG00000260078	16	53398894	53406995
ENSG00000254646	11	124386207	124387138
ENSG00000255315	11	124401521	124401806
ENSG00000246316	5	113824694	114004107
ENSG00000254937	11	124408396	124409230
ENSG00000135472	12	50260679	50298000
ENSG00000214179	5	10541568	10541807
ENSG00000261804	16	53407405	53418657
ENSG00000255341	11	124471480	124472134
ENSG00000230029	Y	23858456	23860106
ENSG00000262714	16	53420856	53422997
ENSG00000206489	HSCHR6_MHC_QBL	30557688	30575899
ENSG00000226859	3	186194516	186196159
ENSG00000200278	11	124506355	124506488
ENSG00000110076	11	64373646	64490660
ENSG00000255045	11	124614530	124616233
ENSG00000250106	5	10627372	10628337
ENSG00000236524	3	186359299	186383496
ENSG00000252569	16	53477140	53477244
ENSG00000259926	16	53482660	53483502
ENSG00000250073	11	124629025	124635832
ENSG00000129625	5	112212084	112258236
ENSG00000225175	3	186405118	186410295
ENSG00000254509	11	124661124	124661556
ENSG00000227718	2	13863173	13898277
ENSG00000143420	1	150573327	150602088
ENSG00000226724	3	186416309	186426363
ENSG00000245498	11	124670346	124704383
ENSG00000251542	5	113911738	113915667
ENSG00000157450	15	59157374	59389618
ENSG00000115317	2	74756504	74760472
ENSG00000254941	11	124677718	124678165
ENSG00000173898	11	66452719	66496697
ENSG00000251132	5	114366970	114367591
ENSG00000197099	3	186435038	186478330
ENSG00000215942	11	124712964	124713043
ENSG00000242715	13	36801182	36871977
ENSG00000254568	11	124753587	124757685
ENSG00000251196	5	10652323	10656037
ENSG00000203306	11	124958377	124960411
ENSG00000250242	5	114423589	114424172
ENSG00000149930	16	29984962	30003582
ENSG00000066926	18	55215515	55254004
ENSG00000187686	11	124983057	124996677
ENSG00000114125	3	141457046	141466402
ENSG00000272016	5	10654332	10657928
ENSG00000183644	11	111385510	111407756
ENSG00000258796	14	67227250	67227736
ENSG00000078674	8	17780349	17885478
ENSG00000085511	6	161412759	161538417
ENSG00000250472	5	114484461	114485341
ENSG00000255475	11	125002743	125009483
ENSG00000235150	10	90545357	90546818
ENSG00000244405	3	185764097	185828107
ENSG00000125510	20	62711526	62731996
ENSG00000254880	11	125028357	125034505
ENSG00000258490	14	67435755	67436533
ENSG00000249791	5	114524260	114524629
ENSG00000228454	HSCHR6_MHC_SSTO	31974391	31995048
ENSG00000259290	11	125058011	125061300
ENSG00000234256	10	90636207	90637301
ENSG00000251859	2	14414746	14414849
ENSG00000258988	14	67665779	67667044
ENSG00000248175	5	114539713	114541943
ENSG00000163914	3	129247483	129254012
ENSG00000199755	14	67806785	67806893
ENSG00000224946	7	33316446	33316703
ENSG00000198298	10	44101855	44113351
ENSG00000228505	2	14756552	14770316
ENSG00000238090	7	33419576	33420498
ENSG00000227481	7	33769904	33771676
ENSG00000154035	17	21142183	21156722
ENSG00000271797	5	114598202	114599145
ENSG00000182965	7	112160543	112161725
ENSG00000044446	X	18910418	19002716
ENSG00000236494	7	33832780	33842768
ENSG00000198677	5	94799599	94890711
ENSG00000223646	7	112262433	112348135
ENSG00000114383	3	50357458	50365682
ENSG00000233219	7	33908113	33913843
ENSG00000251548	5	10664607	10665225
ENSG00000243304	5	114600366	114601161
ENSG00000177076	9	19408925	19452018
ENSG00000105402	19	47990894	48018497
ENSG00000250197	5	114624733	114625027
ENSG00000225358	7	112375221	112378748
ENSG00000162896	1	207101863	207119811
ENSG00000249026	5	114725340	114728067
ENSG00000222776	14	22248785	22248866
ENSG00000158553	6	27253682	27279949
ENSG00000174444	15	66790355	66816870
ENSG00000256474	14	22297692	22298223
ENSG00000109534	4	110736666	110745893
ENSG00000272324	5	10761177	10770406
ENSG00000265993	14	67908572	67908647
ENSG00000256379	14	22371257	22371778
ENSG00000259502	14	68077703	68080581
ENSG00000200703	3	87791693	87791799
ENSG00000248722	5	114738077	114738659
ENSG00000146070	6	46671938	46703430
ENSG00000221059	3	87959370	87959495
ENSG00000258482	14	22418629	22418877
ENSG00000249944	5	114825331	114825628
ENSG00000241535	3	88144558	88145118
ENSG00000258557	14	22431047	22431270
ENSG00000259648	14	68081646	68083343
ENSG00000249433	5	114829254	114829518
ENSG00000242159	3	88366306	88368172
ENSG00000176635	22	30476163	30573064
ENSG00000188822	1	24197016	24285549
ENSG00000258705	14	22480149	22483203
ENSG00000264333	19	58822283	58822368
ENSG00000235127	2	15026771	15047788
ENSG00000257411	12	56495115	56503073
ENSG00000269794	19	58830643	58831855
ENSG00000201741	17	17363758	17363836
ENSG00000229087	2	15537559	15537906
ENSG00000166922	15	32933877	32989299
ENSG00000225073	HSCHR6_MHC_COX	31485454	31501810
ENSG00000265511	17	17410665	17411622
ENSG00000250444	5	114847774	114849391
ENSG00000250576	5	10775170	10777174
ENSG00000206730	17	17481945	17482053
ENSG00000124613	6	27342394	27371683
ENSG00000264666	17	17494742	17513799
ENSG00000268230	19	58858220	58874117
ENSG00000171695	20	62714733	62715712
ENSG00000201529	14	68084019	68084132
ENSG00000223979	17	17577340	17581002
ENSG00000258626	14	68119017	68119331
ENSG00000234022	2	15704294	15713992
ENSG00000178804	3	129262057	129270310
ENSG00000249249	5	114937754	114956356
ENSG00000163517	3	13521224	13547916
ENSG00000141736	17	37844167	37886679
ENSG00000237328	17	17662468	17674135
ENSG00000189266	1	24285599	24289952
ENSG00000241779	HSCHR6_MHC_APD	30321146	30322899
ENSG00000207312	5	11027312	11027419
ENSG00000226746	17	17680000	17682843
ENSG00000264167	17	17681095	17682408
ENSG00000212305	5	12297511	12297616
ENSG00000263647	17	62758030	62758828
ENSG00000166930	11	60197062	60222687
ENSG00000242038	HSCHR6_MHC_COX	32080837	32084535
ENSG00000207839	17	17717150	17717245
ENSG00000224194	2	15808808	15820608
ENSG00000125522	20	62737173	62738524
ENSG00000197815	17	17761583	17762295
ENSG00000173905	3	167726465	167813763
ENSG00000265982	17	62774960	62775055
ENSG00000198380	2	69546905	69614382
ENSG00000148826	10	134598297	134599556
ENSG00000151576	3	113724680	113807269
ENSG00000249021	5	115027159	115027864
ENSG00000268895	19	58859117	58866549
ENSG00000230273	17	17884506	17884886
ENSG00000248783	5	12554002	12574749
ENSG00000155886	9	19507450	19786926
ENSG00000152939	5	68710939	68740157
ENSG00000154237	15	101459420	101610317
ENSG00000201378	17	17904415	17904509
ENSG00000167114	9	131102925	131123749
ENSG00000232344	17	17913957	17915136
ENSG00000248709	5	115091341	115091983
ENSG00000141161	17	33474836	33516364
ENSG00000237326	2	15941871	15951001
ENSG00000251118	5	115106283	115106686
ENSG00000238634	14	22610887	22610964
ENSG00000214176	17	62775377	62833272
ENSG00000258835	14	22623012	22623571
ENSG00000222598	5	115110016	115110199
ENSG00000238691	17	18049866	18049969
ENSG00000248131	5	12574969	12804475
ENSG00000266677	17	18075939	18088067
ENSG00000174093	17	36337717	36421858
ENSG00000068028	3	50367219	50378411
ENSG00000096654	6	27418522	27440897
ENSG00000248295	5	115310210	115311972
ENSG00000268275	6	41653964	41654127
ENSG00000268049	19	58869365	58870969
ENSG00000269054	19	58873951	58877958
ENSG00000165832	10	116697952	116737430
ENSG00000202160	2	16005059	16005175
ENSG00000105409	19	42470734	42501649
ENSG00000252211	19	58874805	58874929
ENSG00000266640	19	58898137	58898225
ENSG00000128342	22	30636436	30642840
ENSG00000180245	4	110749150	110765760
ENSG00000268307	19	58911588	58912046
ENSG00000221778	5	115365715	115365808
ENSG00000220996	5	115378868	115378958
ENSG00000232098	19	58915605	58919851
ENSG00000214657	2	16010063	16010367
ENSG00000196132	20	62783144	62873604
ENSG00000185641	5	115387607	115387986
ENSG00000238371	2	16043792	16043895
ENSG00000171928	17	18684308	18710027
ENSG00000039600	5	157052687	157098488
ENSG00000130508	2	1635659	1748624
ENSG00000264921	5	12599735	12599812
ENSG00000268543	19	58929927	58930677
ENSG00000096088	6	41704449	41721847
ENSG00000268912	19	58939999	58942515
ENSG00000262655	HG256_PATCH	13984236	14289351
ENSG00000034152	17	21187984	21218552
ENSG00000269473	19	58951815	58957216
ENSG00000223850	2	16060521	16076139
ENSG00000269106	19	58986722	58987130
ENSG00000163083	2	121103719	121109384
ENSG00000252334	19	58995116	58995210
ENSG00000156738	11	60223225	60238233
ENSG00000204381	11	111411005	111432264
ENSG00000265272	19	59002214	59002488
ENSG00000251112	5	12794212	12794843
ENSG00000162897	1	207131310	207143970
ENSG00000264910	19	59054670	59054945
ENSG00000226763	19	44100769	44118649
ENSG00000272265	5	115413807	115414267
ENSG00000267858	19	59070496	59086164
ENSG00000099985	22	30658818	30662829
ENSG00000263804	17	62813308	62813597
ENSG00000271918	5	115419504	115421113
ENSG00000103067	16	68263014	68272005
ENSG00000252242	17	62821883	62821937
ENSG00000144028	2	96940074	96971297
ENSG00000272400	17	62843504	62843846
ENSG00000264840	17	62867622	62867902
ENSG00000138182	10	91461367	91534700
ENSG00000260647	17	18171394	18172142
ENSG00000249053	5	12794843	12795634
ENSG00000272134	17	62877209	62877299
ENSG00000205838	5	34838938	34899561
ENSG00000225543	HSCHR6_MHC_DBB	31072775	31074111
ENSG00000185130	6	27775257	27775709
ENSG00000272220	17	62888846	62888963
ENSG00000228000	17	18215218	18215965
ENSG00000233718	2	16061159	16082371
ENSG00000265218	17	62888847	62906298
ENSG00000237382	17	18216074	18216847
ENSG00000212457	5	115524152	115524249
ENSG00000268194	2	121221911	121223697
ENSG00000232916	5	115553723	115553992
ENSG00000213753	19	59084870	59111168
ENSG00000109101	17	26833261	26865914
ENSG00000267350	17	18227536	18229211
ENSG00000250015	5	115638051	115639831
ENSG00000131116	19	44111371	44124026
ENSG00000262489	HG256_PATCH	14299511	14386053
ENSG00000226976	6	37012607	37013177
ENSG00000264177	17	18283169	18292298
ENSG00000185710	16	21890659	21930477
ENSG00000233439	HSCHR6_MHC_DBB	31076302	31101556
ENSG00000267441	17	18292185	18292773
ENSG00000256121	5	115780104	115780830
ENSG00000204471	17	18296794	18304275
ENSG00000266644	17	62895884	62896834
ENSG00000262307	HG256_PATCH	14156533	14156647
ENSG00000262344	HG256_PATCH	14284393	14295238
ENSG00000128805	10	49654077	49864310
ENSG00000231187	10	46951472	46966835
ENSG00000137193	6	37137979	37143202
ENSG00000206412	HSCHR6_MHC_APD	30517400	30529581
ENSG00000248445	5	115783243	115843972
ENSG00000134762	18	28569974	28622781
ENSG00000105767	19	44126520	44143991
ENSG00000180139	10	90692400	90700368
ENSG00000197822	5	68788119	68853931
ENSG00000268784	19	59093391	59093976
ENSG00000269032	19	59097525	59097723
ENSG00000223477	10	47011753	47174018
ENSG00000171843	9	20341663	20622542
ENSG00000261438	10	90775593	90776816
ENSG00000272474	14	101404524	101404601
ENSG00000239282	22	30681106	30685616
ENSG00000248457	5	12914180	13032998
ENSG00000269600	19	59105263	59110722
ENSG00000258869	14	98215601	98230326
ENSG00000109572	4	170533784	170644824
ENSG00000252144	14	101405405	101405475
ENSG00000269084	Y	21737895	21738068
ENSG00000238991	10	90820788	90820888
ENSG00000213412	10	47133338	47133898
ENSG00000200215	14	101405893	101405968
ENSG00000265375	10	90823092	90823168
ENSG00000186891	1	1138888	1142071
ENSG00000122641	7	41724712	41742706
ENSG00000255866	12	65953371	65954669
ENSG00000249048	14	22645170	22645761
ENSG00000251918	14	101406904	101406974
ENSG00000233292	10	90898801	90899215
ENSG00000200632	14	101407463	101407539
ENSG00000258905	14	22653458	22653953
ENSG00000270369	10	47174442	47174739
ENSG00000256268	12	65996649	66006777
ENSG00000200367	14	101409788	101409861
ENSG00000258812	14	22658052	22658607
ENSG00000057657	6	106534195	106557814
ENSG00000224919	10	47186203	47192185
ENSG00000260181	HG79_PATCH	136236984	136251634
ENSG00000071203	11	60260251	60274903
ENSG00000118156	19	48023942	48059113
ENSG00000259068	14	22733632	22734147
ENSG00000197262	17	34639793	34641846
ENSG00000222717	5	13174877	13174960
ENSG00000264157	2	97464015	97464090
ENSG00000167580	12	50344524	50352664
ENSG00000254929	10	47207805	47243502
ENSG00000248145	5	13175958	13179684
ENSG00000133104	13	36875775	36944317
ENSG00000273265	2	97477976	97479394
ENSG00000242608	5	13250347	13250774
ENSG00000244253	19	40079595	40079765
ENSG00000248462	5	13553763	13554075
ENSG00000252845	2	97622445	97622552
ENSG00000252877	10	47222341	47222456
ENSG00000092531	15	42783431	42837547
ENSG00000109103	17	26873725	26879686
ENSG00000182557	17	4336983	4391503
ENSG00000243581	19	40081621	40081791
ENSG00000143919	2	44589089	44999731
ENSG00000238760	2	97647019	97647121
ENSG00000116176	16	1271651	1275257
ENSG00000074047	2	121493199	121750229
ENSG00000248134	2	97684080	97684341
ENSG00000243744	5	13638028	13638490
ENSG00000251079	10	47228366	47241942
ENSG00000014138	11	65029233	65073060
ENSG00000182795	1	207191866	207206101
ENSG00000239320	19	40088472	40088642
ENSG00000183423	4	110769358	110793471
ENSG00000239528	5	115898258	115898626
ENSG00000236212	7	34249138	34295955
ENSG00000251423	5	13860447	13897880
ENSG00000107518	10	116853124	117708503
ENSG00000133246	19	8554940	8567996
ENSG00000202431	7	34337108	34337210
ENSG00000269519	19	40121940	40122086
ENSG00000265985	7	34352562	34352657
ENSG00000243541	2	16090812	16091103
ENSG00000246223	14	98391947	98444461
ENSG00000268153	19	40129325	40133041
ENSG00000167118	9	131133598	131153015
ENSG00000177666	11	818902	825573
ENSG00000263632	12	108193412	108193497
ENSG00000248791	5	14620129	14621422
ENSG00000144188	2	97691718	97697373
ENSG00000215601	Y	8148239	8150250
ENSG00000204979	11	60282886	60310194
ENSG00000230930	HSCHR6_MHC_DBB	33108368	33138186
ENSG00000257141	12	108226635	108228807
ENSG00000197085	7	34386124	34911194
ENSG00000224634	Y	8218972	8220184
ENSG00000226764	2	16137171	16203007
ENSG00000268243	19	40135142	40135252
ENSG00000257398	12	108233068	108258339
ENSG00000111300	12	112464500	112546826
ENSG00000271974	17	62902001	62902136
ENSG00000250526	5	14639535	14641127
ENSG00000109618	4	25121627	25162204
ENSG00000079102	8	92967203	93115514
ENSG00000249167	5	115910178	115927094
ENSG00000263620	17	8054134	8066293
ENSG00000011422	19	44150247	44174699
ENSG00000263538	3	139213460	139213543
ENSG00000197253	16	1277272	1280214
ENSG00000264057	17	62923752	62930321
ENSG00000214280	3	139301770	139302435
ENSG00000203880	20	62887094	62926855
ENSG00000258119	12	38937979	38983614
ENSG00000214562	10	89117425	89130452
ENSG00000265130	17	36757302	36758954
ENSG00000236289	2	16190549	16225923
ENSG00000186827	1	1146706	1149518
ENSG00000257718	12	39300253	39303394
ENSG00000265081	17	36777453	36777733
ENSG00000180667	1	207217194	207226325
ENSG00000197575	5	116051929	116052387
ENSG00000137776	15	59171244	59225852
ENSG00000252801	12	39307042	39307128
ENSG00000265930	17	36858515	36858584
ENSG00000257586	12	39388605	39390684
ENSG00000261005	17	36858705	36861000
ENSG00000266155	17	62932603	62936347
ENSG00000166923	15	33010175	33026870
ENSG00000220205	17	8062467	8066864
ENSG00000266040	17	36859733	36862514
ENSG00000171811	10	134621896	134756327
ENSG00000227222	HSCHR6_MHC_APD	30635497	30649062
ENSG00000272346	17	62936700	62937105
ENSG00000257237	12	39451830	39453735
ENSG00000263975	17	36871581	36876525
ENSG00000234520	7	112594701	112635689
ENSG00000259851	HG7_PATCH	142461162	142461662
ENSG00000232457	17	62936720	62952664
ENSG00000230343	2	97700179	97700443
ENSG00000266632	17	36875944	36876001
ENSG00000251311	5	116078687	116097905
ENSG00000250182	5	14652047	14653438
ENSG00000258144	12	39481515	39486676
ENSG00000200115	17	36888055	36888173
ENSG00000252278	17	36911532	36911653
ENSG00000168137	3	9439299	9520924
ENSG00000235379	7	34750369	34751092
ENSG00000261450	HG7_PATCH	142480719	142481407
ENSG00000225457	7	112740718	112786385
ENSG00000237123	HSCHR6_MHC_DBB	31076642	31081981
ENSG00000064489	19	19256376	19302967
ENSG00000270718	12	39564448	39564682
ENSG00000188529	1	24291294	24307417
ENSG00000252974	12	39836850	39836918
ENSG00000010282	3	42734155	42744319
ENSG00000186765	17	79495422	79504156
ENSG00000265912	17	62939380	62947172
ENSG00000122966	12	120123595	120315095
ENSG00000270997	7	113055744	113056377
ENSG00000004399	3	129274018	129325661
ENSG00000272006	17	62947616	62947727
ENSG00000236580	7	113937169	113937484
ENSG00000236847	2	97701198	97703286
ENSG00000187658	5	157098561	157107151
ENSG00000236989	2	16225344	16245963
ENSG00000261473	HG7_PATCH	142489985	142493589
ENSG00000214174	17	62962668	62971694
ENSG00000230356	7	34789865	34791665
ENSG00000120664	13	36920568	36943738
ENSG00000223955	Y	8231577	8232000
ENSG00000205584	7	72440345	72442258
ENSG00000224595	7	114054299	114059930
ENSG00000138798	4	110834040	110933422
ENSG00000012817	Y	21865751	21906825
ENSG00000114124	3	141496990	141537332
ENSG00000234179	Y	8232073	8233191
ENSG00000202334	7	114253842	114253961
ENSG00000242653	7	34793036	34793333
ENSG00000201950	14	101411986	101412057
ENSG00000266229	7	114269910	114270011
ENSG00000261360	5	14661917	14664713
ENSG00000251802	7	34932029	34932161
ENSG00000182793	6	52696453	52710893
ENSG00000272230	7	114293400	114293510
ENSG00000221669	7	34980372	34980446
ENSG00000135953	2	103332299	103353347
ENSG00000233607	7	114701591	114871409
ENSG00000113272	5	157158205	157168456
ENSG00000189212	7	35119601	35225934
ENSG00000225535	7	114719012	114766368
ENSG00000161798	12	50355653	50359464
ENSG00000160469	19	55793440	55823901
ENSG00000133250	19	8575462	8579048
ENSG00000174564	3	136665072	136729927
ENSG00000248751	22	30681227	30695471
ENSG00000217455	7	3179868	3214287
ENSG00000229061	HSCHR6_MHC_DBB	30584860	30604840
ENSG00000172738	6	37179956	37225931
ENSG00000262739	HG7_PATCH	142531859	142535452
ENSG00000226962	7	114776529	114777274
ENSG00000112033	6	35310335	35395968
ENSG00000238712	16	21900888	21900991
ENSG00000112425	6	145822719	146057160
ENSG00000257408	16	21950186	21956451
ENSG00000199764	7	114847948	114848050
ENSG00000244565	7	115143421	115144135
ENSG00000228712	HSCHR6_MHC_COX	33094049	33096234
ENSG00000271315	2	16330519	16330662
ENSG00000248905	15	33057747	33486897
ENSG00000026652	6	161551011	161695093
ENSG00000202377	7	115221369	115221496
ENSG00000260395	16	22009631	22010977
ENSG00000078808	1	1152288	1167411
ENSG00000167861	17	72946838	72969261
ENSG00000133101	13	37005967	37017019
ENSG00000176605	14	99177950	99184098
ENSG00000167123	9	131174030	131199626
ENSG00000143457	1	150618701	150669630
ENSG00000260277	16	22094577	22103552
ENSG00000069849	3	141594966	141645356
ENSG00000251704	2	16380471	16380563
ENSG00000226041	2	16383698	16385494
ENSG00000138829	5	127593601	127994878
ENSG00000065970	12	8185299	8208099
ENSG00000255743	20	172864	172940
ENSG00000203624	HSCHR6_MHC_QBL	30574996	30583682
ENSG00000232127	HSCHR6_MHC_DBB	31099052	31100868
ENSG00000272874	20	247827	249498
ENSG00000172236	16	1290697	1292555
ENSG00000247315	20	278214	280961
ENSG00000228876	2	16405315	16410408
ENSG00000063169	19	48111453	48206533
ENSG00000262134	HG7_PATCH	142552587	142554261
ENSG00000225377	20	300957	328868
ENSG00000149798	11	65082289	65089900
ENSG00000266598	17	63048027	63049426
ENSG00000230341	HSCHR6_MHC_APD	30652415	30663921
ENSG00000206797	20	431307	431406
ENSG00000263470	17	63096930	63107176
ENSG00000261830	HG7_PATCH	142557258	142557307
ENSG00000101278	20	820090	820620
ENSG00000086159	12	50360977	50370922
ENSG00000261339	HG7_PATCH	142557453	142557503
ENSG00000249485	5	14797234	14798509
ENSG00000265883	17	63181437	63181600
ENSG00000259960	HG7_PATCH	142557590	142557635
ENSG00000265189	17	63416701	63416778
ENSG00000272253	14	68123822	68123928
ENSG00000260535	HG7_PATCH	142557740	142557788
ENSG00000263520	17	63453659	63454526
ENSG00000271587	17	63640426	63640735
ENSG00000261119	HG7_PATCH	142557891	142557940
ENSG00000166508	7	99690351	99699563
ENSG00000215388	20	1141228	1142341
ENSG00000270870	17	63651032	63651513
ENSG00000177685	11	826144	831991
ENSG00000260373	HG7_PATCH	142558012	142558059
ENSG00000231266	2	16408295	16409462
ENSG00000266707	17	64193811	64194356
ENSG00000234684	20	1306049	1359378
ENSG00000260712	HG7_PATCH	142558132	142558184
ENSG00000123836	1	207222801	207254369
ENSG00000260783	HG7_PATCH	142558349	142558395
ENSG00000264792	5	14826038	14826121
ENSG00000124449	19	44220162	44224173
ENSG00000260881	HG7_PATCH	142561934	142563641
ENSG00000232444	2	16497592	16500834
ENSG00000175018	10	127265091	127371713
ENSG00000199575	14	101416170	101416241
ENSG00000200823	14	101418193	101418270
ENSG00000255991	12	39860244	39861147
ENSG00000272057	5	14872441	14872822
ENSG00000131203	8	39759794	39785963
ENSG00000201839	14	101419686	101419760
ENSG00000168827	3	158362067	158410364
ENSG00000200832	14	101420711	101420785
ENSG00000261262	HG7_PATCH	142573479	142574292
ENSG00000199798	14	101421707	101421776
ENSG00000224400	2	16535524	16613970
ENSG00000133808	11	12297627	12380691
ENSG00000200150	14	101422577	101422649
ENSG00000201263	14	101423503	101423574
ENSG00000221996	11	4388493	4389616
ENSG00000131873	15	101715928	101792137
ENSG00000133884	11	65101225	65120720
ENSG00000249928	5	14874509	14874820
ENSG00000270273	12	39933383	39933653
ENSG00000229728	20	1342266	1343229
ENSG00000177565	3	176737143	176915261
ENSG00000146555	7	3341080	4308632
ENSG00000232018	14	101426846	101433377
ENSG00000223082	12	40200897	40200976
ENSG00000266085	20	1469195	1469292
ENSG00000196747	6	27775899	27776429
ENSG00000179029	17	8076555	8079717
ENSG00000199571	12	40213552	40213685
ENSG00000242324	20	1497405	1538299
ENSG00000229014	12	40462045	40462392
ENSG00000099992	22	30687979	30723035
ENSG00000250662	5	14877776	14878028
ENSG00000099250	10	33466420	33625190
ENSG00000260943	12	40534728	40536678
ENSG00000199390	14	101429391	101429467
ENSG00000223914	12	40550041	40561509
ENSG00000201240	14	101432366	101432437
ENSG00000252103	20	1509702	1509805
ENSG00000200279	14	101433389	101433460
ENSG00000271523	20	1572038	1572494
ENSG00000271417	14	101433989	101452987
ENSG00000225342	12	40579811	40617605
ENSG00000237914	20	1614154	1629118
ENSG00000149929	16	30003645	30007757
ENSG00000103066	16	68279207	68294961
ENSG00000229899	12	40680091	40680464
ENSG00000134440	18	55267888	55289445
ENSG00000258167	12	40789655	40837649
ENSG00000170515	12	56498103	56507691
ENSG00000249150	5	116156689	116165883
ENSG00000207492	12	40947963	40948069
ENSG00000223750	20	1645929	1688846
ENSG00000257680	12	41122613	41123699
ENSG00000200608	14	101434448	101434522
ENSG00000057663	6	106632351	106773666
ENSG00000270748	2	97712325	97712628
ENSG00000168875	3	137483579	137484396
ENSG00000257228	12	41803269	41867312
ENSG00000237633	2	16704444	16710655
ENSG00000120049	10	103585731	103603677
ENSG00000115318	2	74759541	74782817
ENSG00000206355	HSCHR6_MHC_DBB	31103949	31119721
ENSG00000242348	20	1647006	1647284
ENSG00000138180	10	95256389	95288849
ENSG00000220161	17	18314473	18317694
ENSG00000250650	5	116355244	116355375
ENSG00000260195	HG7_PATCH	142615936	142632056
ENSG00000236550	20	1657308	1657553
ENSG00000056050	4	170650616	170679104
ENSG00000271402	2	97716466	97716765
ENSG00000224080	3	37185003	37185449
ENSG00000106571	7	42000548	42277469
ENSG00000202270	14	101435285	101435359
ENSG00000252364	12	42052478	42052595
ENSG00000234282	20	1702691	1703183
ENSG00000228854	HSCHR6_MHC_APD	30664073	30667446
ENSG00000258239	12	42092297	42092984
ENSG00000223536	2	16909391	16948822
ENSG00000205266	17	18319042	18328411
ENSG00000257858	12	42093193	42094053
ENSG00000212036	5	14910667	14910749
ENSG00000271461	20	1737402	1739586
ENSG00000250949	5	116366896	116374265
ENSG00000171860	12	8210898	8219067
ENSG00000095917	16	1306060	1308532
ENSG00000271993	3	37223598	37224225
ENSG00000170145	11	111473115	111601577
ENSG00000250247	5	14960341	14961502
ENSG00000257784	12	42157991	42159383
ENSG00000180440	13	37248049	37271976
ENSG00000232528	20	1748603	1760641
ENSG00000105771	19	44235301	44259142
ENSG00000158089	2	31133333	31378068
ENSG00000231449	3	37237695	37238157
ENSG00000204670	2	97725682	97726152
ENSG00000024422	19	48216600	48246391
ENSG00000066405	3	137717577	137752494
ENSG00000257239	12	42223700	42326394
ENSG00000134755	18	28645940	28682378
ENSG00000238929	3	37238232	37238335
ENSG00000271653	3	37258270	37259479
ENSG00000270194	3	37283280	37285668
ENSG00000205318	6	10633993	10647501
ENSG00000133111	13	37393361	37403241
ENSG00000176354	3	37283303	37285686
ENSG00000224604	2	17035087	17036551
ENSG00000230839	20	1784662	1798252
ENSG00000261630	16	54015141	54015824
ENSG00000257128	12	42305058	42306014
ENSG00000230409	3	37317087	37318089
ENSG00000266162	17	18321509	18321620
ENSG00000263791	17	36982091	36982145
ENSG00000243758	5	116636800	116637138
ENSG00000260194	16	54032225	54033881
ENSG00000240279	17	18324133	18328200
ENSG00000252699	17	37007777	37007912
ENSG00000271379	12	42463737	42464427
ENSG00000233896	20	1927892	1988163
ENSG00000261049	16	54067909	54088495
ENSG00000199293	17	37009116	37009247
ENSG00000222208	3	37383140	37383257
ENSG00000244086	17	37011567	37011923
ENSG00000237670	2	17151301	17155764
ENSG00000239105	3	37614642	37614704
ENSG00000260936	16	54073305	54074638
ENSG00000227663	20	2056201	2056468
ENSG00000202269	5	15110895	15111029
ENSG00000263466	17	37059957	37060853
ENSG00000222842	2	17304108	17304407
ENSG00000263452	20	2137858	2137927
ENSG00000265784	17	37075054	37078022
ENSG00000248663	5	116751205	116881993
ENSG00000214696	16	54146970	54148378
ENSG00000226644	20	2187863	2193797
ENSG00000166959	11	60467047	60483284
ENSG00000263874	17	37081421	37084310
ENSG00000259759	16	54273605	54274566
ENSG00000179761	17	27277531	27384234
ENSG00000127152	14	99635624	99737861
ENSG00000249332	5	15112486	15117116
ENSG00000235257	3	37786923	37903271
ENSG00000212643	5	112227313	112228791
ENSG00000261803	16	54399919	54404611
ENSG00000265428	17	37152576	37152877
ENSG00000214843	2	17465559	17466162
ENSG00000188352	9	20658308	20995954
ENSG00000229725	Y	24017478	24019697
ENSG00000207305	20	2433656	2433763
ENSG00000170417	2	103353367	103460352
ENSG00000251806	20	2443608	2443683
ENSG00000266588	17	37159501	37169285
ENSG00000251618	Y	24041541	24043706
ENSG00000243566	7	76139745	76648340
ENSG00000221062	20	2633423	2633488
ENSG00000248486	5	15192248	15266650
ENSG00000188383	2	97746835	97748986
ENSG00000221116	20	2634858	2634932
ENSG00000185345	6	161768452	163148803
ENSG00000120693	13	37418968	37494902
ENSG00000266013	17	37182968	37183363
ENSG00000237649	6	33359313	33377701
ENSG00000227444	Y	24065082	24067253
ENSG00000271798	20	2635713	2635844
ENSG00000261113	16	22298029	22300059
ENSG00000264079	16	54583215	54583308
ENSG00000212498	20	2636743	2636828
ENSG00000261171	16	54881159	54882145
ENSG00000203813	6	27777842	27778314
ENSG00000229686	20	2637270	2637340
ENSG00000236348	2	17566358	17567684
ENSG00000226572	20	2637585	2637656
ENSG00000158106	8	144451057	144466390
ENSG00000038210	4	25162263	25280714
ENSG00000228293	20	2644998	2646520
ENSG00000260635	16	22376442	22380368
ENSG00000214553	17	37183530	37209458
ENSG00000251477	5	117054935	117057792
ENSG00000180344	20	2677351	2677781
ENSG00000260790	16	22386180	22389501
ENSG00000131871	15	101811022	101817705
ENSG00000226217	20	2761260	2761687
ENSG00000245694	16	54952775	54963101
ENSG00000085276	3	168801287	169381406
ENSG00000212455	2	18221872	18221999
ENSG00000230872	16	22393757	22418749
ENSG00000201247	14	101436216	101436289
ENSG00000263905	20	3074861	3075153
ENSG00000182611	6	27782112	27782607
ENSG00000199593	14	101438440	101438514
ENSG00000235958	20	3087559	3131513
ENSG00000242421	2	97766321	97766609
ENSG00000201557	14	101439007	101439078
ENSG00000248834	5	15384329	15384962
ENSG00000270187	2	97987331	97987617
ENSG00000199914	14	101439932	101440001
ENSG00000204262	2	189896622	190044605
ENSG00000257951	12	108275019	108277159
ENSG00000226529	Y	8239704	8240071
ENSG00000257122	16	22430090	22449036
ENSG00000266792	20	3261065	3261355
ENSG00000257392	12	108281507	108283663
ENSG00000249582	5	117114521	117115227
ENSG00000201294	20	3340683	3340789
ENSG00000228696	17	44352150	44439130
ENSG00000188452	2	182401403	182545392
ENSG00000226632	20	3342527	3342971
ENSG00000234850	Y	8240282	8240751
ENSG00000266048	17	37190179	37190295
ENSG00000173825	11	65122238	65125084
ENSG00000201346	20	3364876	3365086
ENSG00000271226	2	97996726	97997025
ENSG00000266355	20	3384863	3384932
ENSG00000260331	2	18728652	18729470
ENSG00000263818	17	37213272	37269443
ENSG00000196374	6	27782822	27783267
ENSG00000225116	20	3445824	3446091
ENSG00000257426	12	108293415	108293592
ENSG00000214782	11	60496789	60511685
ENSG00000230568	20	3470176	3471652
ENSG00000258072	12	108297047	108297725
ENSG00000249797	5	117260703	117601730
ENSG00000227830	Y	8281078	8282095
ENSG00000157538	21	38595721	38640262
ENSG00000264957	20	3487654	3487759
ENSG00000213999	19	19256377	19303400
ENSG00000207170	2	18764633	18764734
ENSG00000229539	20	3868886	3869515
ENSG00000108788	17	40719086	40725257
ENSG00000257129	12	108304180	108306397
ENSG00000199024	20	3898141	3898218
ENSG00000259711	16	54968825	54988577
ENSG00000224626	2	18966073	18969018
ENSG00000197238	6	27791884	27792257
ENSG00000207316	3	88480341	88480459
ENSG00000259725	16	54971698	54972583
ENSG00000242365	3	88650211	88650552
ENSG00000226608	20	4004552	4005091
ENSG00000216824	Y	8286832	8287941
ENSG00000174469	7	145813453	148118090
ENSG00000089775	14	64915824	64971931
ENSG00000103275	16	1355548	1377019
ENSG00000248699	5	15450810	15451920
ENSG00000174279	2	176942200	176948641
ENSG00000242705	3	88997292	89000078
ENSG00000260147	16	55041894	55042218
ENSG00000237296	16	22448329	22503541
ENSG00000152620	5	36192694	36242381
ENSG00000271015	2	98000864	98001167
ENSG00000259283	16	55293881	55367500
ENSG00000215063	20	4040280	4040760
ENSG00000239555	16	55325293	55325587
ENSG00000197702	11	12398732	12552348
ENSG00000263207	16	55366267	55366879
ENSG00000230176	20	4173712	4176590
ENSG00000166961	11	60524426	60544205
ENSG00000240760	16	55386633	55387000
ENSG00000257281	12	108674880	108676012
ENSG00000197914	6	27798952	27799305
ENSG00000236387	20	4411808	4412320
ENSG00000242072	7	115287515	115316383
ENSG00000238282	20	4456285	4505846
ENSG00000250427	5	117618270	117620477
ENSG00000222494	17	37237318	37237440
ENSG00000232348	Y	8506335	8512883
ENSG00000260135	16	55461470	55496209
ENSG00000169592	16	30006615	30017114
ENSG00000241861	3	89096592	89097584
ENSG00000266101	17	37329543	37333756
ENSG00000182776	X	51793956	51797351
ENSG00000228210	20	4571639	4571946
ENSG00000240973	7	115319399	115322672
ENSG00000181061	3	42798669	42846023
ENSG00000247213	12	108827907	108886362
ENSG00000240951	3	89637036	89637720
ENSG00000235482	3	37789601	37790391
ENSG00000265460	17	37394719	37407071
ENSG00000243345	7	115429783	115431103
ENSG00000271569	2	98018364	98018640
ENSG00000183734	11	2289725	2292182
ENSG00000240309	3	89637864	89639247
ENSG00000226948	20	4610073	4610865
ENSG00000268432	5	157160003	157161727
ENSG00000236204	2	19167729	19546509
ENSG00000180979	15	42834720	42841000
ENSG00000199224	7	115473327	115473427
ENSG00000173715	11	66511922	66610987
ENSG00000212598	3	90079434	90079644
ENSG00000256221	14	22801352	22803115
ENSG00000243243	7	115877983	115967950
ENSG00000099995	22	30727977	30752936
ENSG00000256915	12	66038114	66057079
ENSG00000222490	3	90233784	90233883
ENSG00000233699	Y	8551411	8551919
ENSG00000168228	4	25314407	25372005
ENSG00000120697	13	37523912	37574398
ENSG00000137434	6	10671651	10695030
ENSG00000155858	5	157170703	157187717
ENSG00000250891	5	117803851	117897812
ENSG00000189002	3	90251466	90306565
ENSG00000231071	20	4716315	4717319
ENSG00000232419	Y	8572513	8573324
ENSG00000162241	11	65142663	65151172
ENSG00000186188	10	95326422	95364237
ENSG00000137713	11	111597632	111637151
ENSG00000237813	7	115878314	116139519
ENSG00000251002	14	22849083	22951948
ENSG00000252096	20	4849630	4849764
ENSG00000261997	16	55572112	55575939
ENSG00000252058	20	4863030	4863122
ENSG00000271024	3	90310564	90310858
ENSG00000234573	20	4994166	4994370
ENSG00000089818	12	8234807	8250367
ENSG00000186831	17	18330175	18335162
ENSG00000125611	2	113341817	113346852
ENSG00000237870	7	115915660	115926788
ENSG00000266199	20	5006365	5006628
ENSG00000260765	16	55762027	55784023
ENSG00000128714	2	176957619	176960666
ENSG00000212536	20	5079033	5079122
ENSG00000252367	20	5094639	5094729
ENSG00000212517	20	5102063	5102185
ENSG00000225022	20	5273034	5273477
ENSG00000204856	12	110906169	110928190
ENSG00000132109	11	4406127	4414926
ENSG00000216076	7	115985909	115985998
ENSG00000226603	HSCHR6_MHC_COX	31662096	31673108
ENSG00000270252	2	98024520	98024800
ENSG00000252672	7	116073268	116073354
ENSG00000250250	5	15602298	15607457
ENSG00000200313	20	5326652	5326806
ENSG00000235427	7	116182772	116192023
ENSG00000243220	7	116203648	116211288
ENSG00000266753	17	37408897	37410550
ENSG00000226995	20	5407541	5451740
ENSG00000270450	2	98037725	98038028
ENSG00000236592	7	35208836	35209150
ENSG00000226788	HSCHR6_MHC_COX	33097900	33102125
ENSG00000170178	2	176964458	176966408
ENSG00000226063	7	35297992	35299340
ENSG00000206488	HSCHR6_MHC_QBL	30584129	30604110
ENSG00000093009	22	19466982	19508135
ENSG00000013563	X	153629579	153640449
ENSG00000266738	2	19548190	19548266
ENSG00000169429	4	74606223	74609433
ENSG00000164729	17	33519539	33521412
ENSG00000110900	12	31079362	31149534
ENSG00000233822	6	27806323	27823487
ENSG00000216077	5	15935291	15935369
ENSG00000230563	20	5451853	5455828
ENSG00000222884	12	42473563	42473684
ENSG00000249551	5	117911270	117917019
ENSG00000241710	12	42636017	42636316
ENSG00000232567	10	47253595	47259683
ENSG00000234597	2	19657981	19668722
ENSG00000234012	HSCHR6_MHC_APD	30675831	30693912
ENSG00000257674	12	42680713	42682362
ENSG00000235464	7	35535631	35549873
ENSG00000222312	5	16033338	16033465
ENSG00000110665	11	2316875	2324279
ENSG00000271122	7	35734824	35739023
ENSG00000265904	17	37453658	37453742
ENSG00000122787	7	137687070	137802732
ENSG00000157992	2	27665233	27669348
ENSG00000266469	17	37558046	37562486
ENSG00000271630	2	98041867	98042166
ENSG00000205181	20	5476713	5485259
ENSG00000237992	2	19675211	19688611
ENSG00000252917	12	42740863	42741016
ENSG00000180910	Y	8651351	8685423
ENSG00000199886	12	42792352	42792453
ENSG00000157456	15	59397277	59417244
ENSG00000250981	5	16129287	16141711
ENSG00000081923	18	55313658	55470333
ENSG00000123843	1	207262187	207273338
ENSG00000180061	19	55824169	55845416
ENSG00000257376	12	42825467	42827159
ENSG00000184348	6	27805658	27806117
ENSG00000181963	11	4470525	4471591
ENSG00000251727	3	93562608	93562706
ENSG00000201339	3	93686770	93686864
ENSG00000112039	6	35420138	35434880
ENSG00000187243	X	51804923	51812368
ENSG00000200366	3	93695873	93695979
ENSG00000136197	7	42948325	42951904
ENSG00000115541	2	198364718	198368181
ENSG00000196778	11	4510109	4511138
ENSG00000249128	5	117931883	117963787
ENSG00000113282	5	157212751	157286183
ENSG00000235911	2	19911476	19917337
ENSG00000166750	17	33570055	33600674
ENSG00000239614	3	93707478	93707790
ENSG00000213403	2	20026010	20026336
ENSG00000226652	3	186478893	186479564
ENSG00000266908	20	5479762	5483527
ENSG00000207505	3	186489630	186489736
ENSG00000197790	11	4566421	4567374
ENSG00000225640	20	5488521	5490648
ENSG00000230951	3	186490378	186491265
ENSG00000152348	5	81267844	81572676
ENSG00000101323	20	7863628	7921121
ENSG00000263826	3	186499569	186501968
ENSG00000225831	20	5513524	5513981
ENSG00000242457	3	93794756	93796019
ENSG00000250448	5	16180347	16185694
ENSG00000271351	2	98051276	98051562
ENSG00000238942	3	186502585	186502653
ENSG00000228695	16	55794460	55828070
ENSG00000235820	20	5514274	5516535
ENSG00000171987	11	4592653	4599050
ENSG00000107789	10	89264632	89313217
ENSG00000200418	3	186504112	186504234
ENSG00000221420	3	186504464	186504641
ENSG00000233578	20	5529486	5530127
ENSG00000200320	3	186505089	186505220
ENSG00000156959	3	9543481	9595486
ENSG00000202380	20	5870701	5870858
ENSG00000263776	3	186505401	186505538
ENSG00000138207	10	95351444	95361501
ENSG00000112530	6	163148164	163736524
ENSG00000215589	20	5908731	5909964
ENSG00000253062	3	93817351	93817410
ENSG00000207380	20	5945184	5945296
ENSG00000143452	1	150670536	150693364
ENSG00000226288	11	4608021	4609135
ENSG00000231961	20	5945826	5946157
ENSG00000178660	3	94225610	94226464
ENSG00000103064	16	68298433	68335722
ENSG00000169740	10	44139307	44144304
ENSG00000118496	6	146114638	146135889
ENSG00000161800	12	50370706	50426919
ENSG00000263755	20	5982379	5982674
ENSG00000233402	20	6181636	6182838
ENSG00000242911	3	94654604	94654964
ENSG00000228784	2	20068621	20084808
ENSG00000188676	8	39792133	39873910
ENSG00000232268	11	4615037	4616243
ENSG00000234241	20	6194346	6196028
ENSG00000234629	3	94655930	94656868
ENSG00000223091	17	37638739	37638843
ENSG00000222777	17	37702357	37702497
ENSG00000271565	20	6199846	6200090
ENSG00000214546	17	37775866	37778766
ENSG00000236411	3	37831412	37831936
ENSG00000169397	14	21359558	21360507
ENSG00000231724	3	186525481	186535910
ENSG00000221449	20	6209441	6209595
ENSG00000229876	20	6427370	6509106
ENSG00000232233	3	186528669	186543310
ENSG00000199075	3	38010895	38010971
ENSG00000128713	2	176968944	176974722
ENSG00000251380	5	134779905	134783038
ENSG00000200579	3	38056059	38056160
ENSG00000228482	20	6711905	6716783
ENSG00000231982	3	186544338	186545126
ENSG00000239589	3	94657016	94871353
ENSG00000231668	3	38093250	38093886
ENSG00000251833	20	6841661	6841755
ENSG00000226482	3	186569675	186573912
ENSG00000232271	20	7050261	7127303
ENSG00000165410	14	35179593	35184029
ENSG00000223803	3	186617987	186618346
ENSG00000227544	7	35754644	35774497
ENSG00000169385	14	21423611	21424595
ENSG00000215065	10	47254247	47256007
ENSG00000228888	20	7127114	7234849
ENSG00000255833	5	134779908	134788089
ENSG00000167333	11	4619902	4629489
ENSG00000241542	14	68172671	68172972
ENSG00000258618	14	68181262	68181921
ENSG00000231210	7	116211014	116254874
ENSG00000172689	11	60552821	60568778
ENSG00000232438	10	47271222	47272342
ENSG00000222670	GL000241.1	11451	11589
ENSG00000198374	6	27833034	27833606
ENSG00000238102	20	7237227	7238861
ENSG00000265178	17	37882748	37882814
ENSG00000120699	13	37572953	37583750
ENSG00000228878	7	35791466	35840226
ENSG00000261249	20	7282703	7288079
ENSG00000264198	17	37913974	37920089
ENSG00000224711	20	7328114	7348279
ENSG00000240008	HSCHR6_MHC_COX	31662077	31665787
ENSG00000264663	17	37991290	37992333
ENSG00000271697	14	68201912	68202067
ENSG00000177697	11	832843	839831
ENSG00000248403	5	16192197	16192818
ENSG00000240584	20	7614211	7614498
ENSG00000226117	17	37995622	37995777
ENSG00000221726	20	7677533	7677624
ENSG00000235945	7	116513508	116516430
ENSG00000257221	12	109022463	109035094
ENSG00000237837	2	98069548	98071970
ENSG00000215586	20	7812445	7812969
ENSG00000227310	10	47279073	47289833
ENSG00000136485	17	61627822	61671639
ENSG00000125827	20	7957995	8000476
ENSG00000107562	10	44793038	44881941
ENSG00000259042	14	22886826	22887645
ENSG00000114126	3	141663277	141868386
ENSG00000174156	6	52761437	52774483
ENSG00000129048	3	132316081	132337811
ENSG00000264968	17	38083995	38095854
ENSG00000249446	14	22945296	22945352
ENSG00000228207	Y	8769244	8771317
ENSG00000229766	20	7999870	8024159
ENSG00000250688	14	22950686	22950742
ENSG00000189014	10	47379727	47420712
ENSG00000238904	5	118093906	118093969
ENSG00000248150	5	16373470	16440190
ENSG00000184357	6	27834570	27835359
ENSG00000187860	22	30752624	30774647
ENSG00000238457	12	109062224	109062284
ENSG00000201569	14	101441143	101441217
ENSG00000200060	12	109132260	109132380
ENSG00000198838	15	33603163	34158303
ENSG00000225683	6	163586446	163612840
ENSG00000126391	11	65154070	65180996
ENSG00000256699	12	129693146	129697207
ENSG00000249426	5	118096169	118121154
ENSG00000182759	8	144501352	144512576
ENSG00000128710	2	176973518	176984670
ENSG00000182572	6	27839623	27840099
ENSG00000110104	11	60609544	60618554
ENSG00000249737	5	16428645	16432545
ENSG00000226262	20	8078471	8080421
ENSG00000264710	10	47382464	47382747
ENSG00000252792	14	68212084	68212191
ENSG00000239820	14	68217947	68218261
ENSG00000226964	10	47396223	47396822
ENSG00000258759	14	68265721	68266326
ENSG00000214856	17	18335365	18346209
ENSG00000136811	9	131217465	131263571
ENSG00000173357	Y	8774265	8784114
ENSG00000244048	3	94890764	94891221
ENSG00000226667	10	47570513	47573872
ENSG00000225479	20	8229351	8237564
ENSG00000258837	14	68591721	68596913
ENSG00000179841	14	64932217	64941221
ENSG00000226092	Y	24073668	24083297
ENSG00000246214	5	16616035	16630078
ENSG00000244677	14	68616337	68616625
ENSG00000221201	20	8589827	8589912
ENSG00000215044	10	47594379	47595651
ENSG00000198558	6	27840926	27841289
ENSG00000176681	17	44370099	44415160
ENSG00000222298	20	8590801	8590887
ENSG00000178591	20	67891	77735
ENSG00000201348	20	8811833	8812040
ENSG00000196562	20	46285092	46415360
ENSG00000176022	1	1167629	1170421
ENSG00000201600	3	139302947	139303287
ENSG00000228438	20	8910542	8910685
ENSG00000244692	3	139328513	139328781
ENSG00000176907	8	40010989	40012821
ENSG00000252819	20	9047481	9047555
ENSG00000271991	2	20101786	20102330
ENSG00000256085	12	130005848	130007308
ENSG00000014164	8	144519825	144623623
ENSG00000261763	3	139397462	139401406
ENSG00000137814	15	42841008	42862192
ENSG00000225988	20	9485827	9495645
ENSG00000265799	17	38168479	38170958
ENSG00000250415	5	16617334	16621385
ENSG00000266769	10	91024097	91024163
ENSG00000256646	7	42948872	42971773
ENSG00000237968	Y	24086159	24087740
ENSG00000250543	3	139407245	139408184
ENSG00000125788	20	123010	126392
ENSG00000232738	20	9556255	9558336
ENSG00000232110	10	91043522	91051882
ENSG00000256137	12	130165972	130182772
ENSG00000243961	20	9966736	9987764
ENSG00000227210	2	20189978	20203971
ENSG00000251471	3	139556062	139578736
ENSG00000270757	2	198365137	198415450
ENSG00000183134	11	60618413	60623444
ENSG00000231159	Y	24118460	24151496
ENSG00000157540	21	38738092	38889753
ENSG00000224289	10	91122051	91123244
ENSG00000184163	1	1177826	1182102
ENSG00000250161	3	139563920	139564253
ENSG00000263959	3	140122262	140122345
ENSG00000201370	5	16623113	16623204
ENSG00000095464	10	95372345	95425767
ENSG00000227906	20	10002620	10349424
ENSG00000249290	3	140168277	140179193
ENSG00000125676	X	122734412	122866906
ENSG00000223734	2	20251895	20254257
ENSG00000064201	11	2323227	2339430
ENSG00000237578	12	130231933	130232437
ENSG00000088782	20	138111	139804
ENSG00000234452	10	91215821	91227897
ENSG00000198755	6	35436185	35438562
ENSG00000230606	2	98081083	98099107
ENSG00000174100	17	36452989	36479101
ENSG00000264690	12	130263853	130264126
ENSG00000126804	14	64970430	65000408
ENSG00000243536	10	47605211	47644793
ENSG00000253093	5	16854103	16854223
ENSG00000112697	6	75962640	75994684
ENSG00000165061	8	40388109	40755352
ENSG00000172795	5	112312399	112356667
ENSG00000198997	10	91352500	91352586
ENSG00000243538	5	16902403	16902750
ENSG00000149506	11	60635035	60643166
ENSG00000249962	10	91404360	91404980
ENSG00000233565	3	186640075	186640542
ENSG00000136463	17	61678231	61685725
ENSG00000268821	2	172560844	172567314
ENSG00000251058	3	140179842	140181667
ENSG00000264599	20	10036968	10037063
ENSG00000203632	3	186650337	186652182
ENSG00000232936	10	91405039	91410424
ENSG00000230506	20	10154168	10177638
ENSG00000087111	17	26880401	26898890
ENSG00000185982	20	168494	170322
ENSG00000142347	19	8585674	8642461
ENSG00000216184	3	140208894	140208986
ENSG00000198491	3	186914878	186925417
ENSG00000250433	3	140224453	140227631
ENSG00000232448	20	10160883	10166423
ENSG00000264043	12	109171920	109174194
ENSG00000128815	10	49892921	50191001
ENSG00000112297	6	106959730	107018326
ENSG00000144648	3	42846244	42929466
ENSG00000249305	3	140338536	140338679
ENSG00000239093	3	187141103	187141207
ENSG00000237005	20	10315067	10315346
ENSG00000207622	12	109230684	109230782
ENSG00000261826	3	140583917	140586625
ENSG00000234378	2	20263617	20306590
ENSG00000225836	10	91406046	91410579
ENSG00000224085	3	140621036	140621493
ENSG00000260987	12	109301517	109303778
ENSG00000201436	5	16941952	16942060
ENSG00000125903	20	207899	210527
ENSG00000235100	10	91426938	91459428
ENSG00000123838	1	207277607	207318317
ENSG00000214835	20	10329805	10330276
ENSG00000112337	6	25912982	25930946
ENSG00000104783	19	44270685	44285409
ENSG00000123360	12	54943134	54973023
ENSG00000248773	3	140691586	140692097
ENSG00000240996	10	91454052	91457685
ENSG00000201324	12	109320211	109320317
ENSG00000260489	HG79_PATCH	136251902	136281631
ENSG00000238424	12	109425360	109425450
ENSG00000099999	22	30773835	30817760
ENSG00000213729	2	20355379	20355818
ENSG00000081307	3	132373290	132396941
ENSG00000256262	12	109490155	109491757
ENSG00000232229	10	91589267	91600618
ENSG00000169599	2	69622882	69664760
ENSG00000271892	5	17107469	17107898
ENSG00000124370	2	71336814	71357369
ENSG00000186458	20	238377	241737
ENSG00000266059	2	20375107	20375397
ENSG00000270670	10	91597369	91599091
ENSG00000226159	10	91675246	91717130
ENSG00000146707	7	76239303	76256578
ENSG00000122359	10	81910645	81965328
ENSG00000163719	3	9691117	9744077
ENSG00000200763	2	20375566	20375670
ENSG00000228938	10	91738474	91738827
ENSG00000206814	5	17117685	17117795
ENSG00000235411	2	20439653	20440807
ENSG00000115840	2	172640880	172864766
ENSG00000198944	5	132149033	132152488
ENSG00000197153	6	27858093	27860884
ENSG00000105373	19	48248779	48260315
ENSG00000181965	5	134869991	134871639
ENSG00000113456	5	34905369	34919094
ENSG00000173698	X	19007427	19140755
ENSG00000112531	6	163835032	163999628
ENSG00000173727	11	65222728	65234028
ENSG00000254901	19	19287712	19303400
ENSG00000222451	10	91923408	91923717
ENSG00000215196	5	17130137	17217156
ENSG00000236373	10	92162278	92300562
ENSG00000233224	6	27860477	27860963
ENSG00000133247	19	55851221	55859488
ENSG00000115540	2	198380295	198418423
ENSG00000145824	5	134906373	134914969
ENSG00000201965	3	38166783	38166885
ENSG00000251270	3	140833966	140843024
ENSG00000197744	5	118309491	118309817
ENSG00000238735	2	20446087	20446148
ENSG00000237982	3	38311774	38312258
ENSG00000241400	3	140977260	140977621
ENSG00000251990	5	17157080	17157180
ENSG00000049283	17	48609904	48621111
ENSG00000249417	3	140986195	141085979
ENSG00000238793	17	38183795	38183898
ENSG00000104518	8	144635377	144645232
ENSG00000251536	12	130336753	130339489
ENSG00000221555	17	38306389	38306475
ENSG00000249540	3	141026454	141026775
ENSG00000252216	2	20553403	20553477
ENSG00000200735	17	38399475	38399571
ENSG00000249494	5	118342042	118406585
ENSG00000157483	15	59427113	59665099
ENSG00000261650	12	130509038	130529501
ENSG00000215606	3	141189476	141190744
ENSG00000106588	7	42956460	42971822
ENSG00000128709	2	176987088	176989853
ENSG00000250816	5	17202383	17203254
ENSG00000232475	Y	24194701	24195494
ENSG00000117859	1	52042851	52254889
ENSG00000250170	3	141243975	141244963
ENSG00000053524	3	182895831	183146566
ENSG00000229553	Y	24195902	24204260
ENSG00000249986	3	141319118	141319421
ENSG00000223179	5	118343266	118343363
ENSG00000242104	3	141382041	141439915
ENSG00000250678	5	118345755	118346237
ENSG00000232800	2	20586147	20596349
ENSG00000164403	5	132157833	132166590
ENSG00000270145	17	38459457	38460909
ENSG00000214039	12	130517999	130529602
ENSG00000201862	7	72453891	72453991
ENSG00000160087	1	1189289	1209265
ENSG00000265666	17	38497119	38499388
ENSG00000252908	5	17240720	17240824
ENSG00000165792	14	21457929	21465189
ENSG00000241899	3	141427858	141428674
ENSG00000053900	4	25378835	25420120
ENSG00000264655	17	38524204	38524690
ENSG00000212171	2	20601388	20601485
ENSG00000239172	16	22492795	22492898
ENSG00000229018	7	72476064	72555749
ENSG00000198909	17	61699775	61773663
ENSG00000185296	5	17306490	17307069
ENSG00000257838	16	22557019	22588186
ENSG00000228950	2	20650803	20652708
ENSG00000145832	5	135170338	135224326
ENSG00000252653	17	64263861	64263966
ENSG00000244044	17	64360147	64360436
ENSG00000264630	17	64394187	64412972
ENSG00000038382	5	14143811	14532235
ENSG00000142661	1	24382525	24438665
ENSG00000201715	5	17345725	17346064
ENSG00000004838	3	50378541	50384283
ENSG00000175879	2	176994422	176997423
ENSG00000200829	2	20680605	20680716
ENSG00000182621	20	8112824	8949003
ENSG00000124383	2	71357444	71377231
ENSG00000164330	5	158122928	158526769
ENSG00000223361	5	17353804	17354733
ENSG00000188921	9	20995306	21031635
ENSG00000014641	2	63815743	63834331
ENSG00000184113	22	19510547	19515068
ENSG00000260973	16	22621852	22623517
ENSG00000065491	6	37225548	37300746
ENSG00000260905	16	22623864	22624804
ENSG00000196504	2	153508107	153574511
ENSG00000131507	5	141488070	141534005
ENSG00000197428	11	4660945	4662068
ENSG00000265058	16	22647776	22648065
ENSG00000261090	16	23031658	23034932
ENSG00000267937	21	38888740	38888973
ENSG00000100003	22	30792846	30821305
ENSG00000260566	16	23072727	23075494
ENSG00000212138	12	109497791	109497905
ENSG00000180785	11	4664650	4676718
ENSG00000260741	16	23206199	23224425
ENSG00000115084	2	114462588	114514400
ENSG00000252838	16	23424905	23425197
ENSG00000157542	21	38979678	39288749
ENSG00000212593	16	23453162	23453242
ENSG00000259782	16	23457767	23458603
ENSG00000137218	6	41737914	41754280
ENSG00000227047	2	20699331	20701071
ENSG00000252618	17	38530341	38530428
ENSG00000260136	16	23464079	23468927
ENSG00000224156	HSCHR6_MHC_APD	30696223	30701448
ENSG00000222881	17	38547484	38547590
ENSG00000240125	17	38595719	38596169
ENSG00000261528	16	23512226	23512951
ENSG00000167332	11	4701401	4719084
ENSG00000186908	12	77157368	77247476
ENSG00000246379	16	56126899	56225006
ENSG00000260247	16	23548382	23548877
ENSG00000269976	2	20786008	20786446
ENSG00000082074	5	39105338	39274630
ENSG00000260751	16	23579994	23581017
ENSG00000261723	16	23617162	23635428
ENSG00000202142	14	101442162	101442233
ENSG00000260482	16	23681332	23684448
ENSG00000144136	2	113403434	113421404
ENSG00000230062	6	46714654	46727243
ENSG00000243546	14	68702962	68703256
ENSG00000199942	14	101442814	101442888
ENSG00000201500	14	101443726	101443803
ENSG00000104763	8	17913934	17942494
ENSG00000240210	14	68805445	68806258
ENSG00000260041	16	56143449	56170912
ENSG00000259806	16	23683453	23686820
ENSG00000201036	14	101445339	101445427
ENSG00000231948	2	20790535	20792308
ENSG00000184029	21	39323728	39493454
ENSG00000201710	14	101446329	101446403
ENSG00000261266	16	23698370	23699665
ENSG00000171855	9	21077104	21077943
ENSG00000248223	5	17354019	17355008
ENSG00000202048	14	101447341	101447412
ENSG00000261583	16	23723311	23724114
ENSG00000258477	14	68888415	68888913
ENSG00000261013	16	56217638	56220218
ENSG00000110107	11	60658202	60674060
ENSG00000272344	14	101448312	101448383
ENSG00000202293	14	101449263	101449334
ENSG00000260264	16	24247425	24264184
ENSG00000261439	16	56226526	56228430
ENSG00000167346	11	4726157	5013659
ENSG00000224750	10	92213927	92262725
ENSG00000200406	14	101450213	101450284
ENSG00000177047	9	21140631	21142144
ENSG00000265281	16	56279432	56279535
ENSG00000259038	14	69093883	69095162
ENSG00000260198	16	56334528	56336816
ENSG00000238291	10	92222474	92227709
ENSG00000258623	14	69150128	69152282
ENSG00000201541	16	24344736	24344868
ENSG00000233416	2	20806040	20806414
ENSG00000137080	9	21165636	21166659
ENSG00000222305	10	92639797	92639936
ENSG00000272372	16	56385798	56387436
ENSG00000239081	16	24411377	24411438
ENSG00000164291	5	94890778	94940768
ENSG00000242941	14	69159807	69160300
ENSG00000142186	11	65292548	65306175
ENSG00000201604	10	92682488	92682592
ENSG00000260396	2	20877569	20879005
ENSG00000261493	HG79_PATCH	136281597	136293579
ENSG00000264465	16	24450309	24450408
ENSG00000187678	5	141689992	141706020
ENSG00000207089	14	69202639	69202745
ENSG00000260621	16	56443232	56445595
ENSG00000225519	10	92754377	92766147
ENSG00000260072	16	24484119	24506498
ENSG00000263694	14	69312519	69312772
ENSG00000260823	16	56643413	56645287
ENSG00000249199	5	17369334	17375686
ENSG00000270975	14	69328479	69329242
ENSG00000259888	16	24621587	24652278
ENSG00000224310	16	24672743	24682383
ENSG00000236637	9	21186617	21187598
ENSG00000270100	2	20878014	20878692
ENSG00000260549	16	56651388	56652730
ENSG00000258565	14	69334574	69336668
ENSG00000250822	5	17379015	17387419
ENSG00000198054	21	39493545	39560110
ENSG00000112818	6	46761127	46807515
ENSG00000064490	19	19303008	19312678
ENSG00000261669	16	24814772	24831060
ENSG00000214042	9	21201468	21202204
ENSG00000258967	14	69354502	69354801
ENSG00000236436	2	21059531	21061421
ENSG00000256439	16	24930714	24932325
ENSG00000258531	14	69403319	69403581
ENSG00000229526	17	18353558	18379234
ENSG00000260714	16	25027299	25032344
ENSG00000158163	3	137780832	137834660
ENSG00000248455	5	17404128	17441803
ENSG00000255986	16	56669651	56670998
ENSG00000258083	7	141618617	141619709
ENSG00000186803	9	21206180	21207142
ENSG00000262587	16	25043202	25069430
ENSG00000196352	1	207494853	207534311
ENSG00000241526	3	141443267	141443368
ENSG00000262155	16	25078258	25080264
ENSG00000265391	3	141506753	141506851
ENSG00000013573	12	31226779	31257725
ENSG00000271105	16	25080891	25081430
ENSG00000259062	14	69446399	69454180
ENSG00000261012	2	21222185	21223789
ENSG00000228398	3	141583849	141584121
ENSG00000263326	16	25082811	25084048
ENSG00000151577	3	113847499	113918254
ENSG00000147885	9	21216372	21217310
ENSG00000271629	2	21421390	21421768
ENSG00000200389	3	141621766	141621872
ENSG00000260448	16	25096913	25122876
ENSG00000244124	3	141637094	141637863
ENSG00000233005	2	21444047	22193831
ENSG00000124593	6	41748087	41757879
ENSG00000269905	3	141663270	141666233
ENSG00000248366	14	22956171	22956233
ENSG00000249662	5	17444119	17484055
ENSG00000211874	14	22998580	22998641
ENSG00000205361	16	56677617	56678698
ENSG00000233597	3	141762465	141763040
ENSG00000234829	9	21227242	21228221
ENSG00000259054	14	23025205	23025956
ENSG00000262700	16	25104708	25106576
ENSG00000206604	3	141864296	141864397
ENSG00000188069	11	4790209	4791168
ENSG00000272565	3	141876369	141880820
ENSG00000228313	14	23064715	23067855
ENSG00000260034	16	25151898	25160353
ENSG00000231204	2	21540532	21784185
ENSG00000113578	5	141971743	142077617
ENSG00000007516	16	1383602	1399439
ENSG00000228083	9	21239201	21239978
ENSG00000161583	17	34745936	34808104
ENSG00000251804	3	142126499	142126579
ENSG00000252685	17	64634389	64634492
ENSG00000258227	7	141627157	141646807
ENSG00000176937	11	4824663	4825847
ENSG00000251698	17	64635387	64635501
ENSG00000147873	9	21304613	21305312
ENSG00000229330	17	64672490	64673522
ENSG00000177700	11	837356	842545
ENSG00000251304	5	17486336	17486938
ENSG00000184702	22	19701987	19712295
ENSG00000207943	17	64783190	64783286
ENSG00000176925	11	4842551	4843686
ENSG00000268799	5	17491470	17491878
ENSG00000176922	11	4869427	4870514
ENSG00000270654	2	21585164	21586897
ENSG00000198642	9	21329670	21335379
ENSG00000244681	3	95373267	95402037
ENSG00000235537	2	21853420	21859181
ENSG00000250667	5	17495767	17495935
ENSG00000262607	HSCHR12_1_CTG1	120780	232475
ENSG00000176904	11	4880886	4881794
ENSG00000185041	5	17498334	17498936
ENSG00000112511	6	33378176	33384230
ENSG00000228538	2	21861303	21872435
ENSG00000196476	20	251504	271390
ENSG00000176900	11	4903049	4904113
ENSG00000259942	10	47656084	47657233
ENSG00000273124	10	92757237	92757470
ENSG00000248205	5	17502152	17502472
ENSG00000266166	16	25196528	25196808
ENSG00000224851	10	92806923	92821916
ENSG00000259955	16	25249639	25250608
ENSG00000224708	HSCHR6_MHC_COX	31667522	31668998
ENSG00000229621	2	21910306	21933495
ENSG00000120235	9	21349834	21351377
ENSG00000204150	10	47708307	47730235
ENSG00000261636	16	25431135	25435490
ENSG00000176895	11	4928600	4929538
ENSG00000220585	10	92812808	92814804
ENSG00000153832	2	230787018	230877825
ENSG00000249620	5	17511942	17512347
ENSG00000105737	19	42502473	42573650
ENSG00000260690	16	25465660	25465968
ENSG00000127314	12	69004619	69054372
ENSG00000198948	4	170907748	170954182
ENSG00000234043	10	92912362	92913106
ENSG00000264192	2	22145865	22146160
ENSG00000266088	17	38673278	38683254
ENSG00000233816	9	21367371	21368075
ENSG00000176893	11	4935900	4936922
ENSG00000231200	2	22156208	22753977
ENSG00000102710	13	37583449	37633850
ENSG00000271385	10	93224335	93224465
ENSG00000199514	3	38345264	38345370
ENSG00000237262	2	136835462	136836083
ENSG00000223876	10	93304609	93304855
ENSG00000271876	17	38821876	38821975
ENSG00000230123	3	38366728	38370561
ENSG00000176879	11	4944531	4945637
ENSG00000267531	19	55851254	55856561
ENSG00000213449	10	93426537	93427539
ENSG00000188379	9	21384254	21385396
ENSG00000202125	3	142139047	142139211
ENSG00000224244	17	38843290	38845612
ENSG00000227347	2	136956684	136958073
ENSG00000248861	5	17518475	17519069
ENSG00000221477	3	95885661	95885746
ENSG00000256139	12	109549023	109563399
ENSG00000255637	3	142160528	142160604
ENSG00000104332	8	41119481	41167016
ENSG00000271671	3	95963576	95964179
ENSG00000229589	3	38492518	38496311
ENSG00000239492	10	47740330	47747200
ENSG00000230037	2	137087011	137087483
ENSG00000229028	17	38873487	38878184
ENSG00000228759	10	93525656	93526953
ENSG00000243547	3	96068398	96069783
ENSG00000228999	2	22167481	22188423
ENSG00000242479	3	142168944	142170991
ENSG00000216136	3	96152159	96152254
ENSG00000256560	12	109791888	109797293
ENSG00000251976	2	137147902	137148239
ENSG00000241815	3	96285201	96285947
ENSG00000249339	5	17521910	17522504
ENSG00000237393	10	47965760	47967323
ENSG00000216081	2	137301941	137302050
ENSG00000207512	3	38546971	38547072
ENSG00000120242	9	21409146	21410184
ENSG00000229568	2	137302282	137303112
ENSG00000126803	14	65002623	65009955
ENSG00000230683	3	38556939	38557321
ENSG00000223691	2	22411208	22413185
ENSG00000224036	10	48157041	48158148
ENSG00000244327	3	142184157	142191179
ENSG00000197919	9	21440440	21441315
ENSG00000198604	14	35221937	35344853
ENSG00000242390	3	142299752	142301241
ENSG00000221762	2	137402678	137402762
ENSG00000201899	14	101451114	101451185
ENSG00000212425	2	138269668	138269780
ENSG00000200612	14	101452394	101452465
ENSG00000222394	2	138472902	138473011
ENSG00000184995	9	21480841	21482312
ENSG00000200413	14	101453383	101453454
ENSG00000159871	19	44300081	44331358
ENSG00000160471	19	55860674	55866182
ENSG00000234007	2	138636324	138683977
ENSG00000112539	6	165693153	165723096
ENSG00000200636	14	101454498	101454567
ENSG00000252745	3	142310519	142310633
ENSG00000224231	2	138859454	138863475
ENSG00000200480	14	101455467	101455538
ENSG00000239641	3	142373626	142375587
ENSG00000173653	11	66610306	66614017
ENSG00000128652	2	177001340	177037830
ENSG00000201689	14	101456428	101456497
ENSG00000199319	3	142392439	142392746
ENSG00000232439	3	38568293	38568816
ENSG00000251787	3	142520049	142520110
ENSG00000201318	14	101458256	101458327
ENSG00000186487	2	1792885	2335032
ENSG00000157551	21	39529128	39679279
ENSG00000250055	5	17525344	17525938
ENSG00000165807	14	65016620	65056098
ENSG00000200089	14	101459573	101459647
ENSG00000272877	HSCHR12_1_CTG1	62310	63501
ENSG00000222095	14	101460594	101460667
ENSG00000124875	4	74702214	74714781
ENSG00000252009	14	101463990	101464061
ENSG00000230060	HSCHR6_MHC_COX	31673784	31681900
ENSG00000222185	14	101464804	101464878
ENSG00000228952	3	187166633	187167238
ENSG00000242293	14	69489867	69490025
ENSG00000199088	14	101488366	101488491
ENSG00000240950	3	142545938	142546570
ENSG00000259165	14	69550115	69552106
ENSG00000223401	3	187461474	187463208
ENSG00000130347	6	107018903	107077373
ENSG00000199109	14	101489662	101489757
ENSG00000250296	5	17528778	17529372
ENSG00000183576	14	99864083	99947216
ENSG00000206768	14	69610569	69610670
ENSG00000207749	14	101490114	101490215
ENSG00000243818	3	142645517	142661376
ENSG00000224049	3	187513975	187523046
ENSG00000234189	2	22539925	22540116
ENSG00000198682	10	89419370	89507462
ENSG00000258957	14	69649737	69680809
ENSG00000228850	Y	24210845	24211859
ENSG00000175336	12	56754353	56756607
ENSG00000236864	3	187650552	187664009
ENSG00000258520	14	69705883	69727284
ENSG00000264488	17	38959996	38965548
ENSG00000262435	HSCHR12_1_CTG1	64522	82015
ENSG00000224187	3	187676563	187694195
ENSG00000265359	17	39007052	39019534
ENSG00000256298	12	130531677	130532921
ENSG00000244237	14	70027736	70028187
ENSG00000221060	14	70270920	70271048
ENSG00000250807	5	17585271	17585876
ENSG00000234477	17	39077682	39132178
ENSG00000232029	Y	24214967	24215298
ENSG00000188282	2	218899683	218955304
ENSG00000242071	14	70352057	70352869
ENSG00000206882	2	22561758	22561875
ENSG00000256906	12	130554870	130557230
ENSG00000163131	1	150702672	150738433
ENSG00000250088	5	17587399	17587632
ENSG00000099810	9	21802542	21931646
ENSG00000170734	6	43543887	43586701
ENSG00000198982	14	101491331	101491441
ENSG00000058866	3	185823457	186080026
ENSG00000109272	4	74718906	74719872
ENSG00000258422	14	70653840	70696904
ENSG00000124374	2	71409869	71454213
ENSG00000221745	14	101491901	101491988
ENSG00000111237	12	110928902	110939922
ENSG00000199069	14	101492069	101492154
ENSG00000107938	10	127408084	127452712
ENSG00000211582	14	101492357	101492444
ENSG00000234207	2	22600466	22704876
ENSG00000270610	14	70701212	70701812
ENSG00000171444	5	112357796	112824527
ENSG00000149927	16	30016830	30034591
ENSG00000250558	5	17590473	17591069
ENSG00000233587	2	22759351	22761160
ENSG00000235812	14	70712208	70714518
ENSG00000147533	8	41347915	41368499
ENSG00000268091	12	131514221	131514769
ENSG00000267819	12	131780067	131782763
ENSG00000163739	4	74735110	74736959
ENSG00000257138	7	141672431	141673573
ENSG00000110108	11	60681346	60690915
ENSG00000007866	6	35441374	35464853
ENSG00000241592	3	142679214	142679385
ENSG00000259033	14	70742013	70758576
ENSG00000249427	5	17593907	17594503
ENSG00000214063	11	842808	867116
ENSG00000222616	2	23084424	23084756
ENSG00000249590	22	30805244	30824977
ENSG00000177764	20	277737	280965
ENSG00000241570	3	142681796	142720401
ENSG00000141127	17	18743398	18834581
ENSG00000205497	11	4967355	4968356
ENSG00000249329	5	17597341	17597937
ENSG00000163737	4	74846794	74847841
ENSG00000213344	12	66039772	66040242
ENSG00000232451	2	23240997	23421927
ENSG00000205496	11	4976002	4976943
ENSG00000102125	X	153639854	153650065
ENSG00000241749	12	66151800	66220754
ENSG00000268538	22	30814212	30814469
ENSG00000205360	16	56682160	56683426
ENSG00000177732	20	306207	310865
ENSG00000103061	16	68318406	68344849
ENSG00000176798	11	5020213	5021160
ENSG00000131876	15	101821715	101835487
ENSG00000259923	16	56682793	56686548
ENSG00000211577	12	66251793	66251912
ENSG00000205495	11	5067756	5068691
ENSG00000256083	12	66328557	66342259
ENSG00000109576	4	170981373	171012850
ENSG00000259827	16	56716382	56721719
ENSG00000163736	4	74852755	74853914
ENSG00000248422	5	17598541	17598668
ENSG00000256259	12	66421505	66424846
ENSG00000242114	22	30821518	30825045
ENSG00000257743	7	141811549	141922124
ENSG00000125454	17	73269073	73285591
ENSG00000176787	11	5079880	5080857
ENSG00000261429	16	56720763	56721964
ENSG00000134765	18	28709199	28742819
ENSG00000135205	7	76751751	76958850
ENSG00000213343	12	66431015	66431494
ENSG00000251857	12	66460001	66460118
ENSG00000226467	HSCHR6_MHC_COX	32084466	32094350
ENSG00000261302	16	56742684	56763880
ENSG00000239335	12	66524531	66528229
ENSG00000111602	12	56810903	56843187
ENSG00000273085	11	5090802	5091727
ENSG00000112541	6	165740776	166400091
ENSG00000196331	6	27861203	27861669
ENSG00000064012	2	202098166	202152434
ENSG00000249282	5	17601991	17602243
ENSG00000207649	16	56892430	56892513
ENSG00000243988	16	56940446	56940868
ENSG00000199286	3	96327658	96327761
ENSG00000171944	11	5152922	5153872
ENSG00000249357	5	17604866	17605486
ENSG00000218754	3	96338148	96338675
ENSG00000261270	16	56974190	56975254
ENSG00000163735	4	74861359	74864496
ENSG00000212031	3	96385038	96385123
ENSG00000261114	16	56974940	56975638
ENSG00000256977	2	110656005	110677180
ENSG00000252115	7	116549931	116550018
ENSG00000061936	12	132195626	132284282
ENSG00000168131	6	27878963	27880174
ENSG00000241018	3	96472029	96473515
ENSG00000222150	7	116584340	116584468
ENSG00000006118	11	60691935	60704631
ENSG00000227199	7	116592500	116594388
ENSG00000182070	11	5172239	5207612
ENSG00000086848	11	111652919	111742305
ENSG00000176243	3	96495789	96496527
ENSG00000163053	2	230899698	230933715
ENSG00000125841	20	327426	340304
ENSG00000249156	5	17611099	17611692
ENSG00000213050	7	116612219	116612965
ENSG00000176742	11	5220965	5221930
ENSG00000223530	2	23553535	23554915
ENSG00000115112	2	121974163	122042783
ENSG00000163734	4	74902306	74904524
ENSG00000119392	9	131266979	131304567
ENSG00000227919	17	18356269	18356376
ENSG00000226367	7	116712126	116786534
ENSG00000267492	17	18356888	18357053
ENSG00000244734	11	5246694	5250625
ENSG00000226776	17	39160733	39161012
ENSG00000271296	5	17614890	17615220
ENSG00000005243	17	46103533	46115392
ENSG00000237230	17	39228198	39228593
ENSG00000121073	17	47778305	47786376
ENSG00000251439	17	39343196	39343388
ENSG00000233714	2	23570525	23574735
ENSG00000230025	Y	8839792	8842136
ENSG00000248807	17	39368958	39369489
ENSG00000229351	17	39427563	39428087
ENSG00000173599	11	66615704	66725847
ENSG00000255655	12	109883215	109885302
ENSG00000237183	17	39436856	39437062
ENSG00000081041	4	74962752	74965010
ENSG00000186468	5	81569177	81574396
ENSG00000225422	12	66627859	66629014
ENSG00000136750	10	26505236	26593487
ENSG00000200274	12	110005780	110005920
ENSG00000170166	2	177015950	177017954
ENSG00000266539	12	66629336	66629402
ENSG00000231988	Y	8898635	8908029
ENSG00000256072	12	66645525	66651214
ENSG00000200794	12	110100668	110100988
ENSG00000250351	5	17620642	17621048
ENSG00000256777	12	66669720	66670431
ENSG00000118407	6	76001575	76203454
ENSG00000255650	12	110171971	110211313
ENSG00000222744	12	66686463	66686767
ENSG00000238528	12	66739499	66739602
ENSG00000233014	17	39479679	39485797
ENSG00000264545	9	21802635	22032985
ENSG00000256285	12	66957304	66957474
ENSG00000110651	11	2397407	2418649
ENSG00000108516	17	39490884	39491985
ENSG00000256420	12	66957747	66962974
ENSG00000234859	17	39558668	39581301
ENSG00000144550	3	9745491	9771592
ENSG00000256248	12	67285656	67462942
ENSG00000225590	HSCHR6_MHC_COX	33139671	33161430
ENSG00000224854	9	21967137	21967738
ENSG00000223634	2	23580387	23583247
ENSG00000124657	6	27925019	27925960
ENSG00000250386	5	17625660	17626068
ENSG00000257083	12	67429288	67490186
ENSG00000232235	Y	9003694	9005311
ENSG00000146414	6	146185381	146285559
ENSG00000198707	12	88442793	88535993
ENSG00000135643	12	70760056	70828072
ENSG00000268327	15	59439899	59440054
ENSG00000128645	2	177053307	177055688
ENSG00000224408	Y	9021303	9023412
ENSG00000157554	21	39751949	40033704
ENSG00000171989	15	59499042	59500705
ENSG00000235497	2	23598100	23604170
ENSG00000238154	Y	9027238	9042220
ENSG00000196544	17	8091652	8093564
ENSG00000134760	18	28898052	28936992
ENSG00000185504	17	79506911	79520987
ENSG00000231209	10	48169665	48175810
ENSG00000258644	14	70793069	70883701
ENSG00000249666	5	17632197	17632792
ENSG00000260119	HG7_PATCH	142632169	142646705
ENSG00000225438	17	39562764	39568027
ENSG00000222640	14	70827609	70827805
ENSG00000257759	14	70892529	71014181
ENSG00000100012	22	30843946	30868036
ENSG00000259158	14	70935598	70950473
ENSG00000215024	10	48173347	48175106
ENSG00000170899	6	52842751	52860176
ENSG00000263510	12	110271153	110271241
ENSG00000230662	17	18363705	18366369
ENSG00000250782	5	17634569	17635162
ENSG00000251070	10	48187416	48199256
ENSG00000178015	5	94955782	94957846
ENSG00000224464	2	24095138	24095884
ENSG00000256351	12	110297572	110298225
ENSG00000167494	17	18400886	18404348
ENSG00000236236	HSCHR6_MHC_SSTO	32000781	32027628
ENSG00000201282	7	72481665	72481766
ENSG00000252754	10	48206895	48207010
ENSG00000241413	12	110304021	110304314
ENSG00000163738	4	74979891	75168816
ENSG00000270119	10	48249334	48262214
ENSG00000147889	9	21967751	21995300
ENSG00000249094	12	110318481	110326272
ENSG00000198305	7	72490260	72500313
ENSG00000232924	Y	9068524	9068856
ENSG00000271217	10	48254606	48254905
ENSG00000082213	5	31532373	31555165
ENSG00000236951	Y	24246961	24293631
ENSG00000226044	10	48324788	48332197
ENSG00000157470	15	59664892	59815748
ENSG00000264626	12	110798255	110798551
ENSG00000248471	5	17643071	17643337
ENSG00000251172	3	97200021	97200350
ENSG00000261292	3	97478367	97480374
ENSG00000228865	10	48357926	48358600
ENSG00000273018	17	18414535	18455019
ENSG00000197038	Y	9148739	9160483
ENSG00000248160	5	17647821	17648053
ENSG00000266000	10	48387524	48387622
ENSG00000250750	3	97772218	97772583
ENSG00000223654	HSCHR6_MHC_APD	30703731	30706525
ENSG00000249225	3	97818752	97866978
ENSG00000251090	3	97823598	97824516
ENSG00000144868	3	132757235	133116636
ENSG00000250208	12	130634894	130646801
ENSG00000197704	10	48844036	48868504
ENSG00000238111	2	24123563	24124019
ENSG00000273291	3	42850938	43097363
ENSG00000167637	19	44331444	44353307
ENSG00000248365	3	97838035	97838575
ENSG00000267706	19	55863669	55870884
ENSG00000249321	3	97916055	97916982
ENSG00000132600	16	68344877	68392466
ENSG00000178999	17	8108056	8113918
ENSG00000249975	3	97926267	97927185
ENSG00000128654	2	177134123	177202753
ENSG00000157765	4	25656923	25680370
ENSG00000248507	3	97940888	97941810
ENSG00000148690	10	95427640	95462329
ENSG00000258210	12	110825268	110883353
ENSG00000187079	11	12695969	12966298
ENSG00000251088	3	97952495	98176742
ENSG00000248542	5	17649155	17649752
ENSG00000174473	4	172733405	173962710
ENSG00000187900	3	97957196	97958125
ENSG00000248337	5	17654482	17654752
ENSG00000258011	12	110867764	110868087
ENSG00000111729	12	8276228	8291203
ENSG00000234946	2	24166716	24167221
ENSG00000241680	12	110898793	110899167
ENSG00000131548	Y	24291113	24292978
ENSG00000117322	1	207627575	207663240
ENSG00000244653	3	98152878	98153691
ENSG00000202335	12	110934157	110934226
ENSG00000135899	2	231032009	231090444
ENSG00000142303	19	8645126	8675620
ENSG00000248839	3	98241414	98244178
ENSG00000263537	12	111063452	111063722
ENSG00000180043	19	55866276	55874628
ENSG00000221246	12	111070409	111070498
ENSG00000250562	3	98243905	98244118
ENSG00000232808	Y	9167489	9172441
ENSG00000240827	3	98338909	98339462
ENSG00000266233	3	98342793	98342888
ENSG00000229159	Y	24329997	24332168
ENSG00000207142	12	42848522	42848623
ENSG00000257268	12	111269583	111283767
ENSG00000244153	3	98376646	98379414
ENSG00000257225	12	42853168	42859930
ENSG00000173557	2	26785450	26802400
ENSG00000269466	5	17655237	17655647
ENSG00000242963	12	130701352	130701702
ENSG00000260255	16	25836031	25837651
ENSG00000225560	Y	9185120	9193010
ENSG00000239445	3	98433174	98451495
ENSG00000265005	16	26036558	26036631
ENSG00000199929	16	26040233	26040346
ENSG00000138002	2	27667238	27712656
ENSG00000225615	Y	24344576	24349859
ENSG00000229767	HSCHR6_MHC_APD	30861248	30865452
ENSG00000230330	16	26043860	26044132
ENSG00000259862	12	130734224	130751270
ENSG00000241286	12	111279342	111280191
ENSG00000237140	16	26074071	26074418
ENSG00000229234	Y	24355478	24362727
ENSG00000240747	3	42850975	42984284
ENSG00000256391	6	166307330	166309725
ENSG00000243847	2	24219667	24219955
ENSG00000213199	7	150745379	150749843
ENSG00000222940	2	24268705	24268808
ENSG00000249274	3	98501032	98502037
ENSG00000231876	16	26329428	26345749
ENSG00000232642	2	24388753	24397874
ENSG00000206712	3	98523822	98523928
ENSG00000175065	18	28956740	28994875
ENSG00000108950	17	66531254	66597530
ENSG00000263441	16	56991177	56991273
ENSG00000151892	10	117816444	118032979
ENSG00000259922	16	57046983	57048012
ENSG00000115368	2	190306159	190340291
ENSG00000225058	3	187715210	187721778
ENSG00000236183	HSCHR6_MHC_COX	31673838	31677035
ENSG00000223609	11	5253908	5256600
ENSG00000112343	6	25963030	25987384
ENSG00000261264	HG7_PATCH	142668776	142694414
ENSG00000260145	16	57086417	57092409
ENSG00000142677	1	24446261	24469611
ENSG00000236412	3	187719488	187721194
ENSG00000228480	16	26366117	26369676
ENSG00000176082	14	70935877	70937825
ENSG00000234238	3	187824884	187864808
ENSG00000260148	16	57125125	57126215
ENSG00000101255	20	361261	378203
ENSG00000113460	5	34915481	34926101
ENSG00000270959	3	187868994	187871845
ENSG00000260038	16	57281262	57282404
ENSG00000164458	6	166571144	166582188
ENSG00000252263	14	70962824	70962927
ENSG00000224563	3	188280026	188286454
ENSG00000250715	5	17670277	17670680
ENSG00000260946	16	57282459	57286664
ENSG00000259115	14	71060031	71107921
ENSG00000264114	3	188348429	188348490
ENSG00000204164	10	48901102	48950972
ENSG00000260965	16	57355264	57356029
ENSG00000207651	3	188406569	188406654
ENSG00000236481	16	26596076	26606134
ENSG00000095752	19	55875757	55881831
ENSG00000234076	3	188659504	188665428
ENSG00000258951	14	71061269	71062487
ENSG00000271456	16	57366291	57366511
ENSG00000260580	16	26733195	26740447
ENSG00000236182	3	188707171	188707924
ENSG00000245466	14	71075515	71108015
ENSG00000260557	HG7_PATCH	142699949	142701464
ENSG00000264935	16	26747550	26747638
ENSG00000260345	16	57494967	57496649
ENSG00000230115	3	188956475	188958383
ENSG00000234186	16	27078028	27080486
ENSG00000240837	14	71076803	71077094
ENSG00000260828	16	57637049	57637609
ENSG00000269515	10	44873687	44878739
ENSG00000258689	14	71165415	71178870
ENSG00000261482	16	27078249	27079179
ENSG00000261633	16	57655946	57665559
ENSG00000227971	3	189363116	189363255
ENSG00000261557	16	27144804	27146500
ENSG00000260467	16	57715036	57735642
ENSG00000231350	HSCHR6_MHC_APD	30959727	30965917
ENSG00000239462	3	98621268	98737406
ENSG00000222719	3	38841787	38841885
ENSG00000207761	14	101493122	101493201
ENSG00000231243	3	38865393	38866793
ENSG00000249937	5	17684693	17955966
ENSG00000261045	16	27169775	27187908
ENSG00000207762	14	101493437	101493520
ENSG00000184185	17	21279509	21323179
ENSG00000187783	10	45406648	45432450
ENSG00000194717	14	101495971	101496051
ENSG00000242061	14	23163307	23163744
ENSG00000259940	16	27224631	27226314
ENSG00000163520	3	13573824	13679922
ENSG00000215941	3	38948805	38948880
ENSG00000221036	14	101496389	101496466
ENSG00000145839	5	135227935	135231516
ENSG00000260040	HG7_PATCH	142701710	142723277
ENSG00000206708	3	39067478	39067584
ENSG00000235213	14	23171352	23172274
ENSG00000143387	1	150768684	150780799
ENSG00000215034	3	39255684	39256163
ENSG00000212040	14	101498324	101498401
ENSG00000259954	16	27458990	27464714
ENSG00000256064	12	130904080	130905564
ENSG00000207743	14	101500092	101500173
ENSG00000258458	14	23171820	23235771
ENSG00000262912	HSCHR12_1_CTG1	82418	82555
ENSG00000007520	16	1399241	1401912
ENSG00000265032	14	101505680	101505774
ENSG00000215560	Y	24442945	24445023
ENSG00000262927	HSCHR12_1_CTG1	86667	88073
ENSG00000271946	14	101506017	101506102
ENSG00000261736	16	27654520	27655984
ENSG00000270367	3	39327476	39329411
ENSG00000251764	17	64891608	64891689
ENSG00000106591	7	42971799	42988557
ENSG00000207934	14	101506556	101506636
ENSG00000221528	16	27673221	27673339
ENSG00000264491	17	65016050	65017859
ENSG00000228168	3	39376470	39377430
ENSG00000256725	12	131112861	131200826
ENSG00000269559	4	75023327	75024085
ENSG00000265664	17	65028525	65029406
ENSG00000105732	19	42572629	42585701
ENSG00000261329	16	27690261	27730104
ENSG00000258823	14	23192685	23195781
ENSG00000099284	10	71812552	71872036
ENSG00000118017	3	137842560	137851229
ENSG00000264421	17	65220419	65221657
ENSG00000212302	14	23225970	23226038
ENSG00000112701	6	76311225	76427997
ENSG00000212335	14	23321825	23321937
ENSG00000199716	14	23337027	23337126
ENSG00000176222	19	44376515	44405537
ENSG00000147883	9	22002902	22009362
ENSG00000259153	14	71276922	71282120
ENSG00000160472	19	55888204	55889612
ENSG00000229940	Y	24452072	24454098
ENSG00000201371	16	27733605	27733713
ENSG00000213180	17	65220844	65221157
ENSG00000212382	16	27874572	27874677
ENSG00000223754	2	24422708	24424567
ENSG00000207266	16	28009616	28009722
ENSG00000185436	1	24480647	24514449
ENSG00000237054	14	23388665	23396105
ENSG00000109586	4	174089904	174245118
ENSG00000261686	HG7_PATCH	142786754	142787791
ENSG00000243040	Y	24455006	24467972
ENSG00000260452	16	28122494	28122968
ENSG00000176381	6	166719168	166721936
ENSG00000101333	20	9049410	9461889
ENSG00000216058	3	189547711	189547798
ENSG00000200652	16	28190419	28190544
ENSG00000230077	3	189686819	189687650
ENSG00000200138	16	28194639	28194751
ENSG00000261323	HG7_PATCH	142812926	142813953
ENSG00000264882	14	101507104	101507206
ENSG00000265045	3	189831723	189832061
ENSG00000250982	16	28251014	28251989
ENSG00000229117	12	56510370	56511727
ENSG00000215957	14	101507700	101507782
ENSG00000260791	HG7_PATCH	141562660	141563537
ENSG00000225764	3	189838753	189862635
ENSG00000260438	16	57747694	57748869
ENSG00000168056	11	65306276	65326401
ENSG00000183474	5	68856035	68890550
ENSG00000180432	3	42897497	42917633
ENSG00000174255	3	113953483	113956425
ENSG00000252733	3	189861445	189861532
ENSG00000242628	2	24437250	24444385
ENSG00000233493	19	55890613	55895966
ENSG00000260363	HG7_PATCH	141586948	141587892
ENSG00000256343	12	131135916	131153778
ENSG00000212489	3	189883206	189883312
ENSG00000175449	5	94982458	95020477
ENSG00000206833	16	57864440	57864546
ENSG00000182585	4	75174190	75181024
ENSG00000238077	3	189884553	189885440
ENSG00000265209	16	57908288	57908434
ENSG00000144063	2	110841447	110874143
ENSG00000207173	16	58116972	58117072
ENSG00000260935	HG7_PATCH	141611017	141611743
ENSG00000238083	17	44588877	44633016
ENSG00000259247	Y	24476599	24478647
ENSG00000124459	19	44416781	44439430
ENSG00000261151	16	58125957	58126851
ENSG00000231047	3	190342384	190342958
ENSG00000256250	12	131295151	131296983
ENSG00000223117	3	190359952	190360292
ENSG00000198818	6	166733216	166756079
ENSG00000260545	16	58150789	58153257
ENSG00000273370	3	190377005	190377539
ENSG00000260446	HG7_PATCH	141940559	141946886
ENSG00000138231	3	137879854	137893791
ENSG00000237902	Y	24546550	24548715
ENSG00000266473	17	65240953	65241922
ENSG00000260927	16	58163433	58193037
ENSG00000176399	9	22446840	22455739
ENSG00000228730	3	190415712	190416637
ENSG00000200619	17	65264226	65264344
ENSG00000207410	17	65267585	65267723
ENSG00000256299	12	131295366	131297167
ENSG00000264093	17	65272234	65272467
ENSG00000260491	HG7_PATCH	141965650	141972054
ENSG00000251805	2	24496483	24496610
ENSG00000082641	17	46125691	46138849
ENSG00000162572	1	1215816	1227409
ENSG00000238612	17	65403959	65404062
ENSG00000180138	13	37677398	37679803
ENSG00000181847	3	113995760	114029135
ENSG00000235059	Y	24585087	24631739
ENSG00000201547	17	65404890	65404997
ENSG00000113396	5	127873706	128369335
ENSG00000258068	12	42879155	42883821
ENSG00000182983	3	42947223	42960825
ENSG00000228701	10	93542596	93558048
ENSG00000244610	17	65453141	65453406
