ENSG00000233025	7	102729111	102730057
ENSG00000263968	16	85692984	85693279
ENSG00000186369	14	62584197	62596352
ENSG00000255464	8	150385	150562
ENSG00000172971	3	75668657	75673000
ENSG00000255133	11	33836423	33843641
ENSG00000222190	16	85775227	85775306
ENSG00000234504	10	45395062	45415668
ENSG00000269898	16	85776893	85777831
ENSG00000253166	8	152660	152897
ENSG00000201867	11	34210721	34210822
ENSG00000182944	22	29663998	29696515
ENSG00000235151	2	242786532	242787188
ENSG00000223462	10	45432956	45451173
ENSG00000254708	11	34356665	34357550
ENSG00000223508	8	163186	182231
ENSG00000224415	7	102781796	102782386
ENSG00000273363	10	45454365	45454906
ENSG00000220204	11	34426210	34426496
ENSG00000258336	12	61994231	61994624
ENSG00000267574	19	29938945	29939287
ENSG00000243422	3	75673837	75674304
ENSG00000233806	2	242823514	243020873
ENSG00000242922	12	62169704	62170181
ENSG00000221795	3	75679914	75680009
ENSG00000266248	19	29980682	30017855
ENSG00000144045	2	74745258	74753463
ENSG00000269496	3	172361483	172361740
ENSG00000138439	2	203499901	203634480
ENSG00000241532	3	75702712	75703924
ENSG00000267433	19	30392603	30392776
ENSG00000224617	X	71009236	71009486
ENSG00000257528	12	62273099	62274553
ENSG00000151413	14	31959162	32330430
ENSG00000267258	19	30412089	30412560
ENSG00000226937	10	45497670	45642669
ENSG00000229030	X	71068625	71068854
ENSG00000213363	12	62415351	62415955
ENSG00000272812	8	183119	183692
ENSG00000242100	19	30447276	30447895
ENSG00000272240	8	184347	184887
ENSG00000201392	X	71185822	71185924
ENSG00000169605	2	69201705	69208106
ENSG00000237940	2	242912834	242919427
ENSG00000127125	1	42921788	42939056
ENSG00000196933	X	71264395	71264742
ENSG00000267006	19	30519648	30520823
ENSG00000267692	19	30528192	30528318
ENSG00000170379	7	143318043	143427502
ENSG00000266910	19	30528330	30529063
ENSG00000174485	15	65950384	66084631
ENSG00000241129	12	125420001	125420441
ENSG00000126091	1	44171495	44396831
ENSG00000273402	8	187045	187669
ENSG00000164823	8	90914087	90940116
ENSG00000267223	19	30710573	30719622
ENSG00000226423	2	242967334	242968327
ENSG00000213264	3	132120097	132120640
ENSG00000223148	19	31105127	31105227
ENSG00000254104	8	214315	214672
ENSG00000267760	19	31156181	31159554
ENSG00000232002	2	242989846	243026289
ENSG00000064989	2	188207856	188313187
ENSG00000248345	X	71352000	71354556
ENSG00000229458	10	83983969	83988935
ENSG00000267081	19	31341882	31363414
ENSG00000261186	2	243029505	243030608
ENSG00000251614	3	132364675	132369227
ENSG00000162366	1	47649265	47656716
ENSG00000168958	2	228189867	228222550
ENSG00000243137	19	43696854	43711451
ENSG00000261316	19	31398106	31400062
ENSG00000249868	8	255306	281026
ENSG00000215580	Y	21617317	21665039
ENSG00000267378	19	31437488	31448098
ENSG00000267777	19	31658422	31698569
ENSG00000150995	3	4535032	4889524
ENSG00000215933	X	71372186	71372264
ENSG00000165192	X	15298053	15333778
ENSG00000225471	X	71364034	71381600
ENSG00000119013	2	201936156	201950473
ENSG00000130748	19	47549165	47551888
ENSG00000220804	2	243030784	243102304
ENSG00000160862	7	99564343	99573780
ENSG00000267662	19	31839787	31908700
ENSG00000168060	11	64812290	64826021
ENSG00000267636	19	31912903	31918208
ENSG00000248724	3	132440594	132593067
ENSG00000182366	8	325931	333174
ENSG00000267599	19	31956559	31957337
ENSG00000228294	14	19670480	19686002
ENSG00000267407	19	32032945	32045703
ENSG00000213846	3	27674467	27675211
ENSG00000248510	4	97231852	97740015
ENSG00000271943	3	27679806	27680267
ENSG00000261400	19	32078946	32086626
ENSG00000201640	4	97269889	97270189
ENSG00000232766	3	27744620	27745059
ENSG00000257227	14	19691780	19692374
ENSG00000236764	4	97823952	97824201
ENSG00000267465	19	32079102	32084687
ENSG00000239577	X	71418562	71418898
ENSG00000256093	12	125540905	125541127
ENSG00000250355	3	132575913	132576068
ENSG00000223813	7	29553841	29603286
ENSG00000272282	3	27754401	27755496
ENSG00000264396	X	71443094	71443403
ENSG00000238926	X	71504795	71504895
ENSG00000249725	3	132733848	132755896
ENSG00000256814	12	125634604	125635940
ENSG00000253170	4	98041852	98056210
ENSG00000101951	X	49593863	49598576
ENSG00000222810	X	71596829	71597019
ENSG00000216708	11	34452427	34453196
ENSG00000167565	19	40946751	40950612
ENSG00000257573	14	19719545	19720589
ENSG00000241622	3	75707685	75708165
ENSG00000225548	3	27844253	27932792
ENSG00000272293	8	400714	401343
ENSG00000271184	12	126384967	126386029
ENSG00000251011	3	132964950	132976032
ENSG00000254044	4	98255786	98554974
ENSG00000236138	3	75718082	75719336
ENSG00000225858	X	71880320	71880569
ENSG00000264667	11	34505983	34506085
ENSG00000130749	19	47567444	47617009
ENSG00000270196	7	29591137	29591767
ENSG00000130595	11	1940792	1959936
ENSG00000252780	19	32146262	32146367
ENSG00000249267	12	126443234	126467920
ENSG00000115524	2	198254508	198299815
ENSG00000242516	3	75721542	75728454
ENSG00000255271	11	34554561	34579471
ENSG00000152818	6	144606837	145174170
ENSG00000272005	8	424455	427966
ENSG00000257310	14	19740033	19742744
ENSG00000201894	19	32278054	32278161
ENSG00000162367	1	47681962	47697892
ENSG00000170915	6	52226219	52272575
ENSG00000251620	4	98288077	98411315
ENSG00000225264	7	29638411	29724871
ENSG00000267315	17	33704435	33704697
ENSG00000267012	19	32377610	32399190
ENSG00000258781	14	19742775	19758782
ENSG00000229243	3	27872379	27875627
ENSG00000231944	X	71908800	71932190
ENSG00000262039	17	47448102	47554350
ENSG00000167183	17	46029333	46035244
ENSG00000271995	4	98407957	98408047
ENSG00000186522	2	110300559	110371783
ENSG00000253052	12	30052836	30052940
ENSG00000225738	10	83988741	83992676
ENSG00000271632	14	19787427	19787943
ENSG00000267711	17	33727897	33730025
ENSG00000250293	4	98837504	98838552
ENSG00000254207	8	675188	675877
ENSG00000257262	12	30353916	30370849
ENSG00000267547	17	33730856	33731392
ENSG00000164975	9	15422702	15465951
ENSG00000196143	14	19806437	19807415
ENSG00000163637	3	64079543	64431152
ENSG00000242697	4	98946541	98947391
ENSG00000177311	3	141043055	141168634
ENSG00000235493	3	28038701	28070095
ENSG00000255427	11	34592423	34595529
ENSG00000123411	12	56401443	56432219
ENSG00000267745	17	33733703	33736787
ENSG00000257756	12	30383712	30449640
ENSG00000202482	X	71945976	71946190
ENSG00000223437	7	29665486	29665599
ENSG00000265592	3	75762167	75762465
ENSG00000173714	17	48912011	48919709
ENSG00000271369	11	34731147	34731708
ENSG00000266396	3	75787431	75787514
ENSG00000171169	9	130823512	130830485
ENSG00000258188	14	19812176	19859970
ENSG00000270491	11	34764453	34764746
ENSG00000214904	4	98969706	98970194
ENSG00000234048	3	28469454	28469935
ENSG00000257749	14	19832617	19857070
ENSG00000267648	17	33733967	33734837
ENSG00000207275	10	84100527	84100632
ENSG00000251862	11	34963384	34963467
ENSG00000251781	12	30459364	30459457
ENSG00000230480	3	28489216	28489564
ENSG00000237647	8	687651	1087777
ENSG00000200774	10	84827718	84827827
ENSG00000200658	4	99094935	99095030
ENSG00000257932	12	30473767	30474550
ENSG00000234931	10	85071384	85074231
ENSG00000002330	11	64037302	64052176
ENSG00000090013	19	40953696	40971747
ENSG00000214559	4	99172839	99182781
ENSG00000255521	11	35154202	35159579
ENSG00000267102	17	33736621	33737247
ENSG00000185294	17	43922256	43924438
ENSG00000242013	X	49644470	49647166
ENSG00000258202	12	30607852	30645235
ENSG00000242318	4	99330441	99330914
ENSG00000265268	10	85196790	85196885
ENSG00000232569	HSCHR6_MHC_APD	29523504	29601074
ENSG00000233945	10	85432162	85435195
ENSG00000251523	4	99417515	99431086
ENSG00000246331	12	30908008	30933673
ENSG00000267312	17	33786500	33787569
ENSG00000243976	14	100785408	100785707
ENSG00000223565	10	85495262	85496249
ENSG00000241837	21	35275757	35288284
ENSG00000260641	4	99580055	99585701
ENSG00000263519	14	100789165	100789270
ENSG00000212324	10	85524114	85524220
ENSG00000235884	12	30947977	30955645
ENSG00000138018	2	26531415	26618759
ENSG00000145626	5	35951112	36001130
ENSG00000233258	10	85671410	85672678
ENSG00000258666	14	100800127	100820398
ENSG00000228214	3	28616282	28799831
ENSG00000255443	11	35231890	35236532
ENSG00000219626	2	24299396	24392509
ENSG00000244306	14	19854098	19925348
ENSG00000249764	4	99634955	99635122
ENSG00000258521	14	100806169	100806891
ENSG00000186092	1	69091	70008
ENSG00000105048	19	55644162	55660722
ENSG00000088280	1	23755056	23811061
ENSG00000213698	X	71947802	71948646
ENSG00000227118	4	99661893	99662382
ENSG00000164556	7	38724946	38726637
ENSG00000273171	17	26691310	26695033
ENSG00000258118	12	31014855	31015113
ENSG00000251194	11	35234097	35235554
ENSG00000201271	X	71960530	71960693
ENSG00000237683	1	134901	139379
ENSG00000141232	17	48939584	48945339
ENSG00000249055	4	99830688	99830999
ENSG00000269911	X	71997432	71998921
ENSG00000255004	11	35303360	35307556
ENSG00000099204	10	116190872	116444762
ENSG00000263923	4	99850048	99916145
ENSG00000229583	X	72001689	72002484
ENSG00000165195	X	15337573	15353676
ENSG00000258581	14	100832965	100833257
ENSG00000235249	1	367640	368634
ENSG00000238449	4	99851074	99851138
ENSG00000096093	6	52285106	52387892
ENSG00000214886	4	99877133	99877918
ENSG00000159640	17	61554422	61599205
ENSG00000104320	8	90945564	91015456
ENSG00000206706	16	16407969	16408068
ENSG00000258620	14	100872936	100873950
ENSG00000227827	16	16450081	16471364
ENSG00000252548	4	99887966	99888024
ENSG00000185097	1	621059	622053
ENSG00000171365	X	49687225	49863892
ENSG00000112096	6	160090089	160183561
ENSG00000115598	2	102803433	102856462
ENSG00000251437	4	99897951	99898268
ENSG00000258366	20	62289163	62328416
ENSG00000254269	8	1054882	1212580
ENSG00000146197	6	35182190	35220856
ENSG00000167085	17	47481414	47492246
ENSG00000265213	4	99918538	99918611
ENSG00000146701	7	75677369	75696826
ENSG00000269831	1	738532	739137
ENSG00000252311	16	85815381	85815505
ENSG00000166912	15	31231144	31283810
ENSG00000270184	16	85817988	85821223
ENSG00000100056	22	19117792	19132197
ENSG00000269308	1	818043	819983
ENSG00000161999	16	731671	734529
ENSG00000225396	X	72027259	72028044
ENSG00000270159	16	85826021	85826539
ENSG00000186675	X	75002823	75005079
ENSG00000214860	17	18280976	18292961
ENSG00000106261	7	99613204	99639312
ENSG00000235294	3	181222863	181223667
ENSG00000198730	11	10772534	10801290
ENSG00000095970	6	41126244	41130924
ENSG00000205359	5	101707486	101834720
ENSG00000227855	7	29689843	29782210
ENSG00000239381	3	181251965	181253669
ENSG00000270698	16	85848031	85848668
ENSG00000267094	19	32413790	32436304
ENSG00000214259	16	85849479	85850142
ENSG00000102390	X	75392771	75398039
ENSG00000221504	19	32417479	32417594
ENSG00000266317	3	181531189	181531488
ENSG00000268804	16	85968887	85969829
ENSG00000267684	19	32456548	32457875
ENSG00000199839	3	181540660	181540778
ENSG00000130283	19	18979361	19006905
ENSG00000004139	17	26691378	26728065
ENSG00000206495	HSCHR6_MHC_QBL	30283753	30304091
ENSG00000254160	8	1196789	1198760
ENSG00000239805	3	181565314	181565673
ENSG00000269667	16	86015356	86018329
ENSG00000267489	19	32458005	32516697
ENSG00000253640	8	1244292	1250829
ENSG00000213155	3	181584139	181584942
ENSG00000261177	16	86115015	86123132
ENSG00000226824	7	66119525	66134842
ENSG00000260721	8	1316808	1317999
ENSG00000268078	16	86191812	86192404
ENSG00000204119	X	72158003	72158798
ENSG00000267779	19	32516768	32547771
ENSG00000198270	12	112369086	112450970
ENSG00000268505	16	86226399	86232519
ENSG00000187634	1	860260	879955
ENSG00000272831	7	66204816	66205372
ENSG00000269186	16	86229787	86233326
ENSG00000186409	1	42929001	43120335
ENSG00000271064	7	66213825	66214064
ENSG00000242512	3	181670131	181728466
ENSG00000238841	7	66255341	66255451
ENSG00000103495	16	29817427	29823649
ENSG00000230583	7	66274980	66309813
ENSG00000270058	16	86255029	86256335
ENSG00000163661	3	157154578	157161417
ENSG00000114346	3	172468472	172539264
ENSG00000268754	16	86259186	86309351
ENSG00000253267	8	1513675	1570583
ENSG00000115307	2	74753772	74757066
ENSG00000267204	19	32592994	32596822
ENSG00000198934	X	75648046	75651744
ENSG00000199949	16	86309036	86309129
ENSG00000268532	16	86320033	86326995
ENSG00000088726	3	12775024	12810956
ENSG00000148339	9	130830480	130871524
ENSG00000267133	19	32594489	32597443
ENSG00000254265	8	1678372	1679618
ENSG00000258198	14	19854816	19855864
ENSG00000226472	12	31149973	31158938
ENSG00000196468	X	76709648	76712769
ENSG00000232546	7	66313483	66323123
ENSG00000174514	1	205538013	205572046
ENSG00000257977	14	19882993	19883606
ENSG00000200738	19	32734871	32734989
ENSG00000256984	12	31165437	31168601
ENSG00000112195	6	41158015	41168932
ENSG00000212024	7	29720350	29720444
ENSG00000263960	19	32868188	32868273
ENSG00000238906	7	29952144	29952248
ENSG00000245614	12	31173697	31226781
ENSG00000090263	7	140705854	140715028
ENSG00000168367	16	86365450	86383289
ENSG00000227014	7	30028216	30065276
ENSG00000215394	14	19889386	19904890
ENSG00000212533	12	31229801	31229950
ENSG00000270926	12	31258039	31259764
ENSG00000131002	Y	21729199	21768160
ENSG00000151470	4	130014472	130037795
ENSG00000006715	7	38762563	38971994
ENSG00000257679	HSCHR4_1	69676504	69699836
ENSG00000167740	17	4046462	4090605
ENSG00000139572	12	54756229	54758271
ENSG00000177359	12	31264586	31359088
ENSG00000257578	HSCHR4_1	69242120	69242246
ENSG00000257931	14	19932012	19972292
ENSG00000174899	3	157261035	157395538
ENSG00000189167	13	32877837	32889481
ENSG00000123473	1	47715811	47779819
ENSG00000257067	11	115803492	115813713
ENSG00000165197	X	15363713	15402498
ENSG00000251429	4	159191530	159199828
ENSG00000184009	17	79476997	79490873
ENSG00000244259	11	115820914	115821519
ENSG00000243927	21	35445524	35515334
ENSG00000239600	11	115821823	115822209
ENSG00000259142	14	62600867	62606691
ENSG00000258287	HSCHR4_1	69752901	69753179
ENSG00000269826	16	86380993	86383217
ENSG00000165752	10	134020996	134145351
ENSG00000270852	14	62617374	62618976
ENSG00000238625	11	116191061	116191162
ENSG00000258638	14	62981590	62981841
ENSG00000236437	11	116367616	116371347
ENSG00000230907	HSCHR6_MHC_COX	32044940	32046524
ENSG00000186868	17	43971748	44105700
ENSG00000199634	4	159316546	159316686
ENSG00000258877	14	63070831	63072435
ENSG00000206203	22	19118321	19120134
ENSG00000237937	11	116510139	116528969
ENSG00000248387	4	159390738	159391854
ENSG00000164985	9	15464064	15511017
ENSG00000258995	14	63589725	63589919
ENSG00000173264	11	64037534	64056972
ENSG00000252883	12	62511668	62511739
ENSG00000257880	12	62533780	62539424
ENSG00000249901	4	159411918	159431060
ENSG00000256349	11	66276550	66301084
ENSG00000226645	11	116644105	116644921
ENSG00000259093	14	63589751	63594932
ENSG00000258316	12	62628171	62629296
ENSG00000271817	4	159621843	159622060
ENSG00000231611	11	116645826	116646592
ENSG00000200814	12	62727872	62727978
ENSG00000063515	22	19136089	19137796
ENSG00000206703	4	159715742	159715848
ENSG00000265711	14	63699433	63699530
ENSG00000257568	12	62876129	62878712
ENSG00000236267	11	116683920	116684719
ENSG00000221314	4	159921298	159921442
ENSG00000252257	3	181686247	181686469
ENSG00000160460	19	40972148	41082370
ENSG00000105669	19	19010323	19030206
ENSG00000258943	14	63764844	63766265
ENSG00000142230	19	47616531	47713886
ENSG00000248988	4	159928271	159928987
ENSG00000240478	3	181839672	181859925
ENSG00000253982	8	1710156	1712668
ENSG00000202034	12	62939362	62939459
ENSG00000235910	11	116706833	116726445
ENSG00000242012	3	182082935	182086044
ENSG00000231865	11	116756762	116761437
ENSG00000249367	4	159947291	159947679
ENSG00000261059	HG79_PATCH	136080664	136084628
ENSG00000264344	11	116886146	116886245
ENSG00000226725	X	72218227	72222695
ENSG00000200537	11	116886613	116886708
ENSG00000206978	4	159985449	159985550
ENSG00000242123	17	60397245	60397550
ENSG00000155975	8	17104080	17159936
ENSG00000234268	11	116906513	116906767
ENSG00000266377	4	160044785	160044836
ENSG00000085224	X	76760356	77041702
ENSG00000272962	21	35445870	35478561
ENSG00000224077	11	116969703	116978886
ENSG00000231963	X	72300006	72304474
ENSG00000225236	11	116988510	116989897
ENSG00000183668	19	43715943	43773682
ENSG00000207826	8	1765397	1765473
ENSG00000198743	21	35445870	35478559
ENSG00000254851	11	117006244	117009298
ENSG00000230311	X	72442960	72443394
ENSG00000229544	10	126135592	126138753
ENSG00000253696	8	1919563	1924644
ENSG00000205174	7	108524032	108524644
ENSG00000161642	12	54762917	54785082
ENSG00000229071	HSCHR6_MHC_COX	32064598	32070614
ENSG00000215380	11	35395812	35396021
ENSG00000231519	7	30109274	30114731
ENSG00000237014	X	72457483	72458545
ENSG00000254678	11	117014607	117014907
ENSG00000230751	7	30180486	30181033
ENSG00000100075	22	19163095	19166343
ENSG00000255542	11	35440604	35442549
ENSG00000196628	18	52889562	53332018
ENSG00000252992	11	117134515	117134668
ENSG00000139618	13	32889611	32973805
ENSG00000262022	HSCHR19_2_CTG3	21915047	21959807
ENSG00000239809	17	60459029	60459376
ENSG00000254669	11	35600978	35606858
ENSG00000250699	11	117187078	117198754
ENSG00000269185	7	108540389	108540655
ENSG00000271412	11	117206972	117207347
ENSG00000087842	X	15402921	15511687
ENSG00000262618	HSCHR19_2_CTG3	21837956	21839341
ENSG00000270403	11	117539198	117539573
ENSG00000253764	8	1920736	1922803
ENSG00000254686	11	35678242	35682887
ENSG00000263925	HSCHR19_2_CTG3	21889688	21889796
ENSG00000251981	17	60460465	60460527
ENSG00000254844	11	117689158	117693172
ENSG00000265998	HSCHR19_2_CTG3	21945292	21945364
ENSG00000261355	11	35835882	35839557
ENSG00000101290	20	5107432	5178533
ENSG00000267554	17	33797088	33797647
ENSG00000225664	X	72494621	72495351
ENSG00000268842	19	53665681	53666816
ENSG00000132570	5	134240596	134343649
ENSG00000159197	21	35736323	35743688
ENSG00000158711	1	205577071	205601090
ENSG00000267349	17	33805013	33805463
ENSG00000167371	16	29823177	29827201
ENSG00000186082	11	35881799	35883048
ENSG00000269051	19	53700364	53714268
ENSG00000254528	11	117704434	117709657
ENSG00000270988	8	1922984	1923480
ENSG00000267046	17	33817028	33818257
ENSG00000266590	11	35882204	35882294
ENSG00000253805	8	1981650	1983729
ENSG00000127580	16	734622	740444
ENSG00000254919	11	35936601	35940289
ENSG00000267369	17	33825237	33826194
ENSG00000115129	2	24300303	24308731
ENSG00000269001	19	53716241	53716649
ENSG00000111701	12	7801996	7818499
ENSG00000207486	X	72617367	72617473
ENSG00000267809	19	53727226	53728132
ENSG00000267074	17	33826709	33837289
ENSG00000163125	1	150335567	150449042
ENSG00000233162	X	72694399	72694666
ENSG00000254672	11	35988560	35990226
ENSG00000115602	2	102927962	102968497
ENSG00000255987	17	33841785	33842205
ENSG00000184903	7	110303110	111202573
ENSG00000270258	10	45551104	45551716
ENSG00000269288	19	53743928	53745166
ENSG00000253444	8	2350992	2369693
ENSG00000228462	10	45568594	45568989
ENSG00000267035	17	33867058	33867816
ENSG00000269758	19	53771123	53774185
ENSG00000107902	10	126150403	126306457
ENSG00000255256	11	35993978	36010557
ENSG00000205670	21	35747779	35780164
ENSG00000267359	17	33880224	33881786
ENSG00000269904	X	72744111	72782921
ENSG00000240303	3	132276982	132379567
ENSG00000255274	11	117886487	117957508
ENSG00000241228	11	36018776	36019225
ENSG00000133640	12	85430092	85657002
ENSG00000189348	19	53784808	53788200
ENSG00000267625	17	33888558	33889096
ENSG00000232554	10	45595614	45611549
ENSG00000273336	10	135294742	135295274
ENSG00000242660	17	33893536	33893691
ENSG00000263389	11	36031648	36031754
ENSG00000224160	2	243062007	243062204
ENSG00000253855	8	2376124	2379308
ENSG00000258500	14	100947289	100947611
ENSG00000272075	11	117937952	117938252
ENSG00000221770	12	100551034	100551116
ENSG00000244528	2	243064438	243064620
ENSG00000196559	11	36290834	36294909
ENSG00000234652	Y	3161849	3162867
ENSG00000255163	11	118079647	118079926
ENSG00000253075	14	100953881	100954124
ENSG00000266547	10	135311055	135311140
ENSG00000271153	2	243160372	243160825
ENSG00000249694	8	2447076	2480453
ENSG00000259031	14	101005276	101006746
ENSG00000233685	10	135388626	135389535
ENSG00000249820	3	133128799	133129687
ENSG00000266610	12	100552275	100552521
ENSG00000213543	10	135450912	135451396
ENSG00000254566	11	36342708	36344990
ENSG00000222883	3	76014131	76014220
ENSG00000254992	11	118193504	118193798
ENSG00000258576	14	101054112	101055663
ENSG00000249993	3	133148113	133174620
ENSG00000233435	10	135455590	135456398
ENSG00000212104	3	76467047	76467131
ENSG00000255186	11	36408071	36409800
ENSG00000257489	12	100566974	100593561
ENSG00000163638	3	64501333	64673676
ENSG00000140262	15	57210821	57591479
ENSG00000269944	11	118286692	118287236
ENSG00000267321	17	33895139	33901811
ENSG00000003402	2	201980827	202041410
ENSG00000237475	X	72755339	72756077
ENSG00000255060	11	36446997	36447672
ENSG00000263889	11	118301123	118301419
ENSG00000269118	19	53802304	53811897
ENSG00000196273	14	101123587	101142406
ENSG00000235690	10	45622766	45644362
ENSG00000230146	X	72989083	72990258
ENSG00000254498	11	36717867	36719417
ENSG00000270641	X	73012040	73049066
ENSG00000255435	11	118382626	118401809
ENSG00000174677	19	53818390	53819296
ENSG00000251838	11	37723675	37723770
ENSG00000216777	Y	3417693	3417851
ENSG00000241069	19	53889486	53889641
ENSG00000146457	6	160146617	160177351
ENSG00000254319	8	2523591	2585991
ENSG00000241098	3	182164758	182204152
ENSG00000242834	11	37747216	37748006
ENSG00000232927	Y	3550846	3551909
ENSG00000254516	11	37960151	37976213
ENSG00000243349	10	45642842	45666837
ENSG00000244199	3	182178205	182178860
ENSG00000079689	6	25652464	25702011
ENSG00000239912	19	53916443	53916598
ENSG00000207297	17	33900676	33900772
ENSG00000258717	14	101142267	101146221
ENSG00000164418	6	101846664	102517958
ENSG00000158715	1	205626979	205649587
ENSG00000134489	18	22040593	22059921
ENSG00000267592	17	33923923	33924147
ENSG00000172179	6	22287480	22297730
ENSG00000273087	14	101203922	101204561
ENSG00000243431	11	118431405	118432295
ENSG00000254784	11	38232939	38234349
ENSG00000267003	17	34006411	34011922
ENSG00000249435	19	53929272	53929752
ENSG00000244247	3	182216052	182224912
ENSG00000207185	11	118464703	118464808
ENSG00000255176	11	118507338	118508815
ENSG00000239520	17	34046907	34047461
ENSG00000255477	11	38520545	38521736
ENSG00000241015	19	53935237	53947923
ENSG00000255175	11	38639814	38667906
ENSG00000228766	3	182328462	182329202
ENSG00000255239	11	118558748	118561309
ENSG00000229807	X	73040486	73072588
ENSG00000222018	21	35772615	35773370
ENSG00000238837	3	182362002	182373668
ENSG00000185928	16	29827285	29841948
ENSG00000181381	4	169277886	169458937
ENSG00000243627	21	35791013	35796264
ENSG00000254562	11	38668026	38695791
ENSG00000243378	3	182409716	182410073
ENSG00000127585	16	742500	755829
ENSG00000207462	11	118573051	118573156
ENSG00000260377	3	182457457	182458636
ENSG00000188056	6	41196062	41206620
ENSG00000255422	11	118575316	118620973
ENSG00000174483	11	66278077	66301098
ENSG00000240063	3	182501024	182511182
ENSG00000254478	11	118692604	118692793
ENSG00000266911	17	34084218	34085344
ENSG00000270554	3	182561309	182562407
ENSG00000267578	17	34135493	34135901
ENSG00000160336	19	53935227	53961515
ENSG00000179564	3	50316458	50325545
ENSG00000254621	11	118704555	118705265
ENSG00000263136	16	29827832	29831438
ENSG00000240975	11	39183003	39183517
ENSG00000267213	19	32880956	32896466
ENSG00000273261	3	182639028	182639726
ENSG00000179477	17	7975954	7991021
ENSG00000267025	17	34143721	34157297
ENSG00000201535	11	118706719	118706819
ENSG00000115705	2	1377995	1547483
ENSG00000244346	3	182668571	182674095
ENSG00000267347	17	34145403	34150717
ENSG00000263780	19	32991762	32991847
ENSG00000245869	11	118756550	118758451
ENSG00000267326	17	34188097	34188570
ENSG00000201591	11	39282657	39282763
ENSG00000243368	3	182734043	182735596
ENSG00000201388	19	33099243	33099375
ENSG00000264020	11	39752359	39752453
ENSG00000138078	2	44543420	44589001
ENSG00000180509	21	35818988	35884573
ENSG00000242325	19	33126984	33127381
ENSG00000237805	17	34195971	34212867
ENSG00000221804	11	39883056	39883144
ENSG00000264211	11	118781417	118781496
ENSG00000126233	8	143822362	143823829
ENSG00000270588	11	39895332	39895938
ENSG00000239726	11	118801920	118802184
ENSG00000164244	5	126853301	126890781
ENSG00000261084	16	35146491	35146887
ENSG00000264523	11	118821578	118824153
ENSG00000255347	11	40105260	40106067
ENSG00000268473	16	86468436	86469490
ENSG00000223255	17	34216562	34216808
ENSG00000222529	11	118841208	118841305
ENSG00000242436	19	33145920	33146214
ENSG00000206806	11	40373114	40373222
ENSG00000242712	11	118865044	118865343
ENSG00000266999	17	34220711	34238027
ENSG00000267557	19	33157204	33164116
ENSG00000254579	11	40466854	40468691
ENSG00000255121	11	118865534	118868714
ENSG00000135631	2	73300510	73383849
ENSG00000267475	19	33177995	33182656
ENSG00000251660	7	30197147	30199150
ENSG00000197756	2	217362912	217443903
ENSG00000267567	19	33209204	33210501
ENSG00000225907	7	30207420	30207620
ENSG00000266972	17	34239639	34245014
ENSG00000113360	5	31400604	31532303
ENSG00000266526	11	40635652	40635765
ENSG00000267245	19	33315048	33315411
ENSG00000250731	19	53982604	53983345
ENSG00000227017	7	30216003	30218630
ENSG00000221357	11	40781072	40781155
ENSG00000239527	17	60474758	60475503
ENSG00000240970	11	118873722	118874156
ENSG00000268388	16	86508135	86542705
ENSG00000252922	11	41144457	41144562
ENSG00000261239	16	46503253	46603009
ENSG00000267555	19	33322201	33324074
ENSG00000248369	4	133356957	133368390
ENSG00000207771	7	30329410	30329506
ENSG00000197353	8	143831568	143833952
ENSG00000255132	11	41416145	41448054
ENSG00000201967	19	33353706	33353998
ENSG00000241434	19	53999141	53999291
ENSG00000254428	11	118874452	118875603
ENSG00000158290	X	119658464	119709649
ENSG00000266930	19	33366831	33369327
ENSG00000254909	11	118876437	118876644
ENSG00000235859	7	30410987	30412357
ENSG00000172289	11	59480296	59481337
ENSG00000266398	11	118889654	118889722
ENSG00000069275	1	205681947	205719404
ENSG00000185340	22	29702572	29708774
ENSG00000239988	19	33454405	33454771
ENSG00000138650	4	134070470	134129356
ENSG00000267460	17	34282481	34282601
ENSG00000213777	19	54006646	54015941
ENSG00000225653	Y	3646038	3647587
ENSG00000267657	17	34290506	34292480
ENSG00000239246	17	60593682	60594128
ENSG00000102010	X	15482369	15574652
ENSG00000218410	Y	3719265	3720910
ENSG00000229518	Y	3734347	3734763
ENSG00000139597	13	32974861	33002315
ENSG00000269641	19	54107656	54111705
ENSG00000267566	17	34328458	34338658
ENSG00000267611	19	33542421	33542607
ENSG00000270020	16	86553989	86557503
ENSG00000267725	19	33558081	33558339
ENSG00000198795	18	22641890	22932154
ENSG00000267431	17	34339544	34339931
ENSG00000214548	14	101245747	101327368
ENSG00000206790	12	100651466	100651568
ENSG00000269608	19	54120056	54120508
ENSG00000171960	1	43124096	43142429
ENSG00000264355	19	33667978	33668061
ENSG00000238748	12	100795923	100796028
ENSG00000243697	16	86559063	86559858
ENSG00000242668	19	54132967	54133246
ENSG00000267054	19	33668962	33669557
ENSG00000229308	Y	3904538	3968361
ENSG00000013364	16	29831715	29859355
ENSG00000256276	12	126468248	126470780
ENSG00000147081	X	49955406	49965664
ENSG00000264546	17	60627087	60629482
ENSG00000200393	19	54156939	54157045
ENSG00000178202	11	108342832	108369159
ENSG00000271177	12	100918964	100919198
ENSG00000260944	16	86598751	86601367
ENSG00000272638	7	30464288	30465028
ENSG00000273420	19	33698035	33698545
ENSG00000270347	19	54160654	54161716
ENSG00000103260	16	765115	769655
ENSG00000207382	17	60738982	60739086
ENSG00000256342	12	126580538	126588481
ENSG00000252900	Y	4043026	4043131
ENSG00000199697	17	60761266	60761371
ENSG00000148334	9	130882972	130890741
ENSG00000260387	16	86669934	86670751
ENSG00000267714	19	33708723	33712076
ENSG00000111596	12	70636774	70748773
ENSG00000173114	7	110731062	110765510
ENSG00000257803	12	100972522	100973975
ENSG00000261161	16	86679907	86702529
ENSG00000207645	19	54169927	54170024
ENSG00000265702	17	60776605	60815283
ENSG00000253853	8	2584858	2680004
ENSG00000225878	Y	4669726	4670889
ENSG00000270212	19	33774884	33776645
ENSG00000207644	19	54172411	54172508
ENSG00000256763	12	126652781	126656212
ENSG00000260026	16	86754294	86755560
ENSG00000267580	19	33790840	33792074
ENSG00000253162	8	3230875	3232748
ENSG00000221017	19	54175222	54175294
ENSG00000180155	8	143845752	143859640
ENSG00000239036	12	101049500	101049582
ENSG00000261175	16	86755697	86771432
ENSG00000222546	8	3558014	3558150
ENSG00000207869	19	54177451	54177574
ENSG00000230259	19	33790853	33793430
ENSG00000252468	Y	4887117	4887307
ENSG00000255778	12	126675924	126709860
ENSG00000003436	2	188328957	188430487
ENSG00000264588	8	4250344	4250612
ENSG00000207599	19	54178965	54179051
ENSG00000202502	3	182976088	182976204
ENSG00000257325	12	101246109	101253040
ENSG00000265000	17	60885861	60913732
ENSG00000207616	19	54182257	54182339
ENSG00000267727	19	33792185	33792846
ENSG00000257061	12	126842580	126843442
ENSG00000231341	Y	5075256	5076110
ENSG00000254244	8	4644854	4646106
ENSG00000260795	16	86939781	86940078
ENSG00000264907	17	60918462	60919006
ENSG00000207810	19	54183194	54183277
ENSG00000166900	11	59480929	59573354
ENSG00000162368	1	47799469	47844511
ENSG00000240024	3	183165396	183173801
ENSG00000232190	16	87091390	87097597
ENSG00000267296	19	33793763	33795960
ENSG00000214706	3	50325163	50330349
ENSG00000263931	17	61012763	61044171
ENSG00000150093	10	33189247	33294720
ENSG00000196295	7	30555925	30634425
ENSG00000207555	19	54185413	54185499
ENSG00000255595	12	126843848	126845611
ENSG00000207552	17	61021576	61021673
ENSG00000267881	19	42212531	42265190
ENSG00000236848	7	102792454	102792772
ENSG00000261363	16	87100311	87103354
ENSG00000207615	19	54188263	54188345
ENSG00000178863	19	33793976	33795656
ENSG00000265262	17	61028192	61028549
ENSG00000207788	19	54189723	54189809
ENSG00000111450	12	131274145	131323811
ENSG00000171916	17	18380051	18398259
ENSG00000256494	12	126885338	126890074
ENSG00000261095	16	87245728	87260036
ENSG00000266411	17	61044178	61045910
ENSG00000221421	19	54191735	54191821
ENSG00000267130	19	33795942	33800293
ENSG00000173267	10	88718375	88723017
ENSG00000110321	11	10818597	10830657
ENSG00000207594	19	54194135	54194219
ENSG00000270324	17	61055855	61056202
ENSG00000261651	16	87249521	87250058
ENSG00000256927	12	126910536	126918554
ENSG00000243864	19	33831592	33832890
ENSG00000207580	19	54197647	54197729
ENSG00000272164	17	61082033	61082513
ENSG00000086548	19	42254885	42276113
ENSG00000272383	17	61165523	61166558
ENSG00000207825	19	54198467	54198547
ENSG00000141337	17	66255323	66418872
ENSG00000261697	16	87296365	87326044
ENSG00000264513	17	61194380	61208308
ENSG00000254535	4	135117488	135122903
ENSG00000137700	11	118894824	118901616
ENSG00000207711	19	54200787	54200871
ENSG00000266651	17	16343793	16344266
ENSG00000264529	17	61259527	61260178
ENSG00000208016	19	54201639	54201725
ENSG00000266803	17	16461299	16462583
ENSG00000207706	19	54203269	54203355
ENSG00000266899	19	33851406	33852354
ENSG00000233635	17	61271291	61416414
ENSG00000235554	17	16520162	16521195
ENSG00000266985	19	34046474	34048376
ENSG00000207722	19	54204481	54204541
ENSG00000214043	12	126927027	126957336
ENSG00000159200	21	35885440	35987441
ENSG00000207862	19	54205991	54206073
ENSG00000169826	10	43633934	43680756
ENSG00000120437	6	160181360	160200144
ENSG00000264765	17	16557218	16558101
ENSG00000207629	19	54209506	54209590
ENSG00000232429	19	34080112	34080594
ENSG00000108465	17	46045176	46059140
ENSG00000170629	7	102815580	102920857
ENSG00000207738	19	54210707	54210793
ENSG00000264359	17	16569421	16570432
ENSG00000214999	17	7982800	7984883
ENSG00000258539	10	126305649	126480296
ENSG00000207553	19	54211989	54212089
ENSG00000231458	17	16586752	16587541
ENSG00000207977	19	54214256	54214342
ENSG00000252446	17	16595112	16595221
ENSG00000207734	19	54215522	54215608
ENSG00000103254	16	770581	772601
ENSG00000265680	17	16613373	16613673
ENSG00000241394	HSCHR6_MHC_DBB	32894331	32898843
ENSG00000240626	19	34418268	34418530
ENSG00000065029	6	35226686	35263762
ENSG00000207981	19	54216601	54216688
ENSG00000239253	19	34512564	34512800
ENSG00000207549	19	54219848	54219934
ENSG00000251843	19	54222318	54222419
ENSG00000238470	3	29052733	29052827
ENSG00000207735	19	54223350	54223436
ENSG00000268313	1	205682497	205684153
ENSG00000215004	3	29128887	29130090
ENSG00000263501	17	61382623	61390882
ENSG00000207837	19	54224330	54224396
ENSG00000258007	12	101432198	101432872
ENSG00000235904	3	29305685	29332217
ENSG00000234798	HSCHR6_MHC_SSTO	31929439	31931921
ENSG00000207799	19	54225420	54225509
ENSG00000271919	17	61409345	61409900
ENSG00000199448	16	46590001	46590103
ENSG00000106012	7	2598632	2654368
ENSG00000216169	3	29410828	29410912
ENSG00000204936	19	43857811	43867480
ENSG00000207925	19	54228696	54228780
ENSG00000164989	9	15552895	16061661
ENSG00000235001	Y	5205786	5207005
ENSG00000261356	16	46605449	46606048
ENSG00000226216	3	29432339	29432709
ENSG00000249987	19	34513561	34514332
ENSG00000211532	19	54230176	54230240
ENSG00000100276	22	29708922	29715668
ENSG00000226797	17	61458592	61491673
ENSG00000207987	19	54233092	54233179
ENSG00000073598	17	33448598	33457751
ENSG00000203506	3	29657466	29684300
ENSG00000207803	19	54234260	54234344
ENSG00000260251	16	46607675	46609006
ENSG00000252734	19	54236235	54236337
ENSG00000189184	4	138440072	138453648
ENSG00000258033	12	101460512	101463010
ENSG00000227795	3	29839143	29839316
ENSG00000101292	20	5282317	5297378
ENSG00000207747	19	54238131	54238217
ENSG00000207414	12	101593049	101593155
ENSG00000235593	3	29968302	29975647
ENSG00000207946	19	54240099	54240188
ENSG00000255388	11	41540445	41735998
ENSG00000241744	12	101621919	101622654
ENSG00000026036	20	62290653	62330037
ENSG00000131732	5	80597409	80609116
ENSG00000207699	19	54242587	54242673
ENSG00000203652	3	30030355	30031951
ENSG00000214207	Y	5441186	5442472
ENSG00000207838	19	54244567	54244661
ENSG00000119801	2	30369807	30383399
ENSG00000238800	12	101752526	101752627
ENSG00000264178	3	30179739	30179806
ENSG00000189319	10	126307861	126432838
ENSG00000207861	19	54245766	54245853
ENSG00000242729	11	41559984	41560536
ENSG00000257543	12	101802150	101802838
ENSG00000266546	3	30180451	30180524
ENSG00000258474	14	32414059	32419588
ENSG00000252025	19	54248258	54248359
ENSG00000199927	3	30345813	30346027
ENSG00000255563	11	41681580	41681771
ENSG00000227260	3	30566237	30568677
ENSG00000207634	19	54251890	54251976
ENSG00000261181	16	16488769	16492451
ENSG00000117280	1	205737114	205744588
ENSG00000252059	Y	5441969	5442060
ENSG00000261362	16	16635074	16635704
ENSG00000252191	19	54253105	54253205
ENSG00000179148	17	7999218	8022365
ENSG00000235175	Y	5661341	5661778
ENSG00000227549	3	30566482	30567705
ENSG00000258386	14	32476108	32487891
ENSG00000255171	11	41736118	41857992
ENSG00000207806	19	54254465	54254551
ENSG00000179600	14	63779549	63785593
ENSG00000264752	16	16731112	16731387
ENSG00000207992	19	54255651	54255735
ENSG00000224618	3	30667915	30668289
ENSG00000260126	16	16752084	16757992
ENSG00000222890	12	101805135	101805237
ENSG00000170956	19	42300369	42315591
ENSG00000239413	12	101818219	101818469
ENSG00000207979	19	54257272	54257356
ENSG00000261748	16	17046359	17047325
ENSG00000251879	Y	5742287	5742379
ENSG00000237195	Y	6026843	6027306
ENSG00000254668	11	41819093	41819514
ENSG00000111707	12	118814185	118855840
ENSG00000206929	12	101840603	101840710
ENSG00000261468	3	30739153	30741068
ENSG00000163596	2	203640690	203736708
ENSG00000260675	16	17188208	17188784
ENSG00000255279	11	41877470	41897547
ENSG00000112273	6	22569678	22571892
ENSG00000265376	3	31203196	31203279
ENSG00000236442	10	45646893	45647363
ENSG00000213854	3	31223243	31224142
ENSG00000255284	11	777578	784297
ENSG00000230501	10	45652223	45672373
ENSG00000125772	20	5525085	5591672
ENSG00000254822	11	41898184	41898628
ENSG00000263644	17	61468552	61508450
ENSG00000168671	5	36035119	36071460
ENSG00000003987	8	17155539	17271037
ENSG00000255300	11	42014935	42185401
ENSG00000271749	17	61470716	61470947
ENSG00000237632	7	102902447	102902758
ENSG00000182450	11	64058774	64067503
ENSG00000261115	7	140774032	141180180
ENSG00000263476	10	45659462	45659536
ENSG00000235354	7	102989048	102989218
ENSG00000146670	11	64833772	64851636
ENSG00000227683	10	45659676	45676875
ENSG00000251275	Y	6109809	6111670
ENSG00000268193	19	19017822	19045206
ENSG00000270766	12	31397374	31397619
ENSG00000202249	12	101860483	101860598
ENSG00000249948	4	22694537	22821198
ENSG00000243517	12	31404926	31405531
ENSG00000251852	7	103073908	103074008
ENSG00000255109	11	42204842	42275262
ENSG00000207071	10	45684238	45684344
ENSG00000252366	12	101866117	101866234
ENSG00000232850	9	130890612	130891481
ENSG00000115109	2	120770581	120936695
ENSG00000252047	7	103075441	103075539
ENSG00000270395	12	31407295	31407379
ENSG00000234993	10	45727474	45742809
ENSG00000237069	Y	6110487	6111651
ENSG00000168779	3	157814948	157824292
ENSG00000260405	16	17190059	17190278
ENSG00000238661	12	31456651	31456750
ENSG00000234715	7	103085654	103154454
ENSG00000224402	10	45753633	45754571
ENSG00000268358	5	111755280	111756310
ENSG00000256176	12	31464551	31464963
ENSG00000261448	16	17228361	17232593
ENSG00000257514	12	102040498	102053748
ENSG00000231964	10	45940018	45948569
ENSG00000256232	12	31516415	31522235
ENSG00000101040	20	45837859	45985567
ENSG00000222040	2	96778707	96781984
ENSG00000260945	16	17634188	17634842
ENSG00000130234	X	15579156	15620271
ENSG00000186790	1	47881744	47883723
ENSG00000250204	Y	6111336	6113324
ENSG00000260748	HG104_HG975_PATCH	144778324	144780583
ENSG00000254914	11	42961325	42961548
ENSG00000261555	16	17919109	17920763
ENSG00000188716	10	76797594	76818272
ENSG00000230869	10	46174140	46195980
ENSG00000264995	14	63929724	63930021
ENSG00000244754	13	33006554	33112970
ENSG00000252463	14	63944492	63944557
ENSG00000188517	4	109731877	110223813
ENSG00000271028	11	43085187	43087482
ENSG00000260301	HG104_HG975_PATCH	144791177	144795754
ENSG00000228071	16	18026577	18027132
ENSG00000252800	14	63945990	63946131
ENSG00000148671	10	88727949	88743691
ENSG00000261242	14	64010287	64011382
ENSG00000196510	12	110810705	110841535
ENSG00000186564	1	47901689	47906363
ENSG00000260056	HG104_HG975_PATCH	144800416	144801061
ENSG00000264143	HG104_HG975_PATCH	144815253	144815323
ENSG00000207477	12	31519222	31519300
ENSG00000205767	14	64034671	64035027
ENSG00000200388	12	31549324	31549435
ENSG00000237840	10	46201879	46222679
ENSG00000260333	HG104_HG975_PATCH	144816310	144828507
ENSG00000184524	11	787104	790123
ENSG00000239033	12	31603104	31603207
ENSG00000203437	12	31617996	31618776
ENSG00000168955	2	228226872	228246711
ENSG00000253262	8	4930167	4930391
ENSG00000259908	HG104_HG975_PATCH	144840323	144853992
ENSG00000206661	8	4985801	4985934
ENSG00000110723	11	108376158	108464465
ENSG00000242079	8	4999933	5000229
ENSG00000100852	14	32545320	32628934
ENSG00000269113	1	48226200	48462567
ENSG00000162004	16	772582	776954
ENSG00000271248	8	5312740	5313187
ENSG00000261164	HG104_HG975_PATCH	144871090	144872629
ENSG00000182707	X	73094903	73095470
ENSG00000242726	HSCHR6_MHC_QBL	30302412	30304165
ENSG00000261512	16	46656773	46658363
ENSG00000240486	8	5334070	5334488
ENSG00000199933	12	102113586	102113696
ENSG00000253510	8	5363590	5366648
ENSG00000107643	10	49514698	49647403
ENSG00000148346	9	130911350	130915734
ENSG00000234830	Y	6124308	6131994
ENSG00000259929	16	18027046	18245452
ENSG00000201229	3	183169645	183169776
ENSG00000105671	19	19030484	19039436
ENSG00000185128	17	36283971	36294915
ENSG00000257707	HSCHR6_MHC_DBB	28706709	28709409
ENSG00000259856	16	46660316	46660904
ENSG00000253092	3	183170355	183170552
ENSG00000199363	3	183171602	183171732
ENSG00000258264	HSCHR6_MHC_DBB	28730493	28730600
ENSG00000166902	11	59573608	59578345
ENSG00000222255	12	102159184	102159287
ENSG00000260909	16	46683038	46683761
ENSG00000251730	3	183171916	183172050
ENSG00000260242	16	18096663	18266920
ENSG00000225470	X	73164159	73290243
ENSG00000273395	1	48226979	48227290
ENSG00000271682	3	183180639	183180989
ENSG00000260933	16	18264213	18264816
ENSG00000115457	2	217497551	217529159
ENSG00000242522	3	183266523	183270114
ENSG00000269709	1	48569306	48569878
ENSG00000261131	16	46694608	46695503
ENSG00000243584	3	183331408	183334530
ENSG00000226478	17	16648945	16650075
ENSG00000065978	1	43148098	43168020
ENSG00000255318	11	67385750	67394775
ENSG00000261788	16	46737281	46737937
ENSG00000144785	12	56679700	56709843
ENSG00000159212	21	36041688	36090525
ENSG00000216166	3	183520263	183520341
ENSG00000235178	HSCHR6_MHC_DBB	28962576	28973107
ENSG00000213626	2	30454397	30546596
ENSG00000227834	11	67419047	67420875
ENSG00000233885	3	183524245	183528571
ENSG00000205746	16	18428257	18488396
ENSG00000243509	20	62328021	62330037
ENSG00000152954	6	24126350	24155128
ENSG00000260782	16	46823810	46825952
ENSG00000239559	11	67450243	67450529
ENSG00000006530	7	141250989	141355044
ENSG00000243705	16	87301791	87301943
ENSG00000164508	6	25726291	25726790
ENSG00000207767	19	54259995	54260084
ENSG00000184795	11	67479173	67483476
ENSG00000239186	16	87348326	87348429
ENSG00000260889	16	46876544	46878530
ENSG00000188933	17	16689803	16707769
ENSG00000270006	16	87351115	87351643
ENSG00000265569	19	54261123	54261223
ENSG00000141380	18	23596578	23671181
ENSG00000256125	12	126943008	126943338
ENSG00000221548	19	54261486	54261572
ENSG00000270082	16	87360593	87361190
ENSG00000186008	19	34583445	34584215
ENSG00000254007	8	5517201	5527599
ENSG00000255853	12	126995456	126996257
ENSG00000252063	19	54263341	54263442
ENSG00000261725	16	46884911	46885166
ENSG00000269901	16	87396142	87401082
ENSG00000207620	19	54264387	54264476
ENSG00000235855	11	67489954	67490926
ENSG00000261592	16	87430310	87433901
ENSG00000261173	16	47007900	47012894
ENSG00000253571	8	5706219	5707214
ENSG00000146047	6	25727137	25727573
ENSG00000269842	19	54265215	54267453
ENSG00000132341	12	131356424	131362223
ENSG00000266451	11	67501992	67502079
ENSG00000259821	16	47038424	47069296
ENSG00000254447	11	67503079	67504030
ENSG00000260750	16	87526161	87549241
ENSG00000079393	10	76854192	76868979
ENSG00000222589	8	5768467	5768758
ENSG00000259983	16	47047868	47048276
ENSG00000271321	7	143452182	143454789
ENSG00000270849	19	34617878	34618328
ENSG00000252979	19	54269788	54269886
ENSG00000254883	11	67511793	67512116
ENSG00000253189	8	5893955	5894496
ENSG00000256310	12	127008794	127009172
ENSG00000237589	19	54271225	54271807
ENSG00000238834	16	47154830	47154932
ENSG00000255147	11	67516514	67524439
ENSG00000090661	19	8271620	8327305
ENSG00000269935	16	87634132	87635796
ENSG00000253880	8	5901875	6115058
ENSG00000260281	16	47178234	47196658
ENSG00000257074	19	34787181	34787645
ENSG00000260671	16	87773369	87781312
ENSG00000184344	12	7842378	7848372
ENSG00000109819	4	23756664	23905712
ENSG00000229000	19	54275760	54276534
ENSG00000246089	8	6261072	6264663
ENSG00000227620	11	67552744	67559806
ENSG00000267219	19	34839261	34850317
ENSG00000260498	16	87807094	87812980
ENSG00000264317	19	34912921	34913216
ENSG00000238150	19	54278853	54279136
ENSG00000263270	HSCHR4_1_CTG6	34659228	34671054
ENSG00000267024	19	34917017	34919178
ENSG00000100280	22	29723669	29819168
ENSG00000260177	16	87813740	87840082
ENSG00000239210	19	35024332	35024989
ENSG00000253550	8	6331366	6331809
ENSG00000173744	2	228336868	228425930
ENSG00000260466	16	87870138	87871269
ENSG00000228702	10	46221142	46221486
ENSG00000271743	8	6473125	6474719
ENSG00000258363	14	19959517	19961162
ENSG00000160172	11	67559119	67572807
ENSG00000260603	16	87926544	87927291
ENSG00000270434	10	46308096	46308392
ENSG00000268179	1	861264	866445
ENSG00000269877	19	54290851	54291423
ENSG00000249898	8	6475996	6565730
ENSG00000257868	14	20004410	20004527
ENSG00000187569	12	7864050	7870155
ENSG00000146039	6	25754927	25781419
ENSG00000270385	16	87926561	87927341
ENSG00000134812	11	59596741	59612974
ENSG00000199031	19	54290929	54290995
ENSG00000248830	19	35033367	35036300
ENSG00000260443	16	87978664	87978808
ENSG00000239883	10	46349541	46411619
ENSG00000258276	14	20006913	20010958
ENSG00000258230	12	102166892	102167533
ENSG00000199095	19	54291144	54291210
ENSG00000183103	19	42341148	42348760
ENSG00000198420	7	143548468	143599291
ENSG00000261193	16	88112767	88120989
ENSG00000199143	19	54291959	54292027
ENSG00000212516	14	20008753	20008859
ENSG00000260166	16	88120993	88121538
ENSG00000269564	19	54292036	54292422
ENSG00000201168	12	102173592	102173707
ENSG00000257162	14	20071068	20074896
ENSG00000043093	3	182655862	182703741
ENSG00000101246	20	62329996	62339377
ENSG00000238235	Y	6134634	6137316
ENSG00000221584	19	35051691	35051801
ENSG00000228323	19	54357835	54372361
ENSG00000205037	16	88121647	88134591
ENSG00000228906	X	73168808	73169393
ENSG00000268751	19	35067638	35068606
ENSG00000224298	17	34400226	34417480
ENSG00000117834	1	48688357	48714316
ENSG00000232324	19	54368017	54369394
ENSG00000134982	5	112043195	112181936
ENSG00000133065	1	205758221	205782876
ENSG00000120438	6	160199530	160210781
ENSG00000260162	16	88210895	88212252
ENSG00000206256	HSCHR6_MHC_COX	32069682	32082453
ENSG00000232220	19	54377880	54379303
ENSG00000238940	12	102183593	102183693
ENSG00000222932	12	102190188	102190280
ENSG00000271049	19	35125749	35126622
ENSG00000105327	19	47724081	47736023
ENSG00000223046	12	102230598	102230705
ENSG00000071967	2	172378757	172414643
ENSG00000261327	16	88210904	88219696
ENSG00000252230	19	35128601	35128686
ENSG00000252863	12	102265520	102265579
ENSG00000188976	1	879584	894689
ENSG00000268683	19	35129027	35131594
ENSG00000234583	Y	6171998	6173115
ENSG00000254792	11	67608413	67608520
ENSG00000156453	5	141232938	141258811
ENSG00000151012	4	139085251	139163503
ENSG00000261816	16	88225092	88227273
ENSG00000258153	12	102267094	102267401
ENSG00000251637	11	67653948	67673821
ENSG00000260420	16	88227920	88228823
ENSG00000219435	11	64067863	64072242
ENSG00000239840	16	47184043	47184477
ENSG00000188100	10	88780063	88784487
ENSG00000243317	7	135347244	135378166
ENSG00000206587	11	67663102	67663208
ENSG00000261273	16	88268391	88336117
ENSG00000243672	11	67693122	67693902
ENSG00000260744	16	47230222	47236340
ENSG00000177679	7	75831216	75916605
ENSG00000221553	11	67700685	67700833
ENSG00000178105	11	108535752	108811657
ENSG00000147082	X	49967364	50094909
ENSG00000260012	16	47296652	47297411
ENSG00000254610	11	67702034	67707245
ENSG00000104325	8	91013633	91064320
ENSG00000166886	12	57482677	57489259
ENSG00000254850	11	67703029	67703397
ENSG00000261369	16	47333358	47351725
ENSG00000162300	11	64851695	64855870
ENSG00000159216	21	36160098	37376965
ENSG00000257202	12	102317188	102318497
ENSG00000255230	11	67733344	67733698
ENSG00000073536	17	33455772	33469334
ENSG00000255554	11	67741757	67742714
ENSG00000235094	Y	6174083	6175961
ENSG00000269811	19	35136567	35136975
ENSG00000256383	19	35166998	35168486
ENSG00000162415	1	45482071	45771881
ENSG00000070371	22	19166986	19279239
ENSG00000241917	12	102329994	102330452
ENSG00000221115	19	35213329	35213429
ENSG00000270281	19	35270316	35270925
ENSG00000242879	Y	6175751	6177628
ENSG00000258027	14	20078033	20146082
ENSG00000258308	12	102348776	102356168
ENSG00000267767	19	35279486	35323773
ENSG00000167656	8	143866296	143868008
ENSG00000205549	9	16203933	16276311
ENSG00000223744	Y	6196093	6211364
ENSG00000142025	19	42348806	42356401
ENSG00000134827	11	59620273	59634048
ENSG00000266129	17	16690549	16691455
ENSG00000083642	13	33160564	33352157
ENSG00000272815	17	16691371	16719854
ENSG00000226898	HSCHR6_MHC_APD	29523504	29527818
ENSG00000200789	10	85763088	85763235
ENSG00000105321	19	47759237	47775210
ENSG00000212769	10	85841185	85841751
ENSG00000103769	15	66018392	66184329
ENSG00000124571	6	43490072	43543812
ENSG00000104499	8	143915663	143997922
ENSG00000264673	17	16691562	16692548
ENSG00000177542	11	790475	798316
ENSG00000266486	17	16692215	16692721
ENSG00000256732	12	127094580	127174864
ENSG00000185722	17	4067201	4167274
ENSG00000173153	11	64073044	64084215
ENSG00000230468	10	135470739	135474139
ENSG00000164707	7	135365985	135414006
ENSG00000270878	14	64060749	64062009
ENSG00000093183	3	42589461	42642572
ENSG00000222386	7	103124655	103124986
ENSG00000224319	HSCHR6_MHC_APD	29555796	29556858
ENSG00000113520	5	132009678	132018368
ENSG00000258800	14	64065592	64065966
ENSG00000147003	X	15645441	15683154
ENSG00000197258	7	104308196	104310023
ENSG00000222983	3	31270207	31270339
ENSG00000258645	14	64068227	64068532
ENSG00000230111	3	31310499	31310898
ENSG00000238727	3	31437429	31437523
ENSG00000006534	11	67776048	67796744
ENSG00000227339	3	31494324	31497386
ENSG00000255900	12	127100890	127101100
ENSG00000139644	12	50101508	50158717
ENSG00000202490	14	64084761	64084862
ENSG00000255944	12	127112718	127174868
ENSG00000171159	9	130922539	130926207
ENSG00000206822	14	64088478	64088589
ENSG00000128849	15	57668165	57842925
ENSG00000226869	7	104379044	104444554
ENSG00000271199	X	73177894	73189320
ENSG00000207172	14	64097396	64097499
ENSG00000256062	HG79_PATCH	136125799	136150736
ENSG00000200693	14	64118015	64118217
ENSG00000214301	3	133209668	133210349
ENSG00000255998	12	127175025	127180378
ENSG00000271927	8	6503576	6506025
ENSG00000232490	3	31745550	31763144
ENSG00000272832	3	133261908	133262310
ENSG00000258778	14	64201415	64202641
ENSG00000250983	3	133264915	133265116
ENSG00000201827	3	133270030	133270159
ENSG00000242337	3	133380842	133473420
ENSG00000189238	12	127210816	127230798
ENSG00000265563	HG104_HG975_PATCH	144895127	144895212
ENSG00000215998	19	54485561	54485651
ENSG00000261565	HG104_HG975_PATCH	144915440	144916233
ENSG00000237017	19	54622891	54628722
ENSG00000222767	16	47346938	47347032
ENSG00000148672	10	88810243	88854623
ENSG00000257727	12	56703626	56710120
ENSG00000263747	HG104_HG975_PATCH	144926238	144926323
ENSG00000230590	X	73183790	73513409
ENSG00000212290	16	47484258	47484372
ENSG00000263094	HG104_HG975_PATCH	145027361	145027449
ENSG00000268816	19	54697731	54698394
ENSG00000160882	8	143953772	143961262
ENSG00000222268	16	47539343	47539454
ENSG00000186603	1	45792545	45794347
ENSG00000129116	4	169418217	169849608
ENSG00000223660	19	54703321	54703838
ENSG00000262038	16	47563101	47563827
ENSG00000167775	19	8367011	8373240
ENSG00000224579	19	54712960	54713286
ENSG00000269524	19	54728395	54728753
ENSG00000152705	5	134303596	134347392
ENSG00000172954	2	30670092	30867091
ENSG00000237606	7	104466783	104467243
ENSG00000223965	3	31835962	31837667
ENSG00000259866	16	47595218	47596391
ENSG00000235081	19	54732911	54734088
ENSG00000141096	16	68009566	68014732
ENSG00000243352	7	104552364	104552644
ENSG00000143374	1	150459887	150480078
ENSG00000261336	16	47599001	47600795
ENSG00000235670	3	32071688	32072170
ENSG00000169239	X	15706953	15805747
ENSG00000225329	7	104558007	104567077
ENSG00000201701	3	32079018	32079145
ENSG00000162877	1	205797150	205819260
ENSG00000259918	16	47632565	47632907
ENSG00000167536	17	27224799	27230089
ENSG00000252641	3	133383779	133383878
ENSG00000257704	19	47778142	47778979
ENSG00000173068	9	16409501	16870841
ENSG00000252398	3	32087365	32087471
ENSG00000201394	3	133428920	133429011
ENSG00000237513	7	104581510	104602781
ENSG00000170298	17	20352708	20370852
ENSG00000249189	19	54749953	54751181
ENSG00000251590	3	32105466	32108103
ENSG00000129991	19	55663137	55669141
ENSG00000244062	3	133479144	133481207
ENSG00000214013	15	42565431	42645864
ENSG00000236732	3	32192575	32193387
ENSG00000261231	16	47758479	47942342
ENSG00000267793	Y	21760074	21760643
ENSG00000238646	3	32214148	32214252
ENSG00000243832	3	133774100	133776492
ENSG00000198178	12	7882011	7904201
ENSG00000237433	3	32232239	32233119
ENSG00000257354	12	62996532	63007855
ENSG00000230678	HSCHR6_MHC_DBB	32923568	32927227
ENSG00000268164	19	54753289	54753907
ENSG00000261572	3	32278180	32280070
ENSG00000197405	19	47793280	47825323
ENSG00000228393	7	104590762	104653491
ENSG00000199179	12	62997466	62997550
ENSG00000212314	19	54767805	54767913
ENSG00000270377	3	32285339	32285510
ENSG00000260497	16	47794691	47794832
ENSG00000238475	12	63044955	63045058
ENSG00000234737	3	32300432	32301722
ENSG00000240042	19	54771858	54772896
ENSG00000119922	10	91061712	91069033
ENSG00000241941	12	63052603	63053005
ENSG00000207857	3	32301220	32301311
ENSG00000261325	16	47883225	47921041
ENSG00000251911	7	104611734	104611805
ENSG00000258881	2	71166448	71222466
ENSG00000213849	3	32549447	32549817
ENSG00000239569	7	104653872	104654768
ENSG00000213352	12	63149007	63150013
ENSG00000264135	3	32557218	32557312
ENSG00000226955	3	32634464	32634804
ENSG00000240296	19	54771859	54772899
ENSG00000260450	16	47999583	48005598
ENSG00000231552	3	32662395	32663394
ENSG00000231845	3	133889331	133889929
ENSG00000148985	11	3818954	3847601
ENSG00000256159	12	31630440	31630921
ENSG00000240006	3	134032418	134040013
ENSG00000261017	16	48093582	48093906
ENSG00000237676	3	32676714	32677046
ENSG00000201228	12	31659237	31659338
ENSG00000134830	19	47835404	47846606
ENSG00000179941	12	76738254	76742222
ENSG00000225349	12	31687649	31688181
ENSG00000251224	3	32772127	32778946
ENSG00000260633	3	134066130	134068075
ENSG00000261538	16	48198863	48201149
ENSG00000264703	19	54785964	54786035
ENSG00000213842	3	32794402	32795393
ENSG00000269291	Y	15418467	15429181
ENSG00000165782	14	20925878	20929771
ENSG00000240197	19	54797902	54798219
ENSG00000266038	8	6602685	6602765
ENSG00000261754	19	35302493	35305249
ENSG00000240793	16	48368382	48368765
ENSG00000271933	10	85898176	85900338
ENSG00000227337	3	32827138	32827608
ENSG00000251431	19	54808714	54809423
ENSG00000271666	19	35316318	35316900
ENSG00000197114	20	62338817	62367494
ENSG00000223899	3	33075355	33076302
ENSG00000229404	10	86039736	86054415
ENSG00000154620	Y	15815447	15817904
ENSG00000234436	19	54813047	54817309
ENSG00000003989	8	17354597	17428082
ENSG00000221108	10	135473084	135473179
ENSG00000269086	19	35328793	35346208
ENSG00000118513	6	135502453	135540311
ENSG00000186530	8	6666038	6693166
ENSG00000237635	10	135477931	135478609
ENSG00000241000	GL000240.1	1481	1563
ENSG00000248166	19	54820182	54848439
ENSG00000233189	10	86148926	86149382
ENSG00000258911	10	135480654	135481921
ENSG00000272918	7	104743285	104745930
ENSG00000240779	GL000240.1	3055	3137
ENSG00000260197	Y	21853827	21856492
ENSG00000244656	GL000240.1	3772	3853
ENSG00000258434	10	135483662	135488584
ENSG00000237997	Y	22148461	22149738
ENSG00000254725	11	43087236	43087626
ENSG00000263760	GL000240.1	3916	3999
ENSG00000249654	19	54831476	54832484
ENSG00000225423	10	86150664	86151801
ENSG00000144031	2	71205510	71212626
ENSG00000270764	7	104829637	104830261
ENSG00000232522	Y	22163071	22174090
ENSG00000187961	1	895967	901095
ENSG00000271482	7	104845047	104845306
ENSG00000251557	11	43142312	43290943
ENSG00000105372	19	42363988	42376994
ENSG00000169249	X	15808595	15841383
ENSG00000225928	10	86214435	86215812
ENSG00000203442	19	35331917	35332118
ENSG00000271109	19	35340182	35351480
ENSG00000261306	HG79_PATCH	136206251	136211933
ENSG00000187066	11	64852451	64856847
ENSG00000259902	HG104_HG975_PATCH	145131299	145133692
ENSG00000124635	6	27093676	27100541
ENSG00000178429	10	86320199	86321019
ENSG00000213084	19	35343055	35343524
ENSG00000099256	10	25137536	25241533
ENSG00000198915	10	43689983	43762367
ENSG00000267812	21	37270353	37270727
ENSG00000270624	19	35357256	35357823
ENSG00000134815	19	47852538	47885961
ENSG00000268098	21	37402368	37417818
ENSG00000254907	11	43350298	43380846
ENSG00000271649	19	35382933	35389847
ENSG00000234096	HSCHR6_MHC_APD	29624887	29640277
ENSG00000232119	X	119727865	119754929
ENSG00000007968	1	23832922	23857712
ENSG00000180537	6	13924677	13980533
ENSG00000252652	11	43352811	43352906
ENSG00000261479	HG104_HG975_PATCH	145133436	145146004
ENSG00000238469	10	86623021	86623118
ENSG00000255340	11	43400432	43407221
ENSG00000270544	19	35393106	35395099
ENSG00000237267	10	86953177	86957714
ENSG00000112110	6	160210844	160219468
ENSG00000254577	11	43411833	43417045
ENSG00000271171	19	35395296	35395961
ENSG00000213722	6	31694815	31698394
ENSG00000252355	11	43456682	43456947
ENSG00000223993	10	87191699	87192271
ENSG00000269037	19	35396219	35399092
ENSG00000254463	11	43487942	43488421
ENSG00000250507	19	54839544	54842706
ENSG00000164187	5	36098514	36152063
ENSG00000270876	19	35414203	35417716
ENSG00000103253	16	776936	785525
ENSG00000196787	6	27100832	27103070
ENSG00000001561	6	46097730	46114436
ENSG00000213697	11	43543586	43544814
ENSG00000269303	19	35489137	35491074
ENSG00000271032	19	35505865	35516239
ENSG00000205857	12	7917812	7926717
ENSG00000257432	14	20097282	20098616
ENSG00000245857	8	6693076	6742798
ENSG00000267874	19	35527238	35527964
ENSG00000103502	16	29869678	29875057
ENSG00000235661	11	43578308	43591945
ENSG00000257357	14	20105463	20109540
ENSG00000224504	10	87192619	87208718
ENSG00000227392	19	35549963	35597208
ENSG00000250752	8	6756400	6756990
ENSG00000268802	19	54862991	54864894
ENSG00000211568	11	43581206	43581303
ENSG00000230962	10	87209349	87251753
ENSG00000237955	19	54891093	54891564
ENSG00000197728	12	56435637	56438116
ENSG00000199077	11	43602944	43603033
ENSG00000179142	8	143991975	143999259
ENSG00000227407	19	54941832	54945878
ENSG00000137203	6	10393419	10419892
ENSG00000270223	X	73229224	73231303
ENSG00000258324	14	20121785	20121904
ENSG00000243721	11	43740226	43740696
ENSG00000223064	10	87297136	87297240
ENSG00000268496	19	54945363	54945845
ENSG00000254625	8	6786130	6787995
ENSG00000252730	10	87318481	87318829
ENSG00000128250	22	29834572	29838444
ENSG00000257493	14	20132257	20151836
ENSG00000234942	10	87365150	87366263
ENSG00000254512	11	43755309	43756114
ENSG00000233984	X	73251297	73251655
ENSG00000182287	X	15843929	15873054
ENSG00000117318	1	23884409	23886285
ENSG00000197903	6	27106073	27114619
ENSG00000106211	7	75931861	75933612
ENSG00000230295	7	66345695	66347968
ENSG00000257751	14	20136701	20137215
ENSG00000257846	14	20136988	20138162
ENSG00000246250	11	43851259	43902276
ENSG00000173113	11	64083932	64085556
ENSG00000151014	4	139936943	139966906
ENSG00000212568	7	66356175	66356278
ENSG00000273142	7	66367844	66371284
ENSG00000100285	22	29876219	29887379
ENSG00000265077	16	48448689	48448970
ENSG00000259139	10	135487297	135488539
ENSG00000259069	14	20145803	20147175
ENSG00000112796	6	46126924	46138708
ENSG00000239138	16	48455038	48455114
ENSG00000167261	16	68021297	68034489
ENSG00000214289	3	134070694	134075403
ENSG00000261802	16	48481815	48482309
ENSG00000145730	5	102089685	102366809
ENSG00000257884	14	20145996	20148263
ENSG00000258617	10	135490272	135495193
ENSG00000214788	11	59705928	59712807
ENSG00000260688	16	48504864	48505044
ENSG00000257395	14	20149579	20152898
ENSG00000188886	2	96789589	96804175
ENSG00000115461	2	217536828	217560248
ENSG00000213693	11	43919006	43921186
ENSG00000197140	8	38964509	39142430
ENSG00000239013	16	48526309	48526412
ENSG00000132122	1	48761044	48937845
ENSG00000240809	3	76483169	76484579
ENSG00000198339	6	27107076	27108418
ENSG00000260347	16	48530901	48532512
ENSG00000200296	12	63244518	63244681
ENSG00000258080	14	20156420	20159353
ENSG00000199520	3	77141208	77141314
ENSG00000252660	12	63329481	63329582
ENSG00000223629	8	6808248	6809121
ENSG00000149507	11	59807748	59815517
ENSG00000180318	12	85673885	85695562
ENSG00000234371	3	183602712	183606237
ENSG00000244926	11	43930842	43942494
ENSG00000185742	11	109292846	109299840
ENSG00000139239	12	63359095	63359764
ENSG00000157890	15	66187417	66546085
ENSG00000213450	3	77365903	77366749
ENSG00000258514	10	135493906	135495148
ENSG00000261267	16	48593572	48621314
ENSG00000206891	3	77860892	77860995
ENSG00000139405	12	113623331	113630173
ENSG00000203397	X	73285918	73286427
ENSG00000264841	3	77975856	77975937
ENSG00000257142	14	20168638	20168809
ENSG00000243609	16	48611435	48612280
ENSG00000235950	10	135496888	135498492
ENSG00000234969	X	73289111	73290667
ENSG00000244461	3	78087856	78095945
ENSG00000157856	2	26624784	26679579
ENSG00000258453	14	20181104	20182079
ENSG00000260033	16	48634087	48634555
ENSG00000149823	11	64856796	64879332
ENSG00000233238	8	6816811	6817683
ENSG00000129864	Y	16097652	16098393
ENSG00000124731	6	41235664	41254457
ENSG00000197880	1	23907985	23967058
ENSG00000136457	17	48541857	48546327
ENSG00000085382	6	105175968	105307794
ENSG00000146453	6	160221298	160241736
ENSG00000184825	6	27114861	27115317
ENSG00000255306	11	67792277	67797928
ENSG00000259912	16	48654230	48655944
ENSG00000254409	11	43942609	44022707
ENSG00000223650	X	73325407	73327793
ENSG00000235978	3	4855978	4928977
ENSG00000252749	14	64203162	64203223
ENSG00000266737	11	67801364	67801448
ENSG00000260086	16	48657347	48778553
ENSG00000185917	21	37406839	37451687
ENSG00000232928	X	73340847	73351758
ENSG00000258411	14	64228731	64228867
ENSG00000203403	19	35628549	35630484
ENSG00000270912	14	64275264	64275450
ENSG00000255031	11	67818207	67821229
ENSG00000221857	19	35629728	35642239
ENSG00000198774	12	86198331	86230348
ENSG00000202182	14	64314979	64315080
ENSG00000244953	11	43965337	43968756
ENSG00000257779	12	63396249	63396575
ENSG00000221537	14	64561742	64561843
ENSG00000255165	11	44093012	44093953
ENSG00000260052	16	48671054	48672630
ENSG00000233531	8	6825663	6826635
ENSG00000214770	14	64796149	64805317
ENSG00000250517	12	63397333	63400682
ENSG00000255236	11	67889520	67897985
ENSG00000272545	16	48674384	48674963
ENSG00000255451	11	44490014	44491979
ENSG00000111704	12	7940390	7948655
ENSG00000220993	16	48685242	48685334
ENSG00000044459	9	17134980	17503921
ENSG00000254856	11	68256077	68256308
ENSG00000263806	GL000220.1	100714	100791
ENSG00000255106	11	44561328	44562243
ENSG00000187583	1	901877	911245
ENSG00000239038	16	48692292	48692396
ENSG00000104327	8	91070836	91107703
ENSG00000244180	GL000220.1	107448	107561
ENSG00000260726	16	48751994	48753054
ENSG00000214513	2	73429386	73439641
ENSG00000149289	11	109964087	110042566
ENSG00000222339	11	68273040	68273119
ENSG00000264827	GL000220.1	107909	108088
ENSG00000234911	14	64812889	64841384
ENSG00000262497	19	35723194	35723906
ENSG00000266219	GL000220.1	108280	108340
ENSG00000212093	11	68273551	68273634
ENSG00000163915	3	185430316	185447575
ENSG00000254693	11	44626058	44626887
ENSG00000272060	GL000220.1	109078	110946
ENSG00000271366	19	35742343	35744542
ENSG00000260808	11	68380367	68384179
ENSG00000242716	GL000220.1	112025	112177
ENSG00000255092	11	44627720	44629651
ENSG00000268947	19	35753749	35755707
ENSG00000266658	GL000220.1	113348	118417
ENSG00000118007	3	136055077	136471220
ENSG00000244267	11	44650907	44651224
ENSG00000160932	8	144099399	144105249
ENSG00000158050	2	96808905	96811179
ENSG00000269553	19	35821746	35822823
ENSG00000263932	3	183604588	183604673
ENSG00000174502	1	205882176	205912588
ENSG00000149516	11	59824060	59838601
ENSG00000261034	HG104_HG975_PATCH	145160174	145161437
ENSG00000188199	10	81462983	81474437
ENSG00000266854	11	68386967	68387063
ENSG00000263397	19	35836416	35836530
ENSG00000126010	X	16141679	16171144
ENSG00000069011	5	134363425	134370503
ENSG00000243151	GL000220.1	151420	151533
ENSG00000255079	11	44716413	44717851
ENSG00000105369	19	42381190	42385439
ENSG00000250508	11	68638132	68642010
ENSG00000233441	3	183613688	183628724
ENSG00000265807	GL000220.1	151881	152060
ENSG00000161638	12	54789045	54813244
ENSG00000255741	11	68708971	68710320
ENSG00000255032	11	44740942	44758242
ENSG00000265525	GL000220.1	152252	152312
ENSG00000254681	16	18458147	18495797
ENSG00000134107	3	5020801	5027008
ENSG00000235424	3	33118696	33118983
ENSG00000133116	13	33590207	33640282
ENSG00000261625	11	68768233	68769516
ENSG00000118245	2	217724181	217724787
ENSG00000254654	11	44995453	44999579
ENSG00000263587	3	33144500	33144796
ENSG00000248377	3	134104039	134104336
ENSG00000144712	3	12837971	12913415
ENSG00000228764	Y	22551937	22558682
ENSG00000272149	3	33185596	33189213
ENSG00000248757	5	102865377	102877686
ENSG00000230119	3	33231725	33231820
ENSG00000221313	3	134128886	134128982
ENSG00000214288	3	134156447	134157053
ENSG00000261276	11	68771862	68772568
ENSG00000182798	X	16185604	16189587
ENSG00000263554	3	134156669	134156748
ENSG00000254664	11	45237366	45256843
ENSG00000126432	11	64085560	64089283
ENSG00000249691	3	134229373	134230255
ENSG00000256508	11	68779751	68785915
ENSG00000273154	20	62340216	62370456
ENSG00000235129	2	96034255	96034633
ENSG00000253087	3	134499369	134499469
ENSG00000254497	11	45275435	45276200
ENSG00000201413	3	134502278	134502397
ENSG00000241335	GL000220.1	155997	156149
ENSG00000240086	3	135074909	135158730
ENSG00000254427	11	45376922	45387672
ENSG00000265539	11	68850644	68850726
ENSG00000108786	17	40701232	40707231
ENSG00000251026	5	103415612	103441104
ENSG00000260895	11	68870961	68876562
ENSG00000096264	6	41303393	41318625
ENSG00000129862	Y	16168097	16168838
ENSG00000100296	22	29901868	29951205
ENSG00000261070	11	68914696	68939032
ENSG00000253004	3	135518536	135518622
ENSG00000142676	1	24018269	24022915
ENSG00000119917	10	91087651	91100728
ENSG00000233051	HSCHR6_MHC_COX	31358053	31374512
ENSG00000255267	11	45392948	45410059
ENSG00000242222	3	135644733	135645009
ENSG00000158352	X	50334647	50557302
ENSG00000259799	11	68923378	68927220
ENSG00000226880	10	135505635	135505917
ENSG00000135632	2	73441350	73454365
ENSG00000256425	3	135656150	135656226
ENSG00000248821	2	96079204	96080044
ENSG00000235744	HSCHR6_MHC_DBB	32949907	32955340
ENSG00000255041	11	45408766	45535352
ENSG00000112812	6	27215480	27224403
ENSG00000213147	10	135515571	135516024
ENSG00000241905	3	135678117	135678432
ENSG00000213275	11	69070879	69071274
ENSG00000254651	11	45420998	45422078
ENSG00000075073	10	71163659	71176623
ENSG00000151320	14	32798479	33300567
ENSG00000260877	11	69186231	69187279
ENSG00000131437	5	132028320	132073330
ENSG00000227267	3	135774026	135774606
ENSG00000201910	5	103434575	103434739
ENSG00000257235	12	63398118	63400321
ENSG00000203896	20	62366815	62370456
ENSG00000233275	2	96100507	96100861
ENSG00000259854	11	69229075	69231600
ENSG00000254746	11	45511239	45564024
ENSG00000176732	2	24338241	24346347
ENSG00000273455	3	135806317	135806755
ENSG00000179131	7	66379568	66379930
ENSG00000239808	5	103596234	103596527
ENSG00000107831	10	103529899	103535854
ENSG00000255980	11	69240458	69244389
ENSG00000241438	3	135874391	135874838
ENSG00000227120	2	96101881	96102304
ENSG00000109381	4	139949266	140098372
ENSG00000255606	11	69253133	69259511
ENSG00000264761	7	66445107	66445395
ENSG00000186792	3	50330262	50336899
ENSG00000233383	7	66554244	66554457
ENSG00000261347	11	69282366	69284473
ENSG00000266525	7	66579309	66579384
ENSG00000255774	11	69291901	69294708
ENSG00000235676	HSCHR6_MHC_COX	31642141	31658607
ENSG00000133193	17	71203492	71232892
ENSG00000265024	7	66604058	66604157
ENSG00000047230	X	16606126	16731059
ENSG00000206927	16	18491794	18491893
ENSG00000256441	11	69552066	69552785
ENSG00000257563	16	18496003	18497461
ENSG00000230358	7	66744765	66751606
ENSG00000166578	12	113633246	113658899
ENSG00000255191	11	69831982	69861921
ENSG00000222170	16	48765615	48765712
ENSG00000164007	1	43198764	43205925
ENSG00000261579	HG79_PATCH	136216440	136223666
ENSG00000266291	16	18496035	18496128
ENSG00000236287	11	10833621	10880343
ENSG00000254605	11	69860964	69867165
ENSG00000265776	16	18499555	18499619
ENSG00000258288	12	102357679	102358118
ENSG00000257527	16	18505166	18505708
ENSG00000251574	5	103718999	104728671
ENSG00000257222	12	102457133	102468598
ENSG00000248844	11	69902336	69911477
ENSG00000256128	12	127214333	127256957
ENSG00000266454	16	18505751	18505834
ENSG00000229643	Y	6225260	6229454
ENSG00000262974	16	18544740	18545139
ENSG00000254417	11	69918540	69921539
ENSG00000260550	16	18581770	18583005
ENSG00000067601	7	66752528	66767894
ENSG00000167774	19	8373167	8386263
ENSG00000269873	19	54949192	54949528
ENSG00000202070	11	69921469	69921575
ENSG00000255143	11	69975403	69995729
ENSG00000267838	19	54949847	54950362
ENSG00000130368	6	160327974	160329108
ENSG00000174165	11	66288108	66313709
ENSG00000254902	11	70033894	70034615
ENSG00000229236	Y	22627554	22681114
ENSG00000114999	2	113239731	113299316
ENSG00000127334	12	68042118	68059186
ENSG00000226696	19	54955991	54960223
ENSG00000256340	16	18582484	18609650
ENSG00000214026	11	1968508	2005752
ENSG00000254721	11	70052397	70053496
ENSG00000133121	13	33677272	33924767
ENSG00000252700	3	33455642	33455703
ENSG00000244740	3	135924382	135924757
ENSG00000202175	3	33533475	33533590
ENSG00000091039	12	76745577	76953589
ENSG00000225624	Y	22889140	22904786
ENSG00000268222	19	35873074	35874954
ENSG00000200571	3	136148926	136149025
ENSG00000255867	12	31742857	31768600
ENSG00000235681	19	54958008	54958225
ENSG00000238008	3	33596128	33596351
ENSG00000078070	3	182733006	182833863
ENSG00000051128	19	19040010	19052070
ENSG00000200843	3	136307051	136307153
ENSG00000255329	11	70125027	70125403
ENSG00000213016	19	55032906	55033214
ENSG00000228112	3	33768742	33769096
ENSG00000267855	19	8373490	8386280
ENSG00000252390	12	31747027	31747140
ENSG00000224482	Y	22970662	22973695
ENSG00000254604	11	70128473	70209474
ENSG00000227707	3	33813455	33813787
ENSG00000267110	19	55666125	55672039
ENSG00000231788	12	31750048	31750343
ENSG00000235181	19	55063253	55063539
ENSG00000221333	11	70130061	70130176
ENSG00000271324	3	33835136	33835637
ENSG00000205786	19	35890413	35910287
ENSG00000254484	11	70166034	70167521
ENSG00000271643	3	33837180	33838442
ENSG00000110328	11	11292423	11643552
ENSG00000134108	3	5163905	5222596
ENSG00000255519	11	45535737	45536001
ENSG00000255539	11	70170977	70173315
ENSG00000257664	12	63449055	63449545
ENSG00000233381	12	31768702	31769373
ENSG00000271020	3	33838641	33839173
ENSG00000254514	11	45604075	45605024
ENSG00000144043	2	71213068	71222075
ENSG00000269271	19	55100906	55101752
ENSG00000206493	HSCHR6_MHC_QBL	30446762	30451500
ENSG00000254495	11	70204304	70204783
ENSG00000257332	12	63665184	63666116
ENSG00000204705	2	96111911	96122840
ENSG00000238094	19	55119337	55119843
ENSG00000166529	7	99647390	99662661
ENSG00000255091	11	45673079	45674241
ENSG00000170027	7	75956116	75988348
ENSG00000266482	12	31866684	31866782
ENSG00000104213	8	17433942	17501580
ENSG00000226320	3	34200826	34604369
ENSG00000265830	GL000220.1	158123	158214
ENSG00000246889	11	70218352	70244594
ENSG00000256843	12	31901034	31901174
ENSG00000273047	20	62369623	62371751
ENSG00000236250	HSCHR6_MHC_SSTO	31930804	31941075
ENSG00000254519	11	45743858	45765801
ENSG00000223874	2	217735495	217736362
ENSG00000084090	2	96850597	96874563
ENSG00000223722	12	31907651	31908055
ENSG00000187642	1	910579	917497
ENSG00000264799	19	55140843	55140914
ENSG00000234903	2	96134611	96135526
ENSG00000227726	11	70323382	70323697
ENSG00000255426	11	45755545	45757317
ENSG00000242856	19	55159393	55160302
ENSG00000148337	9	130928343	130966662
ENSG00000252421	12	31955892	31956024
ENSG00000226627	11	70477199	70481595
ENSG00000255226	11	45772374	45773422
ENSG00000237323	19	55163535	55163680
ENSG00000252204	12	31964022	31964124
ENSG00000148814	10	134145614	134195010
ENSG00000260017	16	18814405	18823503
ENSG00000236452	3	34244736	34310303
ENSG00000256372	12	32005955	32006341
ENSG00000225370	19	55182682	55184042
ENSG00000065361	12	56473641	56497289
ENSG00000255447	11	45834770	45846809
ENSG00000186094	1	48998527	50489585
ENSG00000238329	16	18881488	18881591
ENSG00000144010	2	96142715	96150479
ENSG00000236262	11	70492270	70493667
ENSG00000264554	12	102611098	102611391
ENSG00000255760	12	32030013	32040137
ENSG00000227498	3	34566310	34585372
ENSG00000260352	16	18938185	18948365
ENSG00000266118	2	24347236	24413305
ENSG00000258142	12	102623805	102624311
ENSG00000146700	7	76018651	76039012
ENSG00000207196	11	70551272	70551374
ENSG00000265515	16	18941518	18941604
ENSG00000235534	3	34914133	34915346
ENSG00000224186	5	134368970	134691744
ENSG00000171671	11	70708895	70711220
ENSG00000264400	19	35905787	35906051
ENSG00000207167	16	19023479	19023585
ENSG00000233214	19	35914964	35915554
ENSG00000129816	Y	6258472	6279605
ENSG00000186152	19	55208383	55212683
ENSG00000124568	6	25783125	25832287
ENSG00000125520	20	62371214	62374858
ENSG00000232680	19	35923859	35925544
ENSG00000263744	11	70718375	70718473
ENSG00000257254	12	102907029	102907433
ENSG00000171155	X	119759648	119764005
ENSG00000103245	16	779753	791329
ENSG00000108932	17	66263167	66287408
ENSG00000139767	12	119419300	119600856
ENSG00000172900	11	71093647	71134469
ENSG00000212856	Y	6274285	6292186
ENSG00000165246	Y	16634518	16957530
ENSG00000081791	5	141303373	141321612
ENSG00000008294	17	49039535	49198226
ENSG00000236144	19	36031640	36036931
ENSG00000186453	2	24397938	24423718
ENSG00000228767	3	35257197	35258641
ENSG00000258169	12	103203058	103218177
ENSG00000233927	19	8386042	8388224
ENSG00000248746	11	66313866	66330800
ENSG00000167646	19	55670031	55678090
ENSG00000238162	2	96151289	96151553
ENSG00000228790	19	55215730	55216013
ENSG00000236446	X	120006457	120009779
ENSG00000266427	19	55218008	55218077
ENSG00000065308	6	52362200	52441713
ENSG00000260184	16	48883830	48883926
ENSG00000254598	11	11373489	11374904
ENSG00000260067	16	49100478	49100640
ENSG00000170858	19	55219700	55224955
ENSG00000253776	5	104109342	104135473
ENSG00000146038	6	24171984	24358280
ENSG00000268242	11	11747060	11747257
ENSG00000077380	2	172543919	172604930
ENSG00000261421	16	49193419	49195934
ENSG00000226685	X	120011344	120066151
ENSG00000254682	11	71159720	71163203
ENSG00000107295	9	17579080	17797127
ENSG00000261815	16	49204463	49205697
ENSG00000254924	11	71217107	71217426
ENSG00000137710	11	110045605	110167447
ENSG00000244480	7	30562759	30564151
ENSG00000223917	2	96152228	96154375
ENSG00000260614	16	49321341	49324138
ENSG00000248903	11	71279726	71279980
ENSG00000256465	12	32046304	32046636
ENSG00000198805	14	20937113	20945253
ENSG00000249387	11	71290774	71290894
ENSG00000259957	16	49328797	49330647
ENSG00000244436	12	32050754	32051057
ENSG00000184055	11	71304500	71305428
ENSG00000252881	5	104115989	104116090
ENSG00000134160	15	31293264	31453476
ENSG00000244101	3	136327892	136328444
ENSG00000106536	7	39017598	39532694
ENSG00000252584	12	32068570	32068641
ENSG00000226929	X	120067700	120071012
ENSG00000242314	12	32101268	32101761
ENSG00000255562	11	71314306	71319086
ENSG00000253584	5	104253193	104582065
ENSG00000251708	3	136351990	136352048
ENSG00000259839	16	49370594	49371256
ENSG00000252914	3	136440236	136440337
ENSG00000111229	12	110872630	110888227
ENSG00000260769	16	49371078	49372904
ENSG00000240695	3	136455342	136456071
ENSG00000259858	HG7_PATCH	141607613	141806547
ENSG00000262950	16	49476821	49487989
ENSG00000215765	19	55236001	55309738
ENSG00000137878	15	57884106	58006943
ENSG00000261758	3	136471472	136474622
ENSG00000197081	6	160390131	160534539
ENSG00000242968	3	136527393	136528465
ENSG00000237308	2	96161770	96162279
ENSG00000263110	16	49488140	49491180
ENSG00000196550	1	206136916	206155151
ENSG00000223882	3	183724126	183729207
ENSG00000262513	HSCHR5_1_CTG5	161851384	161854351
ENSG00000255261	11	71331066	71332078
ENSG00000262922	HSCHR5_1_CTG5	161904897	161904999
ENSG00000273486	3	136556180	136557863
ENSG00000261623	16	49500017	49503786
ENSG00000255415	11	71340091	71340467
ENSG00000258438	14	20201514	20230044
ENSG00000242473	19	55266475	55278823
ENSG00000138802	4	110354928	110462052
ENSG00000262156	HSCHR22_1_CTG2	39353528	39358842
ENSG00000221458	11	71373593	71373741
ENSG00000224719	2	96168539	96170807
ENSG00000239481	11	71380566	71381343
ENSG00000115604	2	102927989	103015218
ENSG00000254805	11	71401499	71401703
ENSG00000215378	8	6844700	6847243
ENSG00000162373	1	49193195	49242641
ENSG00000176312	14	20228027	20228947
ENSG00000254972	11	71412314	71416450
ENSG00000238492	14	20232066	20232166
ENSG00000114209	3	167401086	167452727
ENSG00000230986	X	73352839	73352949
ENSG00000258564	14	20264504	20265419
ENSG00000180694	8	91634223	91803860
ENSG00000223235	11	71417525	71417624
ENSG00000213719	6	31698358	31707540
ENSG00000232159	5	104435174	104435799
ENSG00000136527	3	185633694	185655924
ENSG00000228304	14	20315526	20316422
ENSG00000255319	11	71422786	71492229
ENSG00000232039	8	6863815	6864911
ENSG00000136444	17	48556161	48563336
ENSG00000239152	10	46351755	46351870
ENSG00000251180	GL000242.1	12836	34543
ENSG00000262453	HSCHR22_1_CTG2	39317232	39320713
ENSG00000176290	14	20336401	20337302
ENSG00000234178	8	6886163	6887011
ENSG00000117385	1	43212006	43232755
ENSG00000262536	HSCHR22_1_CTG2	39345118	39345132
ENSG00000221807	12	103320292	103320383
ENSG00000229328	HSCHR6_MHC_DBB	29012004	29013031
ENSG00000268509	3	5229227	5229982
ENSG00000262679	HSCHR22_1_CTG2	39357616	39364275
ENSG00000237563	Y	6311475	6315118
ENSG00000166888	12	57489191	57525922
ENSG00000257703	12	103474728	103572453
ENSG00000226185	2	96180575	96185855
ENSG00000159228	21	37442239	37445464
ENSG00000184117	22	29950797	29977326
ENSG00000224430	X	73380897	73382363
ENSG00000248671	11	71505409	71529284
ENSG00000258541	14	20374076	20374759
ENSG00000169906	X	16668281	16672793
ENSG00000150175	10	46657135	46681603
ENSG00000160410	19	41082757	41097305
ENSG00000206042	8	6896093	6896961
ENSG00000168071	11	64107695	64125006
ENSG00000147753	Y	6317509	6325947
ENSG00000231549	X	73393725	73393901
ENSG00000270002	10	87403830	87407823
ENSG00000189320	7	135413096	135433594
ENSG00000254978	11	71511587	71515686
ENSG00000252292	10	87409769	87410017
ENSG00000258117	12	63686409	63753817
ENSG00000255273	8	6940493	6940850
ENSG00000236606	10	87468517	87468924
ENSG00000249753	12	64017568	64189498
ENSG00000174891	3	157823644	158263519
ENSG00000258286	HSCHR6_MHC_QBL	30460511	30464409
ENSG00000134109	3	5229331	5261642
ENSG00000204113	X	73405764	73406990
ENSG00000198049	1	206223976	206231639
ENSG00000264091	11	71513631	71513695
ENSG00000200487	10	87812205	87812323
ENSG00000262970	HG414_PATCH	76571911	76737841
ENSG00000216844	Y	23005142	23005596
ENSG00000199104	10	88024451	88024545
ENSG00000234120	8	6969836	6971250
ENSG00000131126	19	43905648	43922763
ENSG00000214534	11	71525091	71532594
ENSG00000255923	12	127349011	127349968
ENSG00000238803	10	88062583	88062678
ENSG00000231672	2	218148742	218621316
ENSG00000212332	10	88248203	88248306
ENSG00000188290	1	934342	935552
ENSG00000169895	X	16737755	16783459
ENSG00000239164	12	103507812	103507865
ENSG00000227896	10	88281702	88284858
ENSG00000238909	12	103632176	103632253
ENSG00000229551	Y	23023223	23024223
ENSG00000201790	5	105258695	105258809
ENSG00000109606	4	24519064	24586173
ENSG00000271430	X	73420064	73461983
ENSG00000257415	12	103897159	103898714
ENSG00000228570	10	81601114	81610632
ENSG00000145623	5	38845960	38945698
ENSG00000216206	8	6973421	6973570
ENSG00000230507	10	88390582	88391385
ENSG00000228492	X	73422669	73424430
ENSG00000196533	1	206238872	206288647
ENSG00000257994	12	103899189	103899952
ENSG00000251204	5	105751277	105752942
ENSG00000173262	12	7965108	8043744
ENSG00000224089	X	120072561	120075873
ENSG00000259016	14	20376255	20376808
ENSG00000185700	Y	6338814	6341671
ENSG00000252189	10	88505597	88505706
ENSG00000228744	8	6980379	6981226
ENSG00000252902	11	71556242	71556291
ENSG00000272631	10	88509511	88516055
ENSG00000258822	14	20424759	20425727
ENSG00000255157	11	71567323	71574704
ENSG00000250145	5	105878767	105880031
ENSG00000265199	14	20501820	20501923
ENSG00000249873	12	127354036	127359236
ENSG00000256987	12	32106823	32108202
ENSG00000159231	21	37507210	37518864
ENSG00000262264	HG414_PATCH	76745442	76753017
ENSG00000213077	17	18427880	18430160
ENSG00000225805	11	71589499	71595607
ENSG00000076351	17	26721661	26734215
ENSG00000271533	X	73429811	73433495
ENSG00000128512	7	111366166	111846466
ENSG00000254683	8	7001154	7001363
ENSG00000257094	12	32160061	32160369
ENSG00000170242	11	11862970	11980870
ENSG00000258899	14	20512075	20512986
ENSG00000202566	X	73438212	73438296
ENSG00000228915	11	71604456	71605479
ENSG00000206492	HSCHR6_MHC_QBL	30498660	30514458
ENSG00000257852	12	32225668	32225814
ENSG00000212027	X	73438382	73438453
ENSG00000042304	2	228474806	228498036
ENSG00000254593	11	71614240	71615127
ENSG00000271357	12	32253419	32253669
ENSG00000099282	10	71211229	71267425
ENSG00000230106	8	7028072	7028263
ENSG00000171984	20	5731039	5844558
ENSG00000257530	12	32257051	32260462
ENSG00000225736	HSCHR6_MHC_DBB	29053997	29055102
ENSG00000227858	HSCHR6_MHC_APD	29640388	29641038
ENSG00000214268	8	7048423	7049085
ENSG00000110888	12	30862486	30907885
ENSG00000204010	10	91137813	91144962
ENSG00000172348	6	46188475	46459709
ENSG00000258134	12	32380344	32381088
ENSG00000263456	16	88535326	88535439
ENSG00000265727	X	73462445	73462736
ENSG00000257005	12	64045407	64045710
ENSG00000261744	16	88579368	88597461
ENSG00000207820	X	73506939	73507044
ENSG00000187608	1	948803	949920
ENSG00000227839	1	50459990	50461874
ENSG00000221567	8	7055962	7056110
ENSG00000167264	16	68021649	68113223
ENSG00000229866	HSCHR6_MHC_DBB	29079681	29080616
ENSG00000130584	20	62375019	62462597
ENSG00000272913	2	96190857	96192450
ENSG00000255583	12	64078523	64118715
ENSG00000231930	8	7058278	7058379
ENSG00000223529	3	183744157	183745544
ENSG00000123119	8	91803778	91971636
ENSG00000199168	X	73507121	73507192
ENSG00000260630	16	88729706	88753594
ENSG00000189375	17	18538319	18565263
ENSG00000255025	8	7095808	7096153
ENSG00000229689	2	96191093	96198153
ENSG00000233576	3	183794567	183802007
ENSG00000212442	3	35298332	35298438
ENSG00000205279	5	126984736	126994322
ENSG00000226515	X	73562548	73562695
ENSG00000185745	10	91152303	91163745
ENSG00000177306	8	7104248	7105874
ENSG00000207351	3	183804579	183804691
ENSG00000238020	3	183812906	183822966
ENSG00000196188	1	206317459	206332104
