ENSG00000047346	15	52873514	53002014
ENSG00000188206	1	245003940	245018799
ENSG00000252803	1	43489220	43489308
ENSG00000232376	HSCHR6_MHC_QBL	33262070	33262864
ENSG00000197794	2	89214597	89214894
ENSG00000231466	22	25745510	25746289
ENSG00000252553	1	189635279	189635386
ENSG00000265798	17	29365593	29386139
ENSG00000129484	14	20811741	20826064
ENSG00000237954	1	95821785	95846556
ENSG00000199240	1	43662088	43662207
ENSG00000263649	6	32717689	32717756
ENSG00000254503	19	17527840	17529097
ENSG00000233013	9	141106637	141143444
ENSG00000152700	5	133936834	133984961
ENSG00000235349	7	64027192	64027821
ENSG00000219240	6	90595875	90597567
ENSG00000175592	11	65659520	65668044
ENSG00000198198	1	43855553	43918321
ENSG00000232212	1	189744595	189784048
ENSG00000272942	22	25830291	25831037
ENSG00000255463	11	9652555	9652906
ENSG00000174521	19	40721965	40724306
ENSG00000174498	15	65619465	65670378
ENSG00000234694	1	43820355	43824329
ENSG00000261233	16	32486372	32489571
ENSG00000253470	8	126761299	126762485
ENSG00000225136	2	89221844	89222269
ENSG00000213642	7	64029806	64030815
ENSG00000272798	22	25832279	25832882
ENSG00000139370	12	129277739	129308528
ENSG00000244371	1	146392310	146392852
ENSG00000099251	10	38645305	38667433
ENSG00000251388	4	134792401	134931845
ENSG00000250828	4	70303075	70306768
ENSG00000233907	1	95940293	95944912
ENSG00000204261	6	32811863	32814272
ENSG00000252509	8	73269963	73270050
ENSG00000239470	11	9681946	9682503
ENSG00000174136	5	98104354	98134347
ENSG00000271138	22	25833273	25833790
ENSG00000252891	6	90608002	90608111
ENSG00000224669	7	64043111	64043585
ENSG00000269053	19	17530114	17530583
ENSG00000229431	1	43850784	43854826
ENSG00000266277	4	134964622	134964708
ENSG00000206695	8	126913195	126913298
ENSG00000227168	HSCHR6_MHC_QBL	33285981	33286082
ENSG00000212989	8	73341855	73342347
ENSG00000238270	1	189837131	189837658
ENSG00000232532	6	90629915	90631479
ENSG00000234225	1	146473490	146475177
ENSG00000216037	1	95970532	95970619
ENSG00000269736	19	17563020	17563778
ENSG00000253435	2	89231184	89231898
ENSG00000251199	4	135176328	135248628
ENSG00000226650	5	154393260	154397685
ENSG00000110844	12	49962001	50038449
ENSG00000105287	19	47177532	47220384
ENSG00000230987	1	189958700	189962227
ENSG00000245164	8	126934552	126963493
ENSG00000229372	1	43913447	43914315
ENSG00000145063	2	11239977	11272947
ENSG00000254347	8	73374546	73383207
ENSG00000228099	HSCHR6_MHC_QBL	33296657	33297154
ENSG00000259164	14	77564654	77691805
ENSG00000228971	1	95975672	96247898
ENSG00000207647	2	220158833	220158922
ENSG00000145002	8	12282913	12293915
ENSG00000222805	19	17568066	17568166
ENSG00000186148	2	110690738	110742667
ENSG00000229348	1	43919598	43922666
ENSG00000201564	11	9702471	9702785
ENSG00000109458	4	144257915	144395721
ENSG00000230432	2	220163724	220168852
ENSG00000273175	1	245028040	245028574
ENSG00000100058	22	25844072	25916821
ENSG00000165312	10	23728198	23731308
ENSG00000269439	19	17599799	17622698
ENSG00000253226	8	73530957	73531618
ENSG00000226455	6	90659835	90662905
ENSG00000245522	11	9776317	9781080
ENSG00000270497	X	53094235	53094730
ENSG00000232789	2	220223592	220223705
ENSG00000225811	1	190234028	190331400
ENSG00000248191	4	135248218	135249953
ENSG00000249686	4	70315732	70317331
ENSG00000229525	2	220253218	220268355
ENSG00000201758	1	245107212	245107518
ENSG00000227242	1	146490895	146596107
ENSG00000253278	2	89319489	89320183
ENSG00000259966	16	32611620	32626960
ENSG00000252073	1	245118160	245118265
ENSG00000269161	19	17629139	17631374
ENSG00000181541	4	151503077	151505843
ENSG00000234019	X	53122892	53124040
ENSG00000252282	1	245186317	245186420
ENSG00000239756	HSCHR6_MHC_QBL	33306984	33307829
ENSG00000222078	6	90710941	90711225
ENSG00000198520	1	45140364	45191263
ENSG00000251291	4	135345022	135379007
ENSG00000236200	1	44165436	44173809
ENSG00000251754	1	245207230	245207334
ENSG00000253651	8	126964105	126964558
ENSG00000243771	19	17700404	17700880
ENSG00000218730	6	90826419	90826824
ENSG00000006074	17	34391640	34399392
ENSG00000237457	1	190447681	190449865
ENSG00000151611	4	146539415	146581187
ENSG00000223353	1	245286773	245287752
ENSG00000234638	2	220289793	220290906
ENSG00000249000	4	135680554	135738444
ENSG00000264696	4	70345049	70345152
ENSG00000266760	6	91022461	91022552
ENSG00000260776	15	78206559	78219188
ENSG00000232593	X	53123327	53196196
ENSG00000254227	8	127011238	127013245
ENSG00000201545	3	20038295	20038417
ENSG00000248886	4	70383385	70384118
ENSG00000253497	2	89345492	89345963
ENSG00000249847	4	135854044	135855286
ENSG00000223256	9	141150045	141150148
ENSG00000227432	2	220346795	220381599
ENSG00000260271	6	91054938	91072351
ENSG00000246273	11	9779839	9832866
ENSG00000250563	8	127084831	127086475
ENSG00000253726	8	73644280	73664078
ENSG00000268603	2	220362333	220362968
ENSG00000251228	4	135865430	135865678
ENSG00000263955	16	4683596	4683882
ENSG00000262592	HSCHR12_2_CTG2_1	59314420	59465068
ENSG00000261442	16	4684330	4690624
ENSG00000251177	4	70438109	70451245
ENSG00000241505	1	190449509	190463427
ENSG00000268896	2	220411933	220412380
ENSG00000271252	1	96208652	96225026
ENSG00000252676	6	91156491	91156565
ENSG00000262159	HSCHR12_2_CTG2_1	59420999	59421724
ENSG00000201170	1	245297229	245297392
ENSG00000241411	4	135873414	135874044
ENSG00000253841	8	127085290	127085776
ENSG00000163075	2	120302008	120419827
ENSG00000265252	2	220413795	220413869
ENSG00000231175	1	190594020	190770788
ENSG00000221798	1	96352096	96352182
ENSG00000070831	1	22379120	22419437
ENSG00000224605	6	92100031	92102718
ENSG00000262187	16	32630054	32630173
ENSG00000138796	4	108910870	108956331
ENSG00000160401	9	130469268	130478281
ENSG00000232192	1	245369746	245397803
ENSG00000221706	8	127153920	127154003
ENSG00000165548	14	77582911	77725838
ENSG00000266994	16	4780116	4802566
ENSG00000250144	4	135966619	135968005
ENSG00000200800	1	96691457	96691616
ENSG00000253265	2	89377506	89378280
ENSG00000269068	2	220423805	220424348
ENSG00000269752	19	17724531	17725239
ENSG00000225497	10	78907410	78909858
ENSG00000234515	6	32846948	32847625
ENSG00000236025	1	190750917	190751125
ENSG00000248720	8	127186430	127187258
ENSG00000222678	2	220455409	220455706
ENSG00000263734	6	92231378	92231455
ENSG00000262036	HSCHR12_2_CTG2_1	59453810	59455014
ENSG00000231987	1	96719625	96839681
ENSG00000261111	16	32646994	32647366
ENSG00000268112	19	17838649	17845322
ENSG00000228973	2	220489781	220491415
ENSG00000267077	16	4845266	4846533
ENSG00000170624	5	155297354	156194799
ENSG00000224944	6	92339633	92400146
ENSG00000224500	10	79073699	79075452
ENSG00000235224	X	53142200	53142456
ENSG00000207166	19	17973397	17973529
ENSG00000254363	5	139536904	139552636
ENSG00000251707	X	53159663	53159723
ENSG00000225923	1	96856208	96856949
ENSG00000268851	GL000215.1	23516	25354
ENSG00000067048	Y	15016019	15032390
ENSG00000238108	1	190766654	190767086
ENSG00000256599	16	4853207	4854787
ENSG00000267919	2	220509812	220510353
ENSG00000262095	6	92436528	92436788
ENSG00000252591	19	18082834	18082926
ENSG00000231340	X	53172014	53173095
ENSG00000232793	1	245446133	245446391
ENSG00000235301	6	32864193	32864267
ENSG00000248434	4	135988388	136018813
ENSG00000244791	8	127337740	127341780
ENSG00000200980	16	5001774	5001892
ENSG00000198625	1	204485511	204542871
ENSG00000219087	6	92436877	92437042
ENSG00000212066	6	32904693	32904787
ENSG00000268032	19	18133212	18142909
ENSG00000261569	16	32660514	32675277
ENSG00000225603	1	146522379	146524043
ENSG00000267072	16	5060910	5092251
ENSG00000223837	6	32938009	32938663
ENSG00000253427	8	127486434	127504841
ENSG00000225652	10	79114162	79136371
ENSG00000266700	X	53172216	53172299
ENSG00000234422	1	96884150	96884489
ENSG00000264890	5	139575287	139575376
ENSG00000229444	1	44175063	44193014
ENSG00000228020	1	191115155	191116091
ENSG00000231802	2	220548752	220549517
ENSG00000221165	1	245533636	245533721
ENSG00000254157	2	89428207	89428966
ENSG00000197771	10	121588972	121652068
ENSG00000250069	5	139579748	139582772
ENSG00000227329	X	53193573	53193739
ENSG00000150054	10	28339922	28623415
ENSG00000253220	8	127510394	127512548
ENSG00000238224	1	245778075	245778447
ENSG00000262102	HSCHR18_2_CTG2	65243268	65253666
ENSG00000263756	6	32939842	32940630
ENSG00000253965	5	139728069	139737379
ENSG00000228502	1	96912486	96913874
ENSG00000252201	1	44182138	44182227
ENSG00000248456	4	136034060	136044934
ENSG00000236959	4	70657590	70679606
ENSG00000231612	1	245837034	245839780
ENSG00000207138	8	127517008	127517114
ENSG00000261263	16	32661516	32662231
ENSG00000261642	1	191120640	191123764
ENSG00000201142	1	146551295	146551419
ENSG00000220340	6	92437000	92437223
ENSG00000224796	6	33047228	33047637
ENSG00000107165	9	12685439	12710290
ENSG00000268623	19	18151165	18151893
ENSG00000270189	X	53198279	53200096
ENSG00000233674	1	44209142	44209412
ENSG00000253530	8	127530943	127534596
ENSG00000230034	HSCHR6_MHC_DBB	32786475	32790461
ENSG00000223930	3	177919838	178103205
ENSG00000230832	1	146553887	146555127
ENSG00000271187	1	191148651	191148869
ENSG00000228092	10	79193330	79193540
ENSG00000243455	19	18159447	18159900
ENSG00000227308	2	220550103	220602659
ENSG00000235096	1	246196853	246198905
ENSG00000241992	1	97048765	97049081
ENSG00000231461	6	33059530	33065072
ENSG00000254010	8	127569141	127569678
ENSG00000253732	2	89434458	89434740
ENSG00000207188	4	136236573	136236677
ENSG00000260311	16	32675246	32677854
ENSG00000199592	10	79346807	79346917
ENSG00000263322	HSCHR18_2_CTG2	65218480	65221652
ENSG00000234226	1	97049973	97050290
ENSG00000092871	17	33333009	33416338
ENSG00000105219	19	40728115	40732597
ENSG00000250834	4	136292332	136293079
ENSG00000153162	6	7727030	7881655
ENSG00000226876	1	246271928	246277168
ENSG00000213514	10	79490524	79494527
ENSG00000233882	1	191190289	191197597
ENSG00000224751	1	44315972	44317283
ENSG00000272977	22	25872185	25875938
ENSG00000117016	1	41086351	41131329
ENSG00000269145	19	18255332	18262501
ENSG00000254286	8	127570120	127725660
ENSG00000225222	1	246342080	246342506
ENSG00000265978	22	25928687	25928776
ENSG00000253578	2	89470259	89470696
ENSG00000228688	6	33071571	33075107
ENSG00000207849	4	136292745	136292836
ENSG00000223903	2	220562521	220562936
ENSG00000259823	HG999_1_PATCH	248881950	248914431
ENSG00000223344	1	191827837	191859359
ENSG00000235262	X	53241590	53243861
ENSG00000137970	1	97144430	97145176
ENSG00000207996	17	57228497	57228582
ENSG00000248104	4	136486272	136488312
ENSG00000237188	1	146644350	146683136
ENSG00000137877	15	42140345	42186275
ENSG00000268650	19	18315540	18331290
ENSG00000234884	22	25957084	25960429
ENSG00000260974	16	32686358	32690152
ENSG00000199664	10	79536709	79536813
ENSG00000226299	X	53352187	53353019
ENSG00000266537	17	57252344	57259148
ENSG00000122375	10	88414314	88426605
ENSG00000262683	HG1091_PATCH	59735036	61237194
ENSG00000202184	1	246352316	246352420
ENSG00000213513	10	79540095	79541634
ENSG00000261391	16	32727252	32727377
ENSG00000145425	4	152020725	152025804
ENSG00000253543	8	127594876	127595251
ENSG00000230184	1	246484965	246485740
ENSG00000223229	1	97161412	97161723
ENSG00000228909	2	220768772	220769610
ENSG00000212039	1	97368255	97368348
ENSG00000260864	16	32737936	32740858
ENSG00000175573	11	65684279	65686588
ENSG00000207408	X	53353767	53353879
ENSG00000265771	1	97401101	97401219
ENSG00000228215	1	191844625	191980390
ENSG00000250865	4	136713539	136727059
ENSG00000261495	HG999_1_PATCH	248885294	248885502
ENSG00000212451	8	127683767	127683899
ENSG00000207326	1	246589308	246589421
ENSG00000267959	19	18392887	18392971
ENSG00000273071	1	146644765	146724314
ENSG00000224557	6	33080228	33102442
ENSG00000236571	X	53366989	53367179
ENSG00000232878	1	97561479	97788511
ENSG00000265415	17	57280038	57281190
ENSG00000253573	8	127779121	127802882
ENSG00000237387	22	25976208	25977349
ENSG00000241464	19	18396153	18396305
ENSG00000227728	1	246672340	246685894
ENSG00000248330	4	136788138	136834835
ENSG00000207235	17	57338109	57338207
ENSG00000271721	1	146647181	146649319
ENSG00000228748	10	79542624	79552934
ENSG00000271550	7	64139332	64147771
ENSG00000253438	8	127859300	128033259
ENSG00000271063	17	57358491	57358704
ENSG00000251489	4	70754595	70755124
ENSG00000226723	1	192215838	192216617
ENSG00000266518	2	220771223	220771286
ENSG00000224003	22	26043228	26045199
ENSG00000180867	1	146649692	146651206
ENSG00000224172	7	64196311	64197121
ENSG00000263857	17	57443444	57443515
ENSG00000237950	1	44410042	44412223
ENSG00000225911	2	220913543	220913993
ENSG00000251549	5	8410902	8411109
ENSG00000253312	8	43106854	43107001
ENSG00000266002	17	57477849	57480664
ENSG00000232542	1	97859710	97885697
ENSG00000166171	10	103330317	103369425
ENSG00000243446	10	79672032	79672304
ENSG00000253264	8	128084939	128094466
ENSG00000260845	16	32747230	32752415
ENSG00000207322	4	136917084	136917247
ENSG00000228057	1	98011257	98012514
ENSG00000135597	6	139224630	139309398
ENSG00000233871	10	79687130	79689582
ENSG00000234338	7	64295658	64297260
ENSG00000265313	17	57508230	57604307
ENSG00000224722	8	128098508	128099755
ENSG00000236792	1	192216635	192217077
ENSG00000253186	8	43108875	43109232
ENSG00000251492	4	136925664	136926057
ENSG00000234612	10	79713253	79713634
ENSG00000239821	19	18444086	18444381
ENSG00000234413	X	53370192	53370711
ENSG00000261108	16	32750948	32751487
ENSG00000272049	5	8445062	8445648
ENSG00000262139	HSCHR12_3_CTG2_1	101505377	101522419
ENSG00000182722	7	64312775	64313732
ENSG00000226128	1	98051418	98051850
ENSG00000226015	1	146674857	146676513
ENSG00000264175	19	18497372	18497444
ENSG00000015532	17	48423453	48440499
ENSG00000262149	HG729_PATCH	8585996	8642307
ENSG00000254166	8	128197880	128215467
ENSG00000237398	6	33098993	33111102
ENSG00000221167	19	18520504	18520592
ENSG00000261166	4	137018952	137020395
ENSG00000234124	4	70933103	70951007
ENSG00000200889	17	57614720	57614860
ENSG00000221145	1	192460258	192460350
ENSG00000268199	19	18552229	18554407
ENSG00000230615	1	44501798	44570647
ENSG00000230313	6	33112560	33115544
ENSG00000267637	17	57862174	57862396
ENSG00000055208	6	149539777	149732749
ENSG00000242042	1	246679341	246687589
ENSG00000230718	1	98240225	98240582
ENSG00000233250	X	53459670	53459979
ENSG00000247844	8	128220111	128231333
ENSG00000125843	20	3801178	3805949
ENSG00000232498	1	192486769	192536347
ENSG00000167094	9	130478345	130493879
ENSG00000239498	2	220970377	221315499
ENSG00000251567	4	137039830	137316626
ENSG00000202441	6	33167378	33167472
ENSG00000253606	8	43125341	43127105
ENSG00000243156	22	18270415	18507325
ENSG00000213640	7	64323377	64324748
ENSG00000199004	17	57918627	57918698
ENSG00000256989	19	18553705	18554469
ENSG00000247516	5	8450856	8463208
ENSG00000221254	14	56542198	56542284
ENSG00000199036	6	33175612	33175721
ENSG00000235416	X	53483220	53483976
ENSG00000236806	1	146695146	146695940
ENSG00000236069	1	192498709	192507232
ENSG00000235777	1	98262477	98263622
ENSG00000230813	1	246690332	246691457
ENSG00000259483	14	56770208	56777479
ENSG00000186431	19	55385704	55401838
ENSG00000201524	17	57924799	57924905
ENSG00000268938	19	18642423	18643442
ENSG00000225463	6	33183482	33184105
ENSG00000256353	12	23261392	23261427
ENSG00000250665	4	137047064	137060029
ENSG00000260882	16	5128169	5128606
ENSG00000246228	8	128302062	128494384
ENSG00000270264	17	57962376	57962913
ENSG00000231767	1	192685313	192685783
ENSG00000199422	X	53489150	53489251
ENSG00000145416	4	164445450	165305202
ENSG00000235337	2	220992267	221077212
ENSG00000269191	19	18643718	18646998
ENSG00000189316	7	64348905	64350478
ENSG00000261928	HG1091_PATCH	60602555	60603812
ENSG00000260644	16	32752635	32787517
ENSG00000267070	16	5148740	5192596
ENSG00000213226	1	146790828	146791942
ENSG00000229112	1	246691864	246692143
ENSG00000253486	8	43129925	43130434
ENSG00000223457	6	33205576	33207467
ENSG00000249311	4	137276265	137277491
ENSG00000263522	X	53513659	53513758
ENSG00000259719	14	56777598	56811719
ENSG00000221199	2	221056599	221056677
ENSG00000115934	12	23334268	23404433
ENSG00000268030	19	18668585	18672370
ENSG00000271886	X	53583184	53583302
ENSG00000225300	1	246769175	246771404
ENSG00000234713	8	43131413	43131966
ENSG00000270911	1	98321131	98322381
ENSG00000137168	6	36822603	36842800
ENSG00000236451	2	221315400	221569286
ENSG00000269998	1	98399030	98407302
ENSG00000260431	16	5257089	5257440
ENSG00000256473	12	23790907	23791421
ENSG00000268983	19	18679316	18680185
ENSG00000229252	HSCHR6_MHC_DBB	30447487	30452225
ENSG00000208012	X	53584153	53584235
ENSG00000237307	X	136058576	136067864
ENSG00000228955	1	246795553	246795780
ENSG00000259946	1	98432561	98434370
ENSG00000086504	16	417384	420527
ENSG00000258803	14	56981049	57018027
ENSG00000228687	1	192765663	192766335
ENSG00000227163	1	44553630	44554149
ENSG00000216192	12	24365355	24365429
ENSG00000224735	X	53785524	53785702
ENSG00000222096	2	221341704	221341813
ENSG00000264362	4	137628333	137628416
ENSG00000240961	6	92449327	92449614
ENSG00000001036	6	143815948	143832827
ENSG00000271509	8	128304478	128304685
ENSG00000262189	HG1091_PATCH	60675958	60676452
ENSG00000224819	2	221655798	221662613
ENSG00000261811	16	5265395	5270595
ENSG00000226814	1	192769701	192770271
ENSG00000248869	4	137717877	138133953
ENSG00000258428	14	57099962	57115376
ENSG00000263490	19	18742459	18742718
ENSG00000253929	8	128351519	128404876
ENSG00000219867	6	92525561	92526146
ENSG00000222585	22	26111008	26111136
ENSG00000215611	GL000201.1	26348	27637
ENSG00000255864	12	24366190	24715524
ENSG00000225206	1	98453556	98515419
ENSG00000262502	HG1091_PATCH	60715788	60716377
ENSG00000226110	X	53795484	53795717
ENSG00000006075	17	34415602	34417515
ENSG00000264925	22	26279041	26279128
ENSG00000226653	1	146890777	146891610
ENSG00000232089	2	222027491	222027773
ENSG00000223075	1	192844816	192845115
ENSG00000260411	16	5289803	6826015
ENSG00000272217	6	33213852	33214633
ENSG00000253707	8	43139769	43139949
ENSG00000269694	19	18992489	18994185
ENSG00000249375	8	128698588	128746213
ENSG00000260698	1	246845410	246848377
ENSG00000271647	1	44568978	44570375
ENSG00000261964	HG729_PATCH	8645126	8675619
ENSG00000242995	14	57150139	57150459
ENSG00000234871	1	192906430	192917387
ENSG00000262217	HSCHR12_3_CTG2_1	101555447	101610166
ENSG00000250341	4	138114910	138119521
ENSG00000225152	10	125185229	125187156
ENSG00000235021	1	246853349	246855123
ENSG00000258703	14	57226097	57232475
ENSG00000269019	19	19051131	19057640
ENSG00000175550	11	65686728	65689032
ENSG00000234473	1	192962579	192963807
ENSG00000262281	HG1091_PATCH	60717877	60718369
ENSG00000261867	HSCHR12_3_CTG2_1	101599226	101599332
ENSG00000228879	1	246918813	246919134
ENSG00000250037	5	8456059	8456671
ENSG00000207209	1	146891926	146892027
ENSG00000270163	14	57266623	57267306
ENSG00000260817	16	5310687	5311044
ENSG00000241172	19	19068769	19069067
ENSG00000263114	HSCHR12_3_CTG2_1	101628096	101628831
ENSG00000122033	13	28009776	28024739
ENSG00000135144	12	113494514	113535833
ENSG00000237056	HSCHR6_MHC_MCF	33452528	33456065
ENSG00000222526	4	138149282	138149385
ENSG00000272443	1	146917312	146917866
ENSG00000232940	6	33217311	33222766
ENSG00000155760	2	202899310	202903160
ENSG00000269131	19	19101702	19104419
ENSG00000125533	20	61637331	61638387
ENSG00000221432	2	222384284	222384377
ENSG00000102003	X	49044269	49056718
ENSG00000250813	4	138222155	138222341
ENSG00000229037	X	53834274	53835121
ENSG00000188877	8	43147626	43218661
ENSG00000226726	2	222397388	222397728
ENSG00000248550	14	57279901	57618895
ENSG00000239560	1	44582772	44583069
ENSG00000252973	19	19343664	19343756
ENSG00000204118	X	72345876	72347919
ENSG00000238754	1	193026411	193026545
ENSG00000233514	1	44587825	44588184
ENSG00000272480	1	146953988	146954378
ENSG00000262620	HG1091_PATCH	60842123	60842338
ENSG00000257053	12	121586813	121586912
ENSG00000207448	4	71567472	71567575
ENSG00000223519	1	246935139	246993361
ENSG00000267629	19	19366451	19384178
ENSG00000272944	2	222437226	222439174
ENSG00000272579	1	193059996	193060686
ENSG00000234610	1	146986158	146989699
ENSG00000251440	4	138346580	138347018
ENSG00000207058	4	71568735	71568840
ENSG00000235916	X	53852385	53852807
ENSG00000252166	Y	20278734	20278893
ENSG00000221680	1	193105633	193105713
ENSG00000249782	5	8525291	8528791
ENSG00000272986	4	71569464	71570208
ENSG00000230406	2	222457161	222457581
ENSG00000261827	12	121625359	121625835
ENSG00000213448	4	138369241	138369655
ENSG00000222047	10	75669727	75682535
ENSG00000221809	16	5313224	5313372
ENSG00000201618	X	53935488	53935595
ENSG00000250389	5	8618693	8619216
ENSG00000232077	1	193273875	193335083
ENSG00000239275	1	44603514	44604485
ENSG00000251632	4	138466885	138524584
ENSG00000159140	21	34914924	34949812
ENSG00000242278	16	5320175	5320955
ENSG00000252175	X	54091278	54091399
ENSG00000249859	8	128806779	129113499
ENSG00000199506	12	96186307	96186413
ENSG00000241913	17	57989558	57989727
ENSG00000224949	X	54173805	54174092
ENSG00000234542	10	125333743	125343283
ENSG00000152495	5	110559351	110830584
ENSG00000242379	1	147161375	147161681
ENSG00000258343	12	96189123	96252617
ENSG00000226804	1	44616266	44617425
ENSG00000226640	1	193648024	193696165
ENSG00000267182	16	5339201	5339410
ENSG00000234566	X	54249757	54250495
ENSG00000250126	4	138566419	138576328
ENSG00000227139	1	147169914	147171461
ENSG00000267234	19	19512788	19513412
ENSG00000232744	Y	20283081	20285685
ENSG00000156502	10	70939988	70968855
ENSG00000238318	4	71677963	71678063
ENSG00000221293	10	125494301	125494372
ENSG00000261007	16	5415798	5416689
ENSG00000229596	6	33306755	33307272
ENSG00000149658	20	61826781	61847586
ENSG00000186462	X	72432135	72434684
ENSG00000233557	1	98542556	98543024
ENSG00000252880	4	71713853	71713935
ENSG00000237011	1	193653376	193657559
ENSG00000234482	1	147229426	147230517
ENSG00000207821	19	19545872	19545967
ENSG00000250777	4	138611631	138656131
ENSG00000255476	11	9860690	9950810
ENSG00000207104	X	54369979	54370085
ENSG00000207007	4	71717847	71717957
ENSG00000257878	12	96390299	96405267
ENSG00000248765	5	8619290	8620422
ENSG00000220553	6	92723560	92724452
ENSG00000234190	1	147249700	147261065
ENSG00000215197	X	54698418	54699071
ENSG00000267178	19	19698900	19699224
ENSG00000249170	4	72165975	72166952
ENSG00000263141	HSCHR21_3_CTG1_1	34106210	34144169
ENSG00000226053	1	98676303	98738214
ENSG00000244646	Y	20290496	20298913
ENSG00000103742	15	65673802	65715410
ENSG00000200171	1	44619057	44619152
ENSG00000257715	12	96419101	96421749
ENSG00000252568	11	9865362	9865423
ENSG00000223728	1	147313096	147314493
ENSG00000200492	6	92829240	92829349
ENSG00000221777	1	98838941	98839055
ENSG00000238037	1	44620700	44620973
ENSG00000252241	1	193700988	193701074
ENSG00000260855	1	246935603	246939074
ENSG00000254765	11	9980291	9981337
ENSG00000261038	6	93097559	93098545
ENSG00000231933	22	26279363	26299214
ENSG00000232825	1	99469832	99614408
ENSG00000228285	6	33333325	33334020
ENSG00000258251	12	96453802	96454153
ENSG00000237213	1	193725945	193726397
ENSG00000260981	5	8785154	8785580
ENSG00000227994	1	44638178	44638391
ENSG00000265419	6	93354459	93354526
ENSG00000221716	X	54840803	54840930
ENSG00000131264	X	72667090	72675081
ENSG00000171462	6	43418090	43424370
ENSG00000270098	4	72300122	72303641
ENSG00000220908	6	93432721	93433547
ENSG00000227953	1	246939315	246955687
ENSG00000259242	19	19717159	19719469
ENSG00000221750	X	54953738	54953866
ENSG00000227034	1	99473774	99474030
ENSG00000271329	1	44653615	44654721
ENSG00000258435	12	121829765	121837662
ENSG00000221455	6	93500171	93500382
ENSG00000234466	X	55081378	55082271
ENSG00000254865	11	10170739	10186656
ENSG00000271283	19	19810012	19810218
ENSG00000233602	1	44709080	44709945
ENSG00000227240	1	194118603	194167824
ENSG00000101158	20	57556263	57570188
ENSG00000238412	6	93521759	93521852
ENSG00000225644	6	33357151	33357252
ENSG00000254719	11	10293599	10293806
ENSG00000256742	12	122018697	122031409
ENSG00000222236	4	72625235	72625333
ENSG00000219387	6	93596969	93598299
ENSG00000252146	1	44798777	44798850
ENSG00000233983	1	99929934	99930332
ENSG00000206292	HSCHR6_MHC_QBL	32900651	32906085
ENSG00000248567	4	72687022	72689697
ENSG00000266889	12	96495731	96496027
ENSG00000250198	5	8839844	8881637
ENSG00000252393	12	122042807	122042917
ENSG00000120549	10	23983675	24836772
ENSG00000186678	X	55199150	55202459
ENSG00000261900	HG339_PATCH	97889472	97965046
ENSG00000199385	1	44856394	44856495
ENSG00000254554	11	10324204	10325251
ENSG00000204194	6	33367836	33368333
ENSG00000270402	19	19819774	19821274
ENSG00000215859	1	147466094	147484331
ENSG00000258177	12	96616575	96617751
ENSG00000229465	Y	20309770	20310894
ENSG00000263381	1	45011165	45011224
ENSG00000233057	1	194158097	194159472
ENSG00000239195	11	93466394	93466466
ENSG00000260158	16	32820877	32835966
ENSG00000224445	1	99937971	99999571
ENSG00000201435	12	96697153	96697291
ENSG00000199377	1	45187458	45187574
ENSG00000182329	2	202937978	203062585
ENSG00000223476	7	64393651	64393994
ENSG00000207145	11	93466632	93466763
ENSG00000221574	11	10420739	10420864
ENSG00000250877	4	73188745	73196468
ENSG00000257169	12	96780596	96780972
ENSG00000200169	1	45196727	45196842
ENSG00000229760	X	55204640	55205170
ENSG00000271499	19	19861427	19863353
ENSG00000221170	11	93466840	93466930
ENSG00000261719	16	32822350	32822572
ENSG00000104938	19	7828035	7834491
ENSG00000223656	1	100163798	100164734
ENSG00000270948	7	64402521	64403304
ENSG00000235099	6	93780105	93813102
ENSG00000264085	6	33406108	33406214
ENSG00000210825	11	93468277	93468402
ENSG00000225721	1	45224709	45241482
ENSG00000201165	7	64483582	64483688
ENSG00000177112	11	10562819	10621479
ENSG00000270665	4	73672984	73673909
ENSG00000259934	16	32857285	32857501
ENSG00000263140	HSCHR21_3_CTG1_1	34144411	34271837
ENSG00000244211	1	147466533	147481824
ENSG00000242014	6	33508471	33508774
ENSG00000239264	6	7881483	8026646
ENSG00000226366	2	52154020	52154500
ENSG00000238437	11	93530379	93530479
ENSG00000231947	X	55205627	55206432
ENSG00000213187	6	93801694	93802478
ENSG00000260047	16	32881306	32883370
ENSG00000265292	11	93533649	93533916
ENSG00000197251	6	33553883	33561115
ENSG00000201491	1	100250296	100250441
ENSG00000101871	X	10413350	10851773
ENSG00000206911	11	93560788	93560900
ENSG00000252955	4	73830895	73831020
ENSG00000238047	X	55206810	55207710
ENSG00000258272	12	96816104	96879220
ENSG00000202254	1	100257218	100257309
ENSG00000204116	X	72783036	72906937
ENSG00000264294	1	45241536	45241615
ENSG00000255995	11	93724512	93724595
ENSG00000210839	4	73892465	73892590
ENSG00000252226	1	100295021	100295093
ENSG00000252495	1	246970417	246970487
ENSG00000234585	7	64498732	64535091
ENSG00000200913	1	45242162	45242265
ENSG00000203989	X	119205848	119211707
ENSG00000251617	X	55306272	55315118
ENSG00000249843	5	54174066	54174416
ENSG00000266904	19	19868175	19887232
ENSG00000231996	1	100308166	100308317
ENSG00000144460	2	226265364	226518734
ENSG00000248916	3	129041889	129044269
ENSG00000266509	6	33665905	33666011
ENSG00000235386	1	246981378	246981482
ENSG00000166856	12	57388230	57390468
ENSG00000256752	11	93731809	93732384
ENSG00000207267	2	11374114	11374220
ENSG00000272859	4	73918079	73918634
ENSG00000202031	1	45243515	45243584
ENSG00000231714	1	194320073	194321556
ENSG00000230154	2	11448151	11449067
ENSG00000251813	1	194457233	194457335
ENSG00000207421	1	45244062	45244128
ENSG00000252011	1	246996750	246996831
ENSG00000206858	11	10747450	10747551
ENSG00000252249	6	94588824	94588947
ENSG00000253784	8	73787094	73793975
ENSG00000085998	1	46654354	46685977
ENSG00000153714	9	12775020	12822130
ENSG00000248641	4	73964539	73964862
ENSG00000228167	1	194687925	194688366
ENSG00000212694	12	122233173	122241812
ENSG00000236775	1	247178370	247180593
ENSG00000228084	1	100433939	100435420
ENSG00000249346	6	33835283	33864691
ENSG00000229600	6	94596618	94599128
ENSG00000255125	11	10804860	10823172
ENSG00000214617	16	32888790	32896822
ENSG00000234093	1	45245998	45246387
ENSG00000153922	5	98190908	98262240
ENSG00000250220	4	74124926	74183670
ENSG00000273059	1	147484031	147484460
ENSG00000227593	11	93788189	93789138
ENSG00000260838	8	73859385	73862680
ENSG00000231143	6	94873638	94904376
ENSG00000240535	5	54317127	54338672
ENSG00000262938	HSCHR21_3_CTG1_1	34165875	34186038
ENSG00000215796	1	247206093	247207323
ENSG00000206791	1	147486649	147486815
ENSG00000238622	11	10823014	10823155
ENSG00000221639	4	74129677	74129801
ENSG00000270492	3	129053429	129053917
ENSG00000220370	6	95054455	95054680
ENSG00000229952	1	147494090	147498172
ENSG00000246308	11	10830844	10844478
ENSG00000270773	3	129064254	129065007
ENSG00000249976	4	74202950	74203488
ENSG00000270484	6	95151748	95153527
ENSG00000244932	3	129100141	129112992
ENSG00000226961	2	11491753	11492250
ENSG00000265108	1	195095811	195095906
ENSG00000256745	11	93921615	93922163
ENSG00000137760	11	107373452	107436472
ENSG00000227421	1	196014126	196030203
ENSG00000212248	1	100444495	100444601
ENSG00000228982	1	247248691	247249369
ENSG00000206585	1	147511004	147511167
ENSG00000216853	6	95156458	95156897
ENSG00000202259	1	100466193	100466295
ENSG00000239622	7	25729200	25729579
ENSG00000265986	1	196551543	196551611
ENSG00000224773	X	114009387	114011334
ENSG00000261254	1	100496122	100501188
ENSG00000250519	11	93971316	94012372
ENSG00000202444	1	45285555	45285669
ENSG00000219627	6	95952058	95952372
ENSG00000227778	1	147552868	147566198
ENSG00000267581	19	19871847	19932525
ENSG00000270933	7	25988277	25989023
ENSG00000235748	1	197107878	197108437
ENSG00000222488	8	73931180	73931279
ENSG00000250436	4	74374520	74399845
ENSG00000221771	8	128972879	128972941
ENSG00000261899	HSCHR2_1_CTG1	36589102	36784311
ENSG00000226164	1	247282971	247283580
ENSG00000236538	2	52298493	52304335
ENSG00000226499	1	45309593	45309754
ENSG00000267693	19	19879540	19879798
ENSG00000272254	8	73955145	73955581
ENSG00000241073	1	100523546	100550027
ENSG00000250619	5	9001886	9046052
ENSG00000207110	8	129011377	129011540
ENSG00000199085	7	25989539	25989606
ENSG00000158258	3	139654027	140296239
ENSG00000263966	11	94149876	94149927
ENSG00000253636	8	73964413	73975296
ENSG00000222501	8	129022628	129022857
ENSG00000261366	6	96023059	96025326
ENSG00000263845	X	136071175	136071263
ENSG00000221230	11	94199661	94199746
ENSG00000226952	1	100564795	100565046
ENSG00000267419	19	19887411	19945736
ENSG00000251474	3	129101765	129118498
ENSG00000266430	7	26099959	26100058
ENSG00000224014	1	247338558	247338827
ENSG00000221176	8	129061398	129061484
ENSG00000237061	8	73996022	73998114
ENSG00000101197	20	61867235	61871859
ENSG00000231617	HSCHR6_MHC_MCF	33456681	33467390
ENSG00000214748	X	136407131	136407208
ENSG00000254002	8	23583844	23600555
ENSG00000219549	6	96077991	96080805
ENSG00000255893	11	94206074	94206736
ENSG00000266294	1	45378740	45378844
ENSG00000273237	7	26213153	26214565
ENSG00000237861	1	197191352	197192385
ENSG00000271415	1	100662372	100662607
ENSG00000221261	8	129162362	129162434
ENSG00000237584	X	136523417	136523995
ENSG00000253039	1	45397995	45398103
ENSG00000253564	8	74128164	74128862
ENSG00000249970	4	74409539	74409730
ENSG00000216123	8	23626069	23626158
ENSG00000101883	X	119243011	119249847
ENSG00000139517	13	28120050	28194541
ENSG00000201782	8	129232750	129233049
ENSG00000221879	1	197332947	197333208
ENSG00000257057	11	94245747	94265289
ENSG00000169047	2	227596033	227664475
ENSG00000229815	1	45424229	45425067
ENSG00000271362	6	33850947	33851188
ENSG00000271118	8	23663446	23663667
ENSG00000215795	1	247347115	247348784
ENSG00000232383	7	26315815	26316226
ENSG00000263240	HSCHR2_1_CTG1	36526531	36526973
ENSG00000230952	2	11497641	11505762
ENSG00000254213	8	74189599	74190281
ENSG00000219941	6	96438983	96440225
ENSG00000232369	1	45453906	45454397
ENSG00000199001	X	114058017	114058127
ENSG00000225080	1	147601780	147602181
ENSG00000230260	1	197407106	197416599
ENSG00000225169	1	100678849	100679226
ENSG00000204422	6	31654739	31681849
ENSG00000233183	6	33861100	33895408
ENSG00000267481	19	19899564	19901340
ENSG00000228277	4	74576019	74580244
ENSG00000254275	8	129417515	129576925
ENSG00000207027	8	23663742	23663890
ENSG00000270038	14	96110845	96111569
ENSG00000268949	1	45454377	45457506
ENSG00000263000	HG729_PATCH	8762287	8763706
ENSG00000087502	12	29490285	29534122
ENSG00000207139	1	197654770	197654870
ENSG00000259865	1	247350583	247351828
ENSG00000164073	4	128838960	128887150
ENSG00000270413	X	114134922	114135137
ENSG00000203835	1	147618673	147621845
ENSG00000119899	6	74303102	74363878
ENSG00000249051	4	74643353	74643777
ENSG00000223941	3	178136989	178175097
ENSG00000224765	X	136638350	136646546
ENSG00000213046	1	197657890	197659757
ENSG00000270325	19	19967784	19968336
ENSG00000250295	8	74209946	74268696
ENSG00000227671	1	247353153	247374158
ENSG00000187461	6	13469513	13486415
ENSG00000230287	1	100714646	100714873
ENSG00000264650	1	45499641	45499692
ENSG00000270270	19	19981532	19982108
ENSG00000250550	4	74713583	74714546
ENSG00000263211	HG729_PATCH	8795838	8796893
ENSG00000242560	6	96730443	96730737
ENSG00000266415	5	9053928	9054007
ENSG00000234315	1	45535649	45536101
ENSG00000255929	11	94278496	94473521
ENSG00000202195	2	52525133	52525234
ENSG00000224616	1	100729565	100731676
ENSG00000233797	6	96806250	96969545
ENSG00000249920	4	74804321	74805275
ENSG00000225444	2	52600256	52617150
ENSG00000221697	6	33967749	33967828
ENSG00000207750	1	100746797	100746864
ENSG00000221707	1	45697890	45697979
ENSG00000221779	6	34036934	34036995
ENSG00000213183	6	97096365	97096945
ENSG00000265339	19	20001968	20002050
ENSG00000238945	1	45824324	45824420
ENSG00000215871	1	100797360	100798173
ENSG00000225842	2	52701211	52701549
ENSG00000271231	6	34157557	34158856
ENSG00000252336	3	178146985	178147078
ENSG00000237136	4	146601356	146692184
ENSG00000250339	4	74809728	74810041
ENSG00000267565	19	20003242	20006656
ENSG00000236872	1	45880692	45881016
ENSG00000233536	11	94371204	94373999
ENSG00000231403	2	11528149	11530493
ENSG00000253339	8	74271148	74275023
ENSG00000271131	3	178211115	178211598
ENSG00000207201	8	23934510	23934671
ENSG00000267268	19	20011777	20074273
ENSG00000187621	14	96116835	96146170
ENSG00000207309	6	97097329	97097467
ENSG00000235582	1	197704766	197705237
ENSG00000131721	X	119292467	119297945
ENSG00000214810	6	34187216	34187843
ENSG00000022567	8	142217265	142318404
ENSG00000206510	HSCHR6_MHC_QBL	29640092	29648802
ENSG00000253891	8	24027470	24034593
ENSG00000219139	6	97101150	97102018
ENSG00000223906	1	100810033	100810798
ENSG00000244194	4	74877295	74877595
ENSG00000232265	1	147634989	147658907
ENSG00000221351	8	129832040	129832124
ENSG00000253235	8	74281005	74281530
ENSG00000236837	2	52721826	52727890
ENSG00000234379	1	45996599	45997811
ENSG00000237978	3	178244293	178578193
ENSG00000250400	8	130228713	130253496
ENSG00000216067	1	100844238	100844331
ENSG00000248848	4	74919755	74921116
ENSG00000154359	8	12579403	12613582
ENSG00000253535	8	24153327	24769586
ENSG00000253302	8	74332239	74353761
ENSG00000234634	17	13202501	13210077
ENSG00000233040	1	197715881	197716581
ENSG00000255666	11	94375073	94384797
ENSG00000234332	1	100858589	100859582
ENSG00000122367	10	88428206	88495825
ENSG00000263568	1	247365269	247365362
ENSG00000220583	6	34231088	34231450
ENSG00000204424	6	31674640	31685581
ENSG00000217331	6	97120005	97120845
ENSG00000252516	1	247367872	247367963
ENSG00000262509	HG339_PATCH	97951459	98031303
ENSG00000248537	5	9363387	9422593
ENSG00000163913	3	129158968	129239198
ENSG00000266115	17	13403571	13403645
ENSG00000204993	2	52797786	52799660
ENSG00000129925	16	420773	437113
ENSG00000167771	11	63678693	63684316
ENSG00000232347	1	247373993	247405125
ENSG00000221698	17	13446846	13446963
ENSG00000187969	X	73524025	73524868
ENSG00000243583	7	143651937	143694405
ENSG00000225339	6	34247456	34254545
ENSG00000250034	4	138728860	138737556
ENSG00000249637	5	139750476	139780952
ENSG00000196353	3	131252399	132004254
ENSG00000224901	1	197726449	197731095
ENSG00000251017	4	74951712	74952389
ENSG00000253225	8	130263213	130263384
ENSG00000254273	8	74423511	74423889
ENSG00000127311	12	66696325	66737423
ENSG00000216518	6	97198700	97199604
ENSG00000232824	1	198166909	198167316
ENSG00000222755	8	130303229	130303521
ENSG00000128294	22	26921458	26992681
ENSG00000236088	17	13659795	13972812
ENSG00000222790	5	139776908	139777029
ENSG00000265720	4	75192603	75192680
ENSG00000214144	1	247393242	247395182
ENSG00000222122	X	114266990	114267096
ENSG00000253383	8	74502809	74503118
ENSG00000224384	6	97233013	97243697
ENSG00000221635	6	34438567	34438706
ENSG00000144468	2	227700297	227863931
ENSG00000078269	6	158402888	158520208
ENSG00000214614	16	32896515	32900195
ENSG00000200051	5	139906937	139907013
ENSG00000223881	1	198566854	198567998
ENSG00000186184	13	28194903	28241548
ENSG00000256469	11	94607217	94658686
ENSG00000250532	4	75284634	75306174
ENSG00000238223	X	114298499	114299357
ENSG00000196114	6	34544035	34544433
ENSG00000248307	4	138948576	139051863
ENSG00000229140	8	130363937	130692485
ENSG00000200235	5	139959252	139959377
ENSG00000228086	1	100927955	100951553
ENSG00000254105	8	74563524	74563837
ENSG00000263479	6	97362577	97362871
ENSG00000251453	5	139961089	139961920
ENSG00000261573	1	198626682	198636190
ENSG00000263132	HG339_PATCH	97872504	97872608
ENSG00000213368	11	94646212	94646931
ENSG00000249942	4	75418301	75514664
ENSG00000239579	X	136677424	136677710
ENSG00000270729	7	143676214	143677318
ENSG00000207229	5	54336675	54336773
ENSG00000225447	1	46111488	46111869
ENSG00000226335	1	147635066	147700929
ENSG00000223249	2	190618190	190618285
ENSG00000263228	HG339_PATCH	97949117	97949976
ENSG00000226684	6	97731179	97757924
ENSG00000213421	1	101052205	101052987
ENSG00000229562	X	136742678	136744401
ENSG00000251376	5	54350256	54350968
ENSG00000254538	8	74582676	74645132
ENSG00000240069	2	110741635	110742565
ENSG00000273377	7	143677998	143678913
ENSG00000216636	6	34584315	34585035
ENSG00000124523	6	13574816	13614790
ENSG00000253559	2	190627430	190630282
ENSG00000224177	2	11534107	11543203
ENSG00000236278	1	198648268	198649162
ENSG00000272640	HSCHR19LRC_LRC_J_CTG1	54530502	54530601
ENSG00000248029	5	54359007	54362058
ENSG00000224849	6	98150157	98155979
ENSG00000253273	8	74743378	74744182
ENSG00000248760	4	75454449	75475972
ENSG00000239059	6	34650575	34650679
ENSG00000160404	9	130493803	130497604
ENSG00000233083	2	52856881	52857216
ENSG00000234329	1	46116711	46117498
ENSG00000242486	6	98155635	98180588
ENSG00000265123	6	34653134	34653419
ENSG00000236080	X	114303800	114304409
ENSG00000250356	4	75843032	75843348
ENSG00000150316	11	94695787	94706776
ENSG00000230402	1	101092605	101106169
ENSG00000222114	X	136770050	136770153
ENSG00000259916	HG686_PATCH	95352269	95368320
ENSG00000242280	7	143682235	143683744
ENSG00000253926	8	130428195	130458098
ENSG00000220643	6	34654379	34654883
ENSG00000238677	1	147665993	147666115
ENSG00000252163	X	137479510	137479787
ENSG00000226207	6	98158829	98165073
ENSG00000147100	X	73641085	73753752
ENSG00000088888	20	3827487	3849280
ENSG00000273240	2	190628585	190629182
ENSG00000229989	1	198776622	198906558
ENSG00000224685	1	101117503	101117823
ENSG00000249717	4	75881184	75895572
ENSG00000239967	7	143774814	143774918
ENSG00000120555	10	38671997	38691844
ENSG00000230896	1	46160356	46162747
ENSG00000224335	1	147706573	147706607
ENSG00000261834	16	32914763	32915215
ENSG00000177485	X	119384607	119392253
ENSG00000238641	2	190749490	190749579
ENSG00000175513	11	65712916	65727434
ENSG00000183981	X	137564903	137565955
ENSG00000263763	8	130496303	130496388
ENSG00000227700	1	147718440	147718956
ENSG00000239981	7	143815554	143816453
ENSG00000223824	2	190781980	190782484
ENSG00000265513	8	130508088	130508189
ENSG00000272469	8	74746010	74746277
ENSG00000273204	1	101360484	101360912
ENSG00000271860	6	98264585	98847748
ENSG00000236111	1	46246949	46247629
ENSG00000231957	10	79828381	79829296
ENSG00000199879	1	147735751	147735907
ENSG00000273234	7	143839102	143840031
ENSG00000266096	8	130508468	130508569
ENSG00000249454	5	54368843	54392381
ENSG00000204253	2	190788062	190788942
ENSG00000251633	8	74817592	74827245
ENSG00000238484	6	34660557	34660660
ENSG00000234283	1	147744014	147752855
ENSG00000240518	5	139988670	139988985
ENSG00000265219	8	130508758	130508857
ENSG00000230946	1	101406573	101407551
ENSG00000270864	16	32926395	32926857
ENSG00000248165	4	75919087	75960034
ENSG00000253643	8	24347825	24372342
ENSG00000264052	5	140027429	140027511
ENSG00000265687	8	130509216	130509296
ENSG00000250033	4	138978618	139099331
ENSG00000207975	1	198828002	198828111
ENSG00000183122	7	143854319	143855271
ENSG00000272288	6	34664094	34665247
ENSG00000231311	Y	20323252	20338370
ENSG00000264680	8	130509594	130509674
ENSG00000199990	5	140090860	140090958
ENSG00000228626	1	147760107	147761057
ENSG00000213110	2	190795003	190795736
ENSG00000224087	2	130865257	130867314
ENSG00000082212	18	48405419	48474691
ENSG00000207759	1	198828173	198828282
ENSG00000232467	1	46312666	46313266
ENSG00000266387	8	130509833	130509913
ENSG00000187109	12	76438670	76478813
ENSG00000235818	1	247400170	247401259
ENSG00000227747	1	198918145	198918934
ENSG00000231196	1	147762996	147767966
ENSG00000225108	2	110744516	110745971
ENSG00000254223	8	130691381	130695925
ENSG00000253768	5	172989481	173000202
ENSG00000202220	8	74892019	74892112
ENSG00000264975	2	52929660	52929753
ENSG00000230417	10	80008505	80434724
ENSG00000260265	4	76006912	76009927
ENSG00000260610	16	32943089	32943890
ENSG00000244295	8	74894360	74894702
ENSG00000235795	1	101461029	101461816
ENSG00000176871	12	118470712	118500235
ENSG00000238107	1	147767287	147769663
ENSG00000226957	1	46512490	46514040
ENSG00000228033	2	52949815	53137158
ENSG00000252223	2	130866777	130866883
ENSG00000261259	16	32963314	33039358
ENSG00000272979	2	191318818	191319247
ENSG00000197617	1	247419374	247420445
ENSG00000224110	8	130740990	130742691
ENSG00000168398	14	96671016	96710666
ENSG00000251370	5	9511445	9518198
ENSG00000260842	HG686_PATCH	95635180	95640576
ENSG00000233654	2	191399581	191432828
ENSG00000223760	2	130887194	130896990
ENSG00000233114	1	46570622	46570847
ENSG00000244252	1	147767899	147769378
ENSG00000225172	1	198952450	198954529
ENSG00000170382	1	204586298	204654861
ENSG00000251725	5	92956402	92956494
ENSG00000238367	6	98472407	98472497
ENSG00000186328	6	34683390	34683717
ENSG00000253833	8	74896728	74897118
ENSG00000134121	3	238279	451090
ENSG00000259852	16	32989782	32990212
ENSG00000220505	6	98627375	98627708
ENSG00000251935	2	191417990	191418206
ENSG00000169856	15	53049637	53083273
ENSG00000235988	1	147789799	147790129
ENSG00000271907	X	114360879	114361007
ENSG00000202079	1	247458137	247458243
ENSG00000233184	1	101491434	101552821
ENSG00000212348	8	74960912	74961019
ENSG00000176349	7	1878222	1889567
ENSG00000249353	5	93018544	93019373
ENSG00000212241	X	114373593	114373686
ENSG00000101198	20	61872136	61904046
ENSG00000227857	1	46600203	46604753
ENSG00000228509	2	191541670	191573442
ENSG00000254288	8	74964575	75012088
ENSG00000224481	1	147801124	147816764
ENSG00000198983	5	54466360	54466450
ENSG00000236920	6	98657896	98662559
ENSG00000250315	4	76026687	76027153
ENSG00000187944	2	197669726	197675000
ENSG00000203664	1	247654370	247655710
ENSG00000113391	5	92953775	93447404
ENSG00000235656	X	114432995	114433312
ENSG00000249091	4	139198269	139202938
ENSG00000217130	6	34711953	34712450
ENSG00000254317	8	130844547	130856750
ENSG00000169840	13	28366780	28368905
ENSG00000250001	5	9519965	9523290
ENSG00000169621	2	68694693	68858004
ENSG00000248397	4	139220010	139233812
ENSG00000207728	5	54466474	54466570
ENSG00000235504	6	99006310	99006447
ENSG00000243831	6	161087260	161097555
ENSG00000252744	1	147802396	147802519
ENSG00000233410	1	198975169	198990166
ENSG00000168621	5	37812779	37839788
ENSG00000260921	16	33006858	33008091
ENSG00000251856	5	54468090	54468181
ENSG00000250719	1	46641158	46642150
ENSG00000253625	2	89471506	89472037
ENSG00000202408	1	147806736	147806886
ENSG00000243402	8	130876724	130877298
ENSG00000206717	6	34789222	34789319
ENSG00000250560	4	76120077	76120289
ENSG00000202111	5	140098510	140098598
ENSG00000187472	6	99228133	99241868
ENSG00000272163	8	24769678	24772230
ENSG00000251372	4	139230865	139345498
ENSG00000231138	10	125536186	125537265
ENSG00000232604	2	53091373	53093769
ENSG00000272824	1	147830374	147830815
ENSG00000235852	2	191745523	191746785
ENSG00000200075	8	130880836	130880962
ENSG00000187762	6	34991299	34991608
ENSG00000202515	5	140105743	140105831
ENSG00000127720	12	82752276	82873015
ENSG00000105221	19	40736224	40791443
ENSG00000207340	1	147834502	147834665
ENSG00000254263	8	130902711	130914004
ENSG00000225779	1	46836258	46836627
ENSG00000221437	10	125670995	125671077
ENSG00000259997	16	33013654	33013942
ENSG00000251185	4	76194278	76286392
ENSG00000237332	X	114658576	114660070
ENSG00000235492	1	198985262	199045864
ENSG00000229023	2	191857365	191858293
ENSG00000250515	5	140111875	140112448
ENSG00000251307	5	54529762	54591029
ENSG00000271042	6	99530325	99530637
ENSG00000139515	13	28494157	28500368
ENSG00000234677	10	125673090	125691113
ENSG00000250786	5	9546312	9550721
ENSG00000253720	8	130952102	130961640
ENSG00000227135	1	247687981	247690054
ENSG00000215863	1	147835127	147931933
ENSG00000251454	4	76266489	76284234
ENSG00000254164	5	173001941	173003278
ENSG00000231718	1	199117726	199362435
ENSG00000004961	X	11129421	11141198
ENSG00000248106	5	140143695	140144406
ENSG00000272406	5	93077346	93079206
ENSG00000264241	6	35101231	35101315
ENSG00000264441	19	20137836	20137926
ENSG00000265226	6	99572485	99572572
ENSG00000232668	2	53110381	53110593
ENSG00000251383	4	76279286	76287776
ENSG00000213438	10	125751426	125752185
ENSG00000253955	5	173006646	173012071
ENSG00000239006	1	199166208	199166312
ENSG00000122687	7	2273866	2281840
ENSG00000236817	1	247728941	247804156
ENSG00000253043	8	131016774	131016847
ENSG00000253202	2	89491988	89492240
ENSG00000268070	19	20144253	20145141
ENSG00000272374	6	35188147	35192407
ENSG00000249481	6	44310397	44344904
ENSG00000265880	HG962_PATCH	70856397	70914929
ENSG00000232022	1	46897801	46911193
ENSG00000104725	8	24808468	24814624
ENSG00000204588	2	110744640	110753717
ENSG00000228190	1	199341005	199341425
ENSG00000264653	8	131020580	131020699
ENSG00000232699	6	99622620	99623357
ENSG00000003756	3	50126341	50156454
ENSG00000248646	4	76286417	76359659
ENSG00000230686	2	191882680	191883805
ENSG00000200304	8	131081787	131081898
ENSG00000260141	16	33054930	33106752
ENSG00000271410	5	54652136	54653351
ENSG00000252842	1	147857985	147858119
ENSG00000250735	4	76326405	76348233
ENSG00000253959	5	173069522	173085197
ENSG00000203377	8	131085393	131085648
ENSG00000232334	10	125763820	125764344
ENSG00000202064	1	147860642	147860803
ENSG00000231858	2	191886252	191897040
ENSG00000269154	19	20173564	20174129
ENSG00000224477	6	161119320	161121664
ENSG00000252765	1	101598709	101598895
ENSG00000065548	2	187350883	187374090
ENSG00000251942	2	53697585	53697767
ENSG00000217004	6	35246954	35247596
ENSG00000236468	1	199356269	199357603
ENSG00000269962	10	126133808	126134344
ENSG00000201183	1	147874868	147875028
ENSG00000265135	5	54804678	54804754
ENSG00000271578	1	101656076	101656550
ENSG00000212342	8	131175218	131175373
ENSG00000251023	5	93196375	93199531
ENSG00000253428	5	173116462	173132852
ENSG00000228506	6	99872798	99879249
ENSG00000249504	5	140240860	140243104
ENSG00000252394	1	247770428	247770503
ENSG00000253656	8	131607545	131667958
ENSG00000262658	HG729_PATCH	8741728	8741952
ENSG00000223897	2	53713282	53713418
ENSG00000201644	4	76587305	76587397
ENSG00000151612	4	146678779	146859787
ENSG00000240673	19	20190627	20191348
ENSG00000271434	10	126136282	126138617
ENSG00000231551	1	147887350	147901508
ENSG00000238296	1	101694220	101694321
ENSG00000260900	16	33071257	33071419
ENSG00000207402	2	191986676	191986782
ENSG00000198452	1	247782945	247783872
ENSG00000222644	4	76750607	76750742
ENSG00000265280	2	130941016	130941092
ENSG00000254098	2	89495584	89496317
ENSG00000227154	6	35410821	35417643
ENSG00000131263	X	73805052	73834452
ENSG00000224371	6	161293920	161339681
ENSG00000253259	8	131904316	131905031
ENSG00000225938	1	101701239	101702084
ENSG00000230611	2	192038959	192039561
ENSG00000272154	5	140479829	140481794
ENSG00000229717	4	76751904	76753858
ENSG00000250853	5	54825984	54826529
ENSG00000262301	HG729_PATCH	8793619	8794088
ENSG00000227632	2	130959885	130970201
ENSG00000229455	10	126178392	126179147
ENSG00000235749	1	247803051	247910364
ENSG00000228439	6	99968569	99979794
ENSG00000253992	8	131947655	131961911
ENSG00000235721	2	110765252	110768360
ENSG00000245928	4	76901943	76927095
ENSG00000111344	12	113536624	113574044
ENSG00000260940	1	101708714	101709305
ENSG00000180389	13	28519343	28519727
ENSG00000227542	2	192093891	192110898
ENSG00000207456	2	53797511	53797617
ENSG00000261599	16	33105525	33140411
ENSG00000206291	HSCHR6_MHC_QBL	32961400	32977612
ENSG00000264740	2	53878538	53878610
ENSG00000225846	4	76957903	76958217
ENSG00000230411	1	247830189	247831143
ENSG00000228399	1	101721830	101722172
ENSG00000251544	5	93903166	93904614
ENSG00000206509	HSCHR6_MHC_QBL	29688014	29703770
ENSG00000238756	2	54066862	54066966
ENSG00000263805	1	199584316	199584408
ENSG00000268162	12	57390745	57391335
ENSG00000265931	4	77016561	77016661
ENSG00000252130	2	192235664	192235770
ENSG00000265452	2	54076259	54076342
ENSG00000253686	5	173134617	173173214
ENSG00000220913	6	161326802	161334670
ENSG00000231984	1	199721619	199722018
ENSG00000201610	2	11657523	11657629
ENSG00000253407	8	132142635	132157128
ENSG00000173810	1	101736431	101736919
ENSG00000225884	2	192658151	192684976
ENSG00000249858	4	77265703	77266743
ENSG00000235937	2	54256689	54257819
ENSG00000272017	6	100015973	100016972
ENSG00000166860	12	57392618	57400230
ENSG00000100122	22	26995242	27014052
ENSG00000225871	1	147907215	147909036
ENSG00000264010	2	11680731	11680803
ENSG00000212368	4	77277763	77277868
ENSG00000159784	7	143050493	143059863
ENSG00000230756	2	130970443	130971063
ENSG00000228530	1	199846106	199846686
ENSG00000233334	10	126392194	126402786
ENSG00000125618	2	113973574	114036527
ENSG00000240426	4	77322404	77322722
ENSG00000125355	X	119392505	119445411
ENSG00000165556	13	28536274	28545276
ENSG00000253507	8	132320792	132329879
ENSG00000213225	2	130986949	130989679
ENSG00000231671	1	101788893	101855859
ENSG00000175467	11	65729160	65747299
ENSG00000219755	6	100023588	100024332
ENSG00000199857	4	77323229	77323299
ENSG00000253998	2	89533655	89534393
ENSG00000200139	1	199857287	199857389
ENSG00000233766	2	192711265	192908909
ENSG00000251718	2	11701320	11701432
ENSG00000271021	X	114689494	114689955
ENSG00000229747	1	199878049	199878776
ENSG00000202248	2	11701787	11701905
ENSG00000224864	19	20235248	20236293
ENSG00000270656	1	147983307	147983593
ENSG00000263401	5	173157081	173157180
ENSG00000271826	X	114752490	114797058
ENSG00000272108	5	140498262	140500347
ENSG00000199303	6	100090113	100090223
ENSG00000212456	1	147994146	147994313
ENSG00000233266	2	54278471	54278897
ENSG00000224863	1	46912345	46915376
ENSG00000223491	1	148000213	148000494
ENSG00000239899	2	11724899	11725176
ENSG00000254211	5	173213793	173236042
ENSG00000254132	5	93904634	93905175
ENSG00000202491	1	199977633	199977735
ENSG00000233342	6	161347401	161348194
ENSG00000229315	6	100441820	100524289
ENSG00000066136	1	41157320	41237275
ENSG00000223612	1	148193172	148193875
ENSG00000202329	1	199983817	199983923
ENSG00000252441	X	114779969	114780049
ENSG00000252860	1	200023189	200023293
ENSG00000226715	1	102189298	102195170
ENSG00000177839	5	140566893	140571111
ENSG00000100478	14	31494312	31562818
ENSG00000239112	5	9548948	9549017
ENSG00000225667	1	46921495	46948147
ENSG00000270431	X	114894033	114894342
ENSG00000199466	10	126454765	126454866
ENSG00000221403	1	200113962	200114063
ENSG00000241114	2	54307111	54307417
ENSG00000228559	6	35512409	35513446
ENSG00000252530	1	102194198	102194293
ENSG00000121207	4	155548097	155674270
ENSG00000231863	6	161352112	161390803
ENSG00000203457	10	126493333	126493557
ENSG00000229220	1	200116659	200117407
ENSG00000272157	8	24814135	24814624
ENSG00000269956	1	47004368	47035927
ENSG00000183298	1	102251892	102254059
ENSG00000253158	2	89551697	89552222
ENSG00000219023	6	35523650	35524041
ENSG00000267383	19	20236186	20432114
ENSG00000227801	HSCHR6_MHC_COX	33052091	33081908
ENSG00000227881	X	114899215	114900453
ENSG00000271291	1	148229952	148230238
ENSG00000233827	1	200182656	200183643
ENSG00000265583	2	11747530	11747631
ENSG00000272841	6	161411350	161413374
ENSG00000213946	2	192745908	192746931
ENSG00000163449	2	216946589	216967506
ENSG00000207494	10	126503527	126503631
ENSG00000219257	6	100498248	100499112
ENSG00000207501	1	148241465	148241628
ENSG00000183463	13	28551851	28562791
ENSG00000248525	5	9621489	9658570
ENSG00000214807	10	126556079	126556895
ENSG00000166415	15	53805938	54055075
ENSG00000236140	1	148246959	148248104
ENSG00000233647	1	47131582	47132047
ENSG00000221021	6	162036098	162036191
ENSG00000218749	6	35575405	35575711
ENSG00000230044	2	11805495	11806095
ENSG00000251340	5	93905245	93906381
ENSG00000162552	1	22443798	22470462
ENSG00000273093	1	200284563	200285095
ENSG00000227913	6	162989411	162990760
ENSG00000189430	19	55417508	55427508
ENSG00000229395	2	193494645	193510432
ENSG00000127328	12	70132461	70216984
ENSG00000272156	2	54309691	54312203
ENSG00000253832	8	24849516	24867292
ENSG00000213045	1	200298289	200298805
ENSG00000169057	X	153287024	153363212
ENSG00000234398	2	131003544	131006343
ENSG00000213177	6	100583940	100584539
ENSG00000228237	1	47139708	47157770
ENSG00000146001	5	140613938	140617101
ENSG00000249456	10	126605712	126631450
ENSG00000253670	8	24998909	24999483
ENSG00000212579	6	35619595	35619722
ENSG00000217557	6	163378290	163378580
ENSG00000249410	5	54847713	54848382
ENSG00000234367	1	148349256	148349657
ENSG00000265527	6	35632494	35632566
ENSG00000226899	10	126633773	126635001
ENSG00000232227	2	193508828	193510113
ENSG00000252717	1	102325407	102325513
ENSG00000223063	6	35668780	35668915
ENSG00000035403	10	75757872	75879918
ENSG00000271277	1	102348072	102348450
ENSG00000264572	10	126721352	126721439
ENSG00000252934	2	54394081	54394144
ENSG00000235360	HSCHR6_MHC_COX	31613489	31615961
ENSG00000232909	6	35701644	35704724
ENSG00000253870	2	89553057	89553501
ENSG00000236476	1	47208001	47208805
ENSG00000232464	22	26355040	26379492
ENSG00000225437	6	163463589	163475193
ENSG00000225792	7	26411764	26416321
ENSG00000229002	1	148542873	148545128
ENSG00000234785	X	114937131	114938440
ENSG00000228108	2	54743185	54767834
ENSG00000229730	2	110769842	110770178
ENSG00000214298	10	126855246	126855506
ENSG00000236595	2	131009141	131010132
ENSG00000223056	22	26359949	26360239
ENSG00000227212	1	148574653	148575051
ENSG00000203721	1	200311672	200343482
ENSG00000220734	6	35733685	35734704
ENSG00000232050	22	26402355	26402498
ENSG00000237722	2	131028169	131029845
ENSG00000196431	22	27017928	27026636
ENSG00000241811	8	25038946	25039235
ENSG00000236464	22	26557800	26560269
ENSG00000154198	1	47308767	47366109
ENSG00000251368	5	55046034	55046229
ENSG00000227418	2	193614571	193641625
ENSG00000227136	10	80027085	80090352
ENSG00000264759	X	114938132	114938187
ENSG00000211498	5	93914474	93914555
ENSG00000197121	2	197697728	197792520
ENSG00000199322	5	55073297	55073415
ENSG00000237253	1	148598398	148599531
ENSG00000253476	8	25283037	25284096
ENSG00000162699	1	102358661	102359603
ENSG00000271304	6	35957292	35958213
ENSG00000229770	22	26557876	26559180
ENSG00000248854	5	55134629	55135853
ENSG00000232578	5	93928473	93930496
ENSG00000239136	6	163647942	163648037
ENSG00000182208	11	1490687	1522477
ENSG00000255927	X	114953100	114953685
ENSG00000237719	6	36059768	36060423
ENSG00000106268	7	2281857	2290781
ENSG00000226675	1	148598464	148598976
ENSG00000237887	2	54756480	54756938
ENSG00000166483	11	9595228	9615004
ENSG00000253109	5	173466754	173467243
ENSG00000226242	2	193638808	193639142
ENSG00000217514	6	163784242	163784495
ENSG00000224192	22	26637297	26650058
ENSG00000095627	10	115939029	115992063
ENSG00000207205	1	148604908	148605072
ENSG00000214870	7	26438213	26538594
ENSG00000262096	5	140619518	140621864
ENSG00000230623	1	200443048	200447421
ENSG00000221743	6	36108275	36108365
ENSG00000050030	X	73952684	74145282
ENSG00000271439	1	148616292	148616578
ENSG00000231954	2	131030052	131031084
ENSG00000252267	22	26786633	26786742
ENSG00000260088	1	200638635	200663378
ENSG00000253100	8	25543314	25545040
ENSG00000246982	6	36114475	36164982
ENSG00000110583	11	63706431	63724800
ENSG00000231267	1	148644011	148644795
ENSG00000270419	6	163834097	163834992
ENSG00000216378	6	100625085	100626068
ENSG00000233359	1	102665295	102855186
ENSG00000230203	22	26818037	26819159
ENSG00000249381	4	139346677	139358023
ENSG00000265682	2	110827538	110827619
ENSG00000252158	8	132445023	132445116
ENSG00000263074	HG747_PATCH	66255298	66418847
ENSG00000166169	10	103338639	103348027
ENSG00000231333	1	200832936	200833280
ENSG00000262211	5	55231971	55237555
ENSG00000254255	8	132724759	132725227
ENSG00000253244	5	173483063	173483588
ENSG00000255729	5	140699661	140700339
ENSG00000249781	5	9641417	9903938
ENSG00000248305	4	139402409	139403250
ENSG00000228692	6	164007615	164009197
ENSG00000230864	1	103228878	103319398
ENSG00000229335	X	114957297	114959383
ENSG00000236211	2	131031481	131033022
ENSG00000145850	5	156346293	156390266
ENSG00000228082	6	100874994	100885360
ENSG00000261522	HG686_PATCH	95339723	95350930
ENSG00000235538	6	164124936	164180873
ENSG00000237533	1	148736689	148737087
ENSG00000253521	8	133572745	133573726
ENSG00000261188	22	26908503	26910534
ENSG00000232658	2	194121208	194122482
ENSG00000253860	2	89575056	89575545
ENSG00000234943	2	54772505	54773814
ENSG00000166863	12	57403784	57422667
ENSG00000211513	19	47212550	47212602
ENSG00000232765	X	55307804	55315218
ENSG00000266128	6	164261593	164261882
ENSG00000220695	6	100978152	100978928
ENSG00000248795	4	139481858	139483095
ENSG00000264979	2	110844010	110844100
ENSG00000222570	8	133693146	133693248
ENSG00000233217	1	200890122	200935658
ENSG00000253447	5	173508509	173513562
ENSG00000234257	1	103565699	103566260
ENSG00000264281	5	55240458	55240856
ENSG00000260422	6	164505055	164506693
ENSG00000269487	19	47231860	47235957
ENSG00000141642	18	48494361	48514491
ENSG00000270137	8	133838424	133839148
ENSG00000237343	1	148760504	148761583
ENSG00000253342	8	25634195	25634972
ENSG00000200616	3	178815519	178815628
ENSG00000272070	5	140705777	140708924
ENSG00000230627	6	164529652	164530726
ENSG00000224666	6	36354608	36359771
ENSG00000229102	3	178819154	178865761
ENSG00000222614	19	47239569	47239676
ENSG00000254178	8	25691645	25697651
ENSG00000253461	2	89586446	89586730
ENSG00000250977	4	139585879	139586723
ENSG00000201957	3	178886871	178886998
ENSG00000238018	2	54888148	54889929
ENSG00000240733	6	36418692	36418978
ENSG00000233586	1	148760506	148761018
ENSG00000223697	8	133850375	133856543
ENSG00000266328	X	55477928	55478015
ENSG00000269576	19	47312842	47313440
ENSG00000272700	3	178954479	178955163
ENSG00000264878	6	36478294	36478375
ENSG00000200635	X	55609166	55609267
ENSG00000260000	6	101329347	101330863
ENSG00000235244	X	115033604	115085422
ENSG00000206968	1	148766938	148767102
ENSG00000240621	7	143873833	143874235
ENSG00000250501	4	139694704	139722793
ENSG00000239964	6	36489968	36490275
ENSG00000226739	6	164767522	164769677
ENSG00000235136	X	55626096	55626539
ENSG00000260065	22	26917949	26921002
ENSG00000269014	19	47330152	47331697
ENSG00000212091	2	110884309	110884401
ENSG00000270239	1	148778320	148778606
ENSG00000263894	6	36590213	36590289
ENSG00000256178	7	143880548	143883173
ENSG00000227908	5	55290995	55299477
ENSG00000151948	12	129337972	129469509
ENSG00000229353	HSCHR6_MHC_QBL	31966588	32011521
ENSG00000248731	8	25798739	25801385
ENSG00000238554	6	36607322	36607449
ENSG00000226384	HSCHR6_MHC_DBB	30866676	30872598
ENSG00000163630	3	63213991	63602597
ENSG00000201032	1	200902473	200902575
ENSG00000230582	1	148806015	148806799
ENSG00000230496	2	131033165	131033830
ENSG00000227455	6	165241239	165245119
ENSG00000233370	2	110941631	110942756
ENSG00000170037	17	7835419	7853236
ENSG00000252071	19	47451546	47451631
ENSG00000251864	6	36640615	36640721
ENSG00000199620	8	25994396	25994514
ENSG00000221760	22	26951178	26951289
ENSG00000240237	8	134014850	134015320
ENSG00000270987	6	101337479	101338214
ENSG00000270133	5	93947611	93953827
ENSG00000229594	X	55659464	55662089
ENSG00000238971	4	139732832	139732920
ENSG00000236011	HSCHR6_MHC_COX	31616421	31621476
ENSG00000229191	1	200993077	200997920
ENSG00000263555	19	47582188	47582450
ENSG00000213500	6	36641594	36643047
ENSG00000235218	2	194141393	194142339
ENSG00000266828	X	115108801	115109100
ENSG00000232990	2	131034080	131034760
ENSG00000213707	22	26956492	26957054
ENSG00000217878	6	165530684	165531013
ENSG00000265134	19	47730199	47730278
ENSG00000261381	HG686_PATCH	95489421	95489682
ENSG00000231334	2	54974240	54975541
ENSG00000270132	8	134241299	134241940
ENSG00000122025	13	28577411	28674729
ENSG00000231371	X	115174736	115175671
ENSG00000250195	4	139741108	139933800
ENSG00000249997	2	131034757	131035530
ENSG00000226912	22	27040853	27041300
ENSG00000199523	6	165823051	165823165
ENSG00000238999	6	101405036	101405139
ENSG00000234132	1	201004224	201012201
ENSG00000235887	1	148852393	148853717
ENSG00000243537	8	134338240	134338647
ENSG00000269619	19	47849965	47850584
ENSG00000108469	17	73622925	73663269
ENSG00000206681	6	166131723	166131826
ENSG00000238145	1	47357311	47358502
ENSG00000257966	12	56263832	56266386
ENSG00000218475	6	101878287	101879429
ENSG00000252507	2	55077426	55077489
ENSG00000253638	8	134404454	134404933
ENSG00000236627	6	166167677	166189268
ENSG00000196290	2	201754050	201768655
ENSG00000244198	7	143891951	143977640
ENSG00000230548	2	131036330	131037683
ENSG00000249213	8	26112399	26114144
ENSG00000169164	X	55681142	55683447
ENSG00000249175	5	94124494	94129304
ENSG00000238326	5	55296346	55296449
ENSG00000223495	1	148853803	148854120
ENSG00000268061	19	47987539	48004854
ENSG00000229821	1	201191241	201192251
ENSG00000200086	2	55241554	55241657
ENSG00000254011	5	173600104	173608817
ENSG00000249236	5	55354877	55363199
ENSG00000250577	4	139845084	139845386
ENSG00000260813	HG686_PATCH	95498403	95499591
ENSG00000227048	1	201398103	201398489
ENSG00000223942	6	166186689	166188674
ENSG00000047648	X	11136239	11683821
ENSG00000231448	1	148854138	148891740
ENSG00000234934	2	131037872	131039678
ENSG00000264953	4	139938647	139938733
ENSG00000220349	6	36704827	36705763
ENSG00000266376	2	55335846	55335939
ENSG00000218536	6	102526747	102527430
ENSG00000252503	4	139976629	139976732
ENSG00000264280	19	48084280	48084576
ENSG00000232598	6	36907847	36912451
ENSG00000203327	2	55441523	55443262
ENSG00000240723	4	140021531	140021810
ENSG00000184677	1	22778344	22857650
ENSG00000224818	1	201433511	201434274
ENSG00000268746	19	48110781	48236355
ENSG00000223414	6	166322290	166401536
ENSG00000179967	4	140036084	140036528
ENSG00000234558	X	115238174	115239683
ENSG00000249722	5	173756615	173757506
ENSG00000269806	19	48118956	48129652
ENSG00000187037	7	37723399	37873390
ENSG00000253032	5	55421498	55421597
ENSG00000224219	2	194595279	194595413
ENSG00000265892	4	140106595	140106897
ENSG00000216412	6	37059088	37059582
ENSG00000253487	2	89594990	89595212
ENSG00000221803	19	48259110	48259219
ENSG00000248136	2	131039658	131040179
ENSG00000243592	5	55432806	55433358
ENSG00000260998	HG686_PATCH	95501084	95501996
ENSG00000224536	1	201476369	201502736
ENSG00000207384	4	140121549	140121667
ENSG00000228496	2	11821586	11823454
ENSG00000259832	1	47433351	47433546
ENSG00000169184	22	28144265	28197486
ENSG00000228451	8	26236775	26240469
ENSG00000252362	4	140152180	140152273
ENSG00000269656	19	48260293	48272097
ENSG00000151962	4	155702365	155749965
ENSG00000227799	2	55451416	55453044
ENSG00000206722	4	140177811	140177914
ENSG00000144036	2	72403113	73053170
ENSG00000207339	12	56268462	56268625
ENSG00000223396	1	201487831	201499602
ENSG00000200520	4	140239532	140239640
ENSG00000248449	5	140805853	140808219
ENSG00000257569	12	56294084	56294402
ENSG00000261196	1	47460054	47460174
ENSG00000213035	19	48297724	48298147
ENSG00000249306	5	173763298	173959460
ENSG00000252961	X	55930020	55930089
ENSG00000242150	1	201489184	201489677
ENSG00000227486	X	55934556	56041606
ENSG00000260142	2	194763091	194764118
ENSG00000225783	22	27042392	27072438
ENSG00000273247	4	140333081	140375188
ENSG00000271150	19	48297907	48298177
ENSG00000261593	1	47466570	47466759
ENSG00000242943	1	148864594	148865175
ENSG00000219757	6	102901242	102901667
ENSG00000224670	2	194892643	194892888
ENSG00000223003	5	55442566	55442673
ENSG00000252687	6	37151373	37151444
ENSG00000253592	2	89609655	89609901
ENSG00000207033	X	115532008	115532113
ENSG00000217120	6	103450389	103451772
ENSG00000259108	19	48366740	48368598
ENSG00000259893	HG686_PATCH	95514329	95515040
ENSG00000251435	5	55488357	55489460
ENSG00000238375	6	37218980	37219082
ENSG00000258554	12	56360622	56361258
ENSG00000252196	6	166355759	166355829
ENSG00000202283	6	104031010	104031143
ENSG00000105329	19	41807492	41859816
ENSG00000236390	1	201642233	201643272
ENSG00000242020	5	140858883	140859190
ENSG00000236077	X	115803778	115814271
ENSG00000214745	X	55987641	55988915
ENSG00000261290	1	47468667	47468820
ENSG00000239953	6	37328961	37329256
ENSG00000175658	1	148900615	148903715
ENSG00000216817	6	104465508	104467623
ENSG00000079246	2	216972187	217071026
ENSG00000203643	2	11861745	11864348
ENSG00000216624	6	166477779	166478788
ENSG00000246422	5	140937878	140944830
ENSG00000204110	6	37475124	37503392
ENSG00000237493	12	56374216	56374819
ENSG00000162997	2	55509455	55511658
ENSG00000221983	19	18682540	18688360
ENSG00000215043	2	194994078	194994990
ENSG00000103202	16	446725	460367
ENSG00000225154	1	47540450	47541651
ENSG00000240974	5	140968502	140968709
ENSG00000221072	19	48401990	48402073
ENSG00000234135	X	56269370	56269842
ENSG00000231871	1	201657387	201798687
ENSG00000221595	19	48554681	48554766
ENSG00000255990	12	56385991	56388469
ENSG00000233550	2	131040252	131040902
ENSG00000175701	2	110969106	111002997
ENSG00000214428	6	104473415	104474638
ENSG00000229559	6	37511329	37515056
ENSG00000243806	5	94161666	94162399
ENSG00000269420	19	48564628	48568202
ENSG00000253430	8	26280109	26281445
ENSG00000257449	12	56423433	56435590
ENSG00000226915	2	131051395	131051978
ENSG00000230790	2	11881123	11885427
ENSG00000261165	HG686_PATCH	95523006	95524026
ENSG00000249545	5	94314855	94316597
ENSG00000142945	1	45205490	45233439
ENSG00000225506	1	47562325	47644943
ENSG00000237860	X	115822838	115824153
ENSG00000257553	12	56498398	56507689
ENSG00000103966	15	42190950	42264776
ENSG00000271435	2	131071507	131071984
ENSG00000265056	2	11907570	11907651
ENSG00000230105	X	56644824	56650891
ENSG00000236695	2	195052103	195053033
ENSG00000254009	2	89911273	89911512
ENSG00000264802	1	201688636	201688755
ENSG00000086289	7	37723446	37991543
ENSG00000224352	2	131087715	131087858
ENSG00000225514	1	47630182	47631592
ENSG00000218173	6	105135116	105135546
ENSG00000252944	6	105214697	105214801
ENSG00000251203	8	26290545	26291581
ENSG00000235121	1	201692422	201706634
ENSG00000227535	6	105279004	105293695
ENSG00000204272	X	56755692	56844813
ENSG00000222854	1	148913273	148913382
ENSG00000212265	5	55556160	55556273
ENSG00000200942	1	201702534	201702633
ENSG00000231297	6	166513153	166526761
ENSG00000252827	12	96820978	96821264
ENSG00000269534	19	48621689	48630963
ENSG00000221028	1	201777739	201777830
ENSG00000248781	5	55571131	55572457
ENSG00000109686	4	152023903	152246784
ENSG00000228737	5	140997981	141006048
ENSG00000258776	14	57284288	57360428
ENSG00000222054	5	9761019	9761125
ENSG00000271099	6	105308324	105309998
ENSG00000225165	5	94775748	94776391
ENSG00000210678	5	55593391	55593516
ENSG00000232527	1	148928322	148951595
ENSG00000223774	1	201862970	201869106
ENSG00000265172	2	11977059	11977112
ENSG00000230159	X	115826878	115828156
ENSG00000201292	6	166622891	166622994
ENSG00000249697	5	55609732	55617224
ENSG00000203809	6	105384169	105388402
ENSG00000226040	5	141275733	141276254
ENSG00000269321	19	48649165	48650670
ENSG00000233365	6	166650457	166657197
ENSG00000225539	2	195208993	195284369
ENSG00000224805	1	47644922	47646011
ENSG00000178162	2	131174328	131188936
ENSG00000250787	5	55677608	55677902
ENSG00000163660	3	156864297	156878549
ENSG00000206637	1	201947589	201947723
ENSG00000268583	19	48707340	48716411
ENSG00000213536	6	166653778	166653981
ENSG00000226252	1	47691469	47696422
ENSG00000206964	2	55513154	55513264
ENSG00000238003	1	201947770	201948077
ENSG00000212147	6	105493437	105493543
ENSG00000227920	6	37512921	37518636
ENSG00000265665	5	55752865	55752965
ENSG00000233231	6	166748056	166748959
ENSG00000268001	19	48758932	48761456
ENSG00000108175	10	80828792	81076276
ENSG00000225762	1	47846600	47874149
ENSG00000254362	8	26298007	26300111
ENSG00000237748	X	56763675	56764010
ENSG00000243801	14	57291092	57291374
ENSG00000273478	1	201964824	201965480
ENSG00000253127	2	89925832	89926057
ENSG00000203808	6	105584183	105617820
ENSG00000214930	X	137569824	137571030
ENSG00000240401	2	55535628	55573185
ENSG00000200818	14	57291704	57291810
ENSG00000234678	1	201969222	201979481
ENSG00000232747	2	89934312	89934582
ENSG00000237424	1	47897805	47900313
ENSG00000180957	22	28247657	28316122
ENSG00000224217	X	115882498	115882845
ENSG00000263926	6	37523141	37523198
ENSG00000243388	14	57445127	57446339
ENSG00000264107	17	29417805	29422468
ENSG00000268186	19	48766157	48774540
ENSG00000225259	8	134420249	134421471
ENSG00000264022	1	149036312	149036377
ENSG00000224799	X	56999943	57001229
ENSG00000225945	6	37783553	37786994
ENSG00000225394	2	195319305	195319866
ENSG00000135469	12	56660642	56664750
ENSG00000258758	14	57507603	57509222
ENSG00000271355	1	47949370	47949834
ENSG00000268530	19	48968850	48972950
ENSG00000203825	1	149036435	149067496
ENSG00000265444	17	29421368	29421443
ENSG00000264560	2	195422898	195422998
ENSG00000095370	9	130500596	130541020
ENSG00000253208	8	26405185	26405979
ENSG00000215048	HSCHR6_MHC_QBL	32972757	32984034
ENSG00000238509	8	43158519	43158625
ENSG00000261760	2	110988683	111043433
ENSG00000261220	8	134585426	134586104
ENSG00000167258	17	37617764	37721160
ENSG00000237708	X	57095347	57096118
ENSG00000261420	6	166796677	166798312
ENSG00000226221	5	55800462	55800899
ENSG00000252517	2	195528831	195528898
ENSG00000255497	8	43169091	43169343
ENSG00000266371	17	29460200	29465536
ENSG00000229554	1	47963566	47964013
ENSG00000212259	5	94857073	94857179
ENSG00000212273	8	134656841	134656968
ENSG00000259136	14	57511364	57511678
ENSG00000243313	6	37800698	37800961
ENSG00000230173	2	195595319	195626159
ENSG00000232082	6	166874151	166878871
ENSG00000240519	8	26629307	26629657
ENSG00000263535	17	29672539	29673205
ENSG00000253970	8	134767054	134767693
ENSG00000261682	16	33140637	33145820
ENSG00000200597	6	37883349	37883518
ENSG00000250240	5	95036953	95067999
ENSG00000221544	6	105629024	105629107
ENSG00000258592	14	57532978	57579378
ENSG00000226310	X	57148095	57153676
ENSG00000218521	6	37970608	37971089
ENSG00000232183	X	137709238	137709504
ENSG00000253916	8	134768088	134768889
ENSG00000252918	6	105644728	105644811
ENSG00000234553	5	55832410	55833653
ENSG00000206752	X	115984807	115984913
ENSG00000259800	16	33141556	33141763
ENSG00000222958	6	166922842	166922921
ENSG00000272102	6	105721095	105721635
ENSG00000239595	17	29792561	29792848
ENSG00000249007	1	201980498	201984785
ENSG00000213526	X	116097017	116097644
ENSG00000264094	8	43221856	43221930
ENSG00000253561	8	134783652	134826780
ENSG00000200706	6	38175050	38175121
ENSG00000235272	6	166999612	166999965
ENSG00000221346	1	47968176	47968311
ENSG00000235056	2	195868435	195891094
ENSG00000264862	17	29845450	29845745
ENSG00000231765	X	57255467	57255848
ENSG00000228650	5	56066626	56068130
ENSG00000131269	X	74273115	74376567
ENSG00000231628	6	105726891	105729630
ENSG00000207800	X	137749872	137749954
ENSG00000238716	6	38326924	38327005
ENSG00000269423	19	48969623	48970237
ENSG00000227883	1	48015868	48016425
ENSG00000253165	8	134787794	134789595
ENSG00000232296	1	201997734	201997820
ENSG00000235008	6	167114582	167116327
ENSG00000260471	16	74254828	74255326
ENSG00000224099	2	196313256	196343649
ENSG00000261536	16	33152171	33155118
ENSG00000254342	8	43227702	43227820
ENSG00000259008	14	57822164	57826128
ENSG00000226533	6	38449468	38450307
ENSG00000266459	17	29861901	29861989
ENSG00000235811	1	202008979	202009062
ENSG00000253813	8	26693334	26693817
ENSG00000216639	6	105746024	105746770
ENSG00000231831	X	57419079	57421842
ENSG00000253501	2	89945567	89946056
ENSG00000259039	14	58045350	58048038
ENSG00000227109	1	202065887	202066106
ENSG00000254313	8	134798336	134798511
ENSG00000207614	17	29887015	29887102
ENSG00000199938	6	38533726	38533831
ENSG00000269751	19	48983104	48985571
ENSG00000113249	5	156456424	156486130
ENSG00000215288	8	26868664	26869888
ENSG00000253593	8	134898739	134914650
ENSG00000271893	2	196316502	196380423
ENSG00000226031	X	137793614	137798779
ENSG00000221038	17	29890787	29890913
ENSG00000221447	1	48086765	48086849
ENSG00000179571	1	149089875	149130302
ENSG00000261248	16	74316313	74321417
ENSG00000217227	6	38555099	38556305
ENSG00000231654	6	167317186	167318323
ENSG00000265976	17	29902288	29902377
ENSG00000202206	2	196378760	196378866
ENSG00000263031	HG1063_PATCH	102421704	102455855
ENSG00000258856	14	58096559	58097880
ENSG00000227947	1	48154135	48169055
ENSG00000269814	19	49016464	49016917
ENSG00000271240	8	134975235	134975502
ENSG00000223466	2	196397759	196403405
ENSG00000259972	16	74339100	74369244
ENSG00000199187	17	29902430	29902540
ENSG00000253627	8	135224108	135332690
ENSG00000101199	20	61904137	61921142
ENSG00000238066	X	116531901	116532169
ENSG00000223814	1	48226804	48231219
ENSG00000254019	8	142264664	142266916
ENSG00000266877	17	29910181	29964562
ENSG00000234919	2	196434352	196437694
ENSG00000248492	8	135610314	135612932
ENSG00000219902	6	105750328	105750698
ENSG00000268093	19	49122529	49127389
ENSG00000253191	2	89967232	89967677
ENSG00000197146	6	167357853	167360151
ENSG00000201329	8	43233441	43233652
ENSG00000170430	10	131265448	131566271
ENSG00000224314	X	116533415	116534044
ENSG00000225028	1	48283738	48285909
ENSG00000266448	17	30036587	30036878
ENSG00000242110	5	33986283	34008220
ENSG00000222630	8	43236787	43237091
ENSG00000170289	8	87566205	87755903
ENSG00000267699	18	48494389	48584514
ENSG00000227598	6	167383114	167412553
ENSG00000236355	6	38681827	38682993
ENSG00000239763	16	74346507	74347288
ENSG00000237567	6	106060542	106080071
ENSG00000243323	1	202137179	202158583
ENSG00000271048	8	135685374	135685755
ENSG00000267104	17	58039724	58096413
ENSG00000213107	2	196447518	196448755
ENSG00000267220	19	20242703	20262717
ENSG00000250637	8	43298045	43308055
ENSG00000204882	8	142366600	142377367
ENSG00000221616	8	26906370	26906480
ENSG00000226133	1	48519217	48532873
ENSG00000265828	6	167411295	167411400
ENSG00000260414	16	33165673	33165796
ENSG00000244297	6	38711862	38712159
ENSG00000202026	17	30040772	30040872
ENSG00000270716	19	20247742	20248042
ENSG00000219273	6	38730681	38732470
ENSG00000219088	6	106114201	106115873
ENSG00000260884	16	74347235	74349532
ENSG00000272980	6	167412893	167552629
ENSG00000265863	17	30086814	30088404
ENSG00000102001	X	49061523	49089833
ENSG00000185149	4	156129781	156138230
ENSG00000215174	X	57703500	57706693
ENSG00000251348	5	95104703	95106404
ENSG00000201813	2	196535096	196535198
ENSG00000232871	19	49141328	49184461
ENSG00000257593	HSCHR6_MHC_MCF	33465695	33468861
ENSG00000267641	19	20285822	20287872
ENSG00000200198	6	106352248	106352562
ENSG00000142039	19	41816094	41830788
ENSG00000203435	2	196858983	196860404
ENSG00000269919	6	106548015	106548468
ENSG00000231413	1	48544459	48547868
ENSG00000272713	HSCHR6_MHC_MCF	28743697	28743804
ENSG00000263567	17	30089459	30096067
ENSG00000212586	6	38790083	38790180
ENSG00000086288	7	37888199	37940003
ENSG00000227427	X	57792753	57793725
ENSG00000230697	3	20049344	20049739
ENSG00000273023	HSCHR6_MHC_MCF	28763753	28763816
ENSG00000237180	1	48555040	48555306
ENSG00000265046	17	30157750	30158769
ENSG00000223223	11	59473530	59473856
ENSG00000244710	6	106731290	106731586
ENSG00000214331	16	74366300	74402138
ENSG00000235668	HSCHR6_MHC_MCF	28805655	28806792
ENSG00000229468	3	20053944	20054098
ENSG00000252444	6	106752051	106752161
ENSG00000267771	19	20317653	20317763
ENSG00000263990	17	30200945	30213685
ENSG00000254403	11	59495992	59496965
ENSG00000231150	6	38890805	38920875
ENSG00000183439	4	165875598	165898820
ENSG00000216966	6	167622119	167622385
ENSG00000233941	6	106806441	106807592
ENSG00000271524	19	20332678	20333272
ENSG00000272456	8	135735190	135736192
ENSG00000266745	3	20179057	20179133
ENSG00000213376	5	173940308	173941310
ENSG00000234966	HSCHR6_MHC_MCF	28827410	28831132
ENSG00000253058	17	30290824	30290952
ENSG00000141294	17	45908993	45915079
ENSG00000228004	X	57960271	57961237
ENSG00000271871	5	141331984	141332940
ENSG00000242267	1	48561764	48648100
ENSG00000207499	6	106868581	106868682
ENSG00000253999	2	89968511	89969012
ENSG00000237485	3	20215736	20227919
ENSG00000268620	19	20359861	20361104
ENSG00000202386	6	106897256	106897372
ENSG00000234904	HSCHR6_MHC_MCF	28829201	28829832
ENSG00000264300	17	30330129	30333707
ENSG00000261244	15	78208864	78214361
ENSG00000259820	8	135804263	135810515
ENSG00000153147	4	144434616	144478639
ENSG00000197442	6	136878185	137113656
ENSG00000254743	11	59508798	59509522
ENSG00000254099	5	141350202	141362252
ENSG00000200314	6	106902703	106902804
ENSG00000235975	X	137888536	137889253
ENSG00000249031	5	173988779	173989066
ENSG00000184489	8	142402093	142441620
ENSG00000242066	15	78209065	78209324
ENSG00000200295	6	107055591	107055694
ENSG00000231720	6	167650996	167653968
ENSG00000232017	HSCHR6_MHC_MCF	28856780	28857854
ENSG00000216977	6	107090338	107090803
ENSG00000250347	5	141416272	141416690
ENSG00000252442	3	20234274	20234366
ENSG00000220076	6	38895807	38895929
ENSG00000227878	2	196928036	196928687
ENSG00000214646	15	78232253	78236924
ENSG00000213985	19	20368529	20370227
ENSG00000264497	17	30351488	30351602
ENSG00000250256	5	174045167	174052778
ENSG00000264835	19	49187292	49187563
ENSG00000205148	15	96831280	96831660
ENSG00000228648	6	167655379	167659404
ENSG00000199577	3	20310457	20310562
ENSG00000255538	11	59516284	59517047
ENSG00000137766	15	54305101	54920806
ENSG00000229654	6	107143410	107147869
ENSG00000206758	19	49296409	49296515
ENSG00000231304	3	20383960	20392420
ENSG00000269055	19	20378626	20379200
ENSG00000224607	2	90007677	90008154
ENSG00000217447	6	167760960	167761541
ENSG00000248929	5	174059935	174060212
ENSG00000266777	17	30366993	30369847
ENSG00000235191	19	49414187	49422148
ENSG00000220556	6	39007379	39007761
ENSG00000261734	3	20429741	20432054
ENSG00000250486	4	165878100	165880273
ENSG00000236835	HSCHR6_MHC_MCF	28864474	28865264
ENSG00000254477	11	59520488	59522448
ENSG00000206807	3	20549136	20549248
ENSG00000223720	1	48671637	48672515
ENSG00000251670	5	174178307	174277728
ENSG00000177688	6	149721495	149722177
ENSG00000173954	X	138444199	138444541
ENSG00000221659	3	21179755	21179833
ENSG00000272549	6	168067520	168079950
ENSG00000217165	6	39078097	39080728
ENSG00000234964	11	59548786	59549195
ENSG00000269274	19	20405898	20414603
ENSG00000266890	5	174178737	174178790
ENSG00000252306	3	21430025	21430109
ENSG00000272211	2	197015987	197019605
ENSG00000260419	16	33202882	33206675
ENSG00000260366	19	49429428	49429701
ENSG00000251144	5	174247030	174253327
ENSG00000239161	2	197079943	197080046
ENSG00000263598	HSCHR6_MHC_MCF	28883588	28883687
ENSG00000236380	3	21447218	21448175
ENSG00000272491	1	48693560	48695233
ENSG00000204754	5	174346085	174422516
ENSG00000267898	19	49467232	49468415
ENSG00000270929	11	59665658	59666606
ENSG00000264597	HSCHR6_MHC_MCF	28894881	28895162
ENSG00000235142	6	107165327	107235416
ENSG00000260827	16	33215094	33217783
ENSG00000203688	6	168080306	168084467
ENSG00000197363	8	146024261	146036554
ENSG00000225567	HSCHR6_MHC_MCF	28994615	28995542
ENSG00000229056	2	197124748	197128928
ENSG00000023902	1	150121373	150136916
ENSG00000251122	5	174350093	174350948
ENSG00000255393	11	59792381	59798550
ENSG00000272511	3	21453714	21455436
ENSG00000185551	15	96869167	96883492
ENSG00000229543	10	80053599	80060760
ENSG00000224986	1	48790752	48791795
ENSG00000133789	11	9685624	9774538
ENSG00000251000	5	95170128	95170750
ENSG00000228635	HSCHR6_MHC_MCF	29039754	29040529
ENSG00000266609	19	20413399	20413481
ENSG00000268655	19	49521504	49522741
ENSG00000213065	6	168167763	168169248
ENSG00000230229	10	80112354	80115857
ENSG00000218986	6	39321523	39321948
ENSG00000206700	1	48809881	48809987
ENSG00000254069	8	43349080	43349905
ENSG00000176979	4	165953105	165962896
ENSG00000271638	19	20434801	20435377
ENSG00000261403	15	78246417	78255996
ENSG00000248293	5	174353544	174353720
ENSG00000201393	10	80127264	80127380
ENSG00000231276	6	39521587	39522719
ENSG00000235105	1	48901639	48902895
ENSG00000260138	HG686_PATCH	95524521	95524863
ENSG00000255331	11	59844823	59845874
ENSG00000225542	3	21584308	21621451
ENSG00000253319	8	43366963	43367176
ENSG00000238070	HSCHR6_MHC_MCF	29044503	29045098
ENSG00000228683	10	80455819	80456779
ENSG00000256120	12	24376205	24390899
