ENSG00000272536	10	74342561	74342842
ENSG00000257700	12	53086389	53090572
ENSG00000231471	10	74396255	74396523
ENSG00000243224	3	52273274	52275113
ENSG00000259217	15	36067001	36067190
ENSG00000112773	6	82201156	82462491
ENSG00000257402	12	53109351	53112824
ENSG00000265098	15	36219057	36219124
ENSG00000238215	10	74402769	74404408
ENSG00000259639	15	36231368	36544458
ENSG00000258185	12	86993355	87232775
ENSG00000257616	12	53124209	53126649
ENSG00000164400	5	131409483	131411859
ENSG00000226978	7	78638304	78641593
ENSG00000258036	12	53129050	53129926
ENSG00000135111	12	115108059	115121969
ENSG00000021852	1	57394883	57431813
ENSG00000152443	19	58258164	58269527
ENSG00000069493	12	9817565	9848413
ENSG00000212545	7	78659556	78659661
ENSG00000153933	17	54911460	54946036
ENSG00000204033	10	85980254	85985345
ENSG00000268818	22	36023040	36031181
ENSG00000229110	7	78754055	78755066
ENSG00000134775	18	33877677	34360018
ENSG00000161847	19	10426888	10444316
ENSG00000212482	7	78972582	78972688
ENSG00000137831	15	70946893	71055932
ENSG00000222024	7	78982726	78983708
ENSG00000221963	22	36044442	36064456
ENSG00000005238	9	35104109	35116338
ENSG00000233803	Y	9175073	9177893
ENSG00000101134	20	53092136	53267710
ENSG00000136147	13	50069746	50103123
ENSG00000151338	14	37667118	38021566
ENSG00000138071	2	65454887	65498387
ENSG00000175895	8	96146032	96168912
ENSG00000183833	3	119421869	119485949
ENSG00000234456	7	79082198	79100524
ENSG00000264077	12	87138845	87138925
ENSG00000242850	12	87563762	87564206
ENSG00000173213	18	47225	73545
ENSG00000258205	12	88140344	88140460
ENSG00000238924	10	1088233	1088295
ENSG00000236395	7	131387028	131387412
ENSG00000257648	12	88143919	88144090
ENSG00000229205	10	1205708	1210612
ENSG00000156172	8	96257147	96281429
ENSG00000236281	7	131438505	131439011
ENSG00000112062	6	35995488	36079013
ENSG00000258173	12	88147191	88147224
ENSG00000128313	22	36113919	36125530
ENSG00000252811	7	131537439	131537533
ENSG00000235273	HSCHR6_MHC_DBB	29191799	29234885
ENSG00000233263	7	131577375	131578374
ENSG00000126733	X	85403462	86087607
ENSG00000083828	19	58281023	58331307
ENSG00000236386	7	131578581	131578833
ENSG00000158423	X	53449639	53458059
ENSG00000201881	10	74413923	74414034
ENSG00000224990	HSCHR6_MHC_DBB	29197053	29197983
ENSG00000148602	10	85991349	86001217
ENSG00000224865	7	131582400	131633712
ENSG00000269093	19	32895915	32896466
ENSG00000252849	7	131600994	131601081
ENSG00000169570	5	118173017	118324240
ENSG00000229532	7	131771025	131772751
ENSG00000156466	8	97154562	97173020
ENSG00000227458	HSCHR6_MHC_DBB	30094214	30106840
ENSG00000225144	7	131948911	131956028
ENSG00000258128	12	88175940	88178345
ENSG00000166387	11	7534529	7678358
ENSG00000223436	7	132037093	132052735
ENSG00000257343	12	53140380	53142092
ENSG00000174930	3	155737435	155755475
ENSG00000104808	19	49436939	49448226
ENSG00000201009	7	132437783	132437886
ENSG00000257675	12	53142560	53143911
ENSG00000225881	7	132443730	132445392
ENSG00000242017	3	155761944	155762737
ENSG00000257912	12	88189510	88195805
ENSG00000257125	12	53145762	53147605
ENSG00000242537	3	155829221	155831987
ENSG00000258071	12	53157189	53157677
ENSG00000257940	12	88210263	88211608
ENSG00000227197	7	132515453	132534353
ENSG00000227709	3	155893641	155894700
ENSG00000270957	7	57544872	57545601
ENSG00000257404	12	53176434	53176623
ENSG00000233601	7	57659500	57669810
ENSG00000257389	12	53231187	53231523
ENSG00000158008	1	26346375	26362955
ENSG00000109771	4	186285032	186317053
ENSG00000272393	7	132767589	132767692
ENSG00000243981	7	57688185	57704895
ENSG00000241146	12	53279213	53280169
ENSG00000233052	10	1403196	1403832
ENSG00000167968	16	2285817	2288712
ENSG00000237821	7	132854174	132855272
ENSG00000266719	10	74480787	74480858
ENSG00000064195	17	48067369	48072588
ENSG00000238844	7	132947395	132947485
ENSG00000233241	HSCHR6_MHC_COX	29865828	29866194
ENSG00000272627	10	74526318	74526810
ENSG00000205696	10	1568832	1599179
ENSG00000235429	7	132999763	133000167
ENSG00000231998	HSCHR6_MHC_COX	29867067	29867931
ENSG00000265039	12	53345492	53345579
ENSG00000215086	10	74677399	74678292
ENSG00000115556	2	219472488	219501907
ENSG00000225410	12	53346500	53346686
ENSG00000178904	19	32896449	32976801
ENSG00000227956	HSCHR6_MHC_COX	29885238	29886228
ENSG00000257475	12	53405888	53407705
ENSG00000235967	7	133412121	133412487
ENSG00000148604	10	86004809	86019716
ENSG00000235680	HSCHR6_MHC_MANN	29791677	29795834
ENSG00000167996	11	61727190	61735132
ENSG00000213700	10	74765591	74766353
ENSG00000259245	15	36338283	36341730
ENSG00000226205	7	133417246	133418348
ENSG00000232331	HSCHR6_MHC_COX	29885712	29888489
ENSG00000179950	8	144898514	144912029
ENSG00000156467	8	97238148	97247862
ENSG00000231098	7	133969252	133970807
ENSG00000161570	17	34198495	34207797
ENSG00000160209	21	45138975	45182188
ENSG00000234962	10	2047667	2056542
ENSG00000259395	15	36633940	36636367
ENSG00000130717	9	134399188	134406655
ENSG00000229177	7	134030823	134035543
ENSG00000232646	10	74824884	74825225
ENSG00000257337	12	53408380	53448222
ENSG00000223352	HSCHR6_MHC_COX	29891600	29891785
ENSG00000259737	15	36731173	36763217
ENSG00000206072	18	61314813	61391127
ENSG00000223708	HSCHR6_MHC_COX	29899399	29900391
ENSG00000237768	10	74831053	74833766
ENSG00000273297	7	134101042	134117205
ENSG00000232011	HSCHR6_MHC_COX	29913886	29915860
ENSG00000201047	10	74842252	74842353
ENSG00000240596	3	155933349	155945672
ENSG00000272630	10	74857802	74861055
ENSG00000008128	1	1634169	1655766
ENSG00000242370	3	156158946	156164694
ENSG00000270500	15	36864186	36864413
ENSG00000224375	7	134368896	134372742
ENSG00000237395	HSCHR6_MHC_COX	29928092	29929754
ENSG00000261635	15	36905675	36906399
ENSG00000272990	3	156241529	156242036
ENSG00000230101	7	134419649	134419945
ENSG00000114767	3	51967446	51975957
ENSG00000243926	3	156389651	156392167
ENSG00000261315	15	36909290	36911466
ENSG00000199150	3	52302292	52302379
ENSG00000242797	3	52322599	52333083
ENSG00000260582	15	36918875	36919976
ENSG00000168481	8	22004338	22014597
ENSG00000261191	15	36933387	36961298
ENSG00000207926	3	52328235	52328324
ENSG00000188937	X	41306687	41334963
ENSG00000239557	3	52407668	52408898
ENSG00000270749	7	57688991	57689857
ENSG00000087088	19	49458072	49465055
ENSG00000223518	15	37090797	37110660
ENSG00000229627	7	57698431	57698818
ENSG00000252768	3	52585862	52585959
ENSG00000221518	3	52594586	52594723
ENSG00000230796	7	57710087	57710825
ENSG00000252787	3	52722898	52722977
ENSG00000237639	7	57710227	57710560
ENSG00000212493	3	52723264	52723331
ENSG00000238862	3	52724760	52724843
ENSG00000233962	7	57712442	57713165
ENSG00000222345	3	52725394	52725469
ENSG00000138386	2	191511472	191557492
ENSG00000255472	14	21500977	21502054
ENSG00000212511	15	37144841	37145059
ENSG00000212452	3	52726752	52726828
ENSG00000236261	7	57712581	57712914
ENSG00000270941	3	52768751	52769029
ENSG00000259280	15	37168580	37179236
ENSG00000139304	12	80799774	81072802
ENSG00000100320	22	36134783	36424473
ENSG00000168758	2	97525453	97536494
ENSG00000234085	7	57714528	57715098
ENSG00000271137	3	52787542	52788706
ENSG00000206150	14	21500979	21502944
ENSG00000229549	Y	9195406	9218479
ENSG00000227015	7	57830325	57830652
ENSG00000249992	3	45265958	45267770
ENSG00000262351	HSCHR10_1_CTG5	45798102	45811056
ENSG00000206676	15	37343029	37343131
ENSG00000259460	15	37391540	37392374
ENSG00000165799	14	21510385	21512393
ENSG00000270304	15	37546080	37547153
ENSG00000162813	1	220230824	220263804
ENSG00000262552	HSCHR10_1_CTG5	45885738	45957624
ENSG00000167969	16	2289396	2302301
ENSG00000054803	20	54572496	54580528
ENSG00000111252	12	111843752	111889427
ENSG00000155085	6	109814059	110012420
ENSG00000057149	18	61322431	61329197
ENSG00000173431	14	21525981	21526614
ENSG00000103549	16	30773066	30787628
ENSG00000174123	4	38773860	38784611
ENSG00000186352	4	186317175	186321782
ENSG00000259434	15	37657228	37783009
ENSG00000109917	11	116648436	116658766
ENSG00000243122	15	37782892	37783304
ENSG00000258385	14	41765489	41767937
ENSG00000221695	14	41818497	41818570
ENSG00000266885	17	21934719	21938362
ENSG00000259225	15	38276967	38354541
ENSG00000265705	17	21934958	21935393
ENSG00000011376	3	45429998	45590913
ENSG00000135414	12	56137064	56150911
ENSG00000266529	17	22018943	22020035
ENSG00000243655	17	22023889	22024656
ENSG00000178935	19	58315209	58326281
ENSG00000124089	20	54823788	54824871
ENSG00000121749	12	72233487	72320629
ENSG00000264168	17	22024064	22025022
ENSG00000223500	7	134813196	134814437
ENSG00000136144	13	50106082	50159719
ENSG00000072682	5	131527531	131631008
ENSG00000272941	7	134853155	134854299
ENSG00000184436	22	21353393	21356485
ENSG00000258901	14	42024865	42025258
ENSG00000078401	6	12290596	12297427
ENSG00000263914	17	22025225	22026263
ENSG00000233168	HSCHR6_MHC_DBB	29230503	29231879
ENSG00000236914	15	38361682	38365160
ENSG00000173406	1	57460451	59012406
ENSG00000231794	7	134883153	134887108
ENSG00000228849	HSCHR6_MHC_DBB	31525488	31528257
ENSG00000258636	14	42057064	42074059
ENSG00000240103	17	22026650	22028896
ENSG00000072415	14	67707826	67802536
ENSG00000227073	7	135129209	135129673
ENSG00000251858	14	42063666	42063794
ENSG00000234351	HSCHR6_MHC_DBB	29236262	29237221
ENSG00000258536	14	42211842	42212166
ENSG00000271414	7	135335720	135336164
ENSG00000239799	3	52857951	52859330
ENSG00000241225	17	22028179	22028247
ENSG00000187456	17	34245070	34257777
ENSG00000232469	HSCHR6_MHC_DBB	29258528	29259470
ENSG00000266500	14	42421679	42421763
ENSG00000125850	20	17937623	18039832
ENSG00000231834	HSCHR6_MHC_MANN	29898024	29902665
ENSG00000226694	10	2114039	2123291
ENSG00000223718	7	135344787	135345401
ENSG00000263483	17	22029260	22029935
ENSG00000266635	3	53087014	53087110
ENSG00000124098	20	54933971	54943719
ENSG00000252998	10	2140361	2140463
ENSG00000262448	HSCHR10_1_CTG5	45966098	46046882
ENSG00000227912	10	2208526	2211654
ENSG00000212303	7	135350347	135350450
ENSG00000264316	17	22029938	22030718
ENSG00000273219	7	135389285	135389589
ENSG00000231326	10	2211334	2231668
ENSG00000175779	15	38988799	38992239
ENSG00000268750	19	58331087	58370309
ENSG00000222219	7	135482754	135482857
ENSG00000174125	4	38792298	38858438
ENSG00000264930	17	22105715	22106030
ENSG00000005884	17	48133332	48167845
ENSG00000224746	7	135611203	135617629
ENSG00000261878	HSCHR10_1_CTG5	45652223	45672373
ENSG00000264262	17	22176022	22191945
ENSG00000085185	X	129115083	129192058
ENSG00000178222	4	1050038	1107350
ENSG00000199700	7	135645451	135645557
ENSG00000212156	10	2241581	2241682
ENSG00000265114	17	22192161	22192940
ENSG00000262853	HSCHR10_1_CTG5	45659676	45676875
ENSG00000234556	10	2347277	2357269
ENSG00000264431	17	22192652	22194158
ENSG00000234170	10	2488447	2489546
ENSG00000205323	12	56146247	56211540
ENSG00000175746	15	39542885	39547046
ENSG00000264970	17	22203742	22205012
ENSG00000198722	9	35161999	35405335
ENSG00000259380	15	38431796	38519088
ENSG00000258074	12	53525134	53525769
ENSG00000165801	14	21538429	21558399
ENSG00000238669	12	53532329	53532435
ENSG00000259192	15	38750961	38751741
ENSG00000153107	2	112523848	112642267
ENSG00000258016	12	53535837	53536111
ENSG00000115423	2	84743579	85046713
ENSG00000120539	10	27443753	27475853
ENSG00000257790	12	53547056	53548268
ENSG00000263433	17	25308720	25309116
ENSG00000259326	15	38795054	38797182
ENSG00000257808	12	53553370	53554784
ENSG00000259598	15	38816271	38826856
ENSG00000269343	19	58331099	58370018
ENSG00000257605	12	53692449	53694098
ENSG00000264734	17	25316215	25326967
ENSG00000179826	11	18142502	18160027
ENSG00000264172	17	25329687	25330285
ENSG00000266736	17	25346553	25374960
ENSG00000269103	22	21358030	21360736
ENSG00000125871	20	17949556	17971765
ENSG00000152213	13	50202435	50208008
ENSG00000255470	11	18161733	18211042
ENSG00000109775	4	186320694	186347139
ENSG00000137801	15	39873280	39891667
ENSG00000179817	11	18194384	18195827
ENSG00000107263	9	134452157	134615461
ENSG00000174130	4	38825336	38858438
ENSG00000261886	17	44994136	45000400
ENSG00000108262	17	27900487	27921072
ENSG00000269089	11	61735453	61736755
ENSG00000210709	17	44998490	44998615
ENSG00000264999	17	45050383	45050466
ENSG00000189332	11	18230685	18236109
ENSG00000263142	17	45055847	45131935
ENSG00000176049	5	146967990	147162338
ENSG00000259149	14	42728934	42737789
ENSG00000222084	14	42769954	42770065
ENSG00000104371	8	42231586	42234750
ENSG00000258394	14	42832186	43172858
ENSG00000123179	13	50234859	50265611
ENSG00000204316	17	73894724	73905899
ENSG00000258850	14	42881776	42998091
ENSG00000258505	14	43078071	43078780
ENSG00000258622	14	43126966	43127121
ENSG00000204514	19	58360099	58400442
ENSG00000112137	6	12717893	13288645
ENSG00000157353	16	70488324	70514177
ENSG00000148965	11	18252896	18258440
ENSG00000258934	14	43276581	43277315
ENSG00000262879	17	45061411	45177689
ENSG00000232838	20	18118517	18123813
ENSG00000183678	X	153813407	153815075
ENSG00000165417	14	81641796	81687721
ENSG00000067704	1	220267444	220321380
ENSG00000099957	22	21364097	21383119
ENSG00000101557	18	158383	214629
ENSG00000197712	4	38869298	38947360
ENSG00000263650	17	45119191	45119483
ENSG00000221016	17	45195868	45195957
ENSG00000172869	5	118373467	118584833
ENSG00000197746	10	73576055	73611126
ENSG00000184033	X	153845865	153847533
ENSG00000239291	17	45236557	45237359
ENSG00000242142	3	53098299	53099107
ENSG00000235176	HSCHR6_MHC_MANN	30021879	30027881
ENSG00000252504	3	53243969	53244062
ENSG00000262265	17	45238441	45239430
ENSG00000238565	3	53317216	53317319
ENSG00000149474	20	18118762	18169031
ENSG00000134339	11	18260770	18270190
ENSG00000261872	17	45247192	45248415
ENSG00000242866	15	43891596	44010458
ENSG00000252088	17	45298008	45298091
ENSG00000238419	17	45336724	45336786
ENSG00000105976	7	116312444	116438440
ENSG00000138771	4	77356253	77704406
ENSG00000254636	10	124214169	124216868
ENSG00000041880	3	51976361	51982883
ENSG00000126890	X	153880246	153881853
ENSG00000160844	7	99798283	99869855
ENSG00000263293	17	45380832	45400979
ENSG00000158014	1	26363743	26372624
ENSG00000272599	10	74884331	74885163
ENSG00000149503	11	61891445	61920635
ENSG00000213413	7	99815864	99819113
ENSG00000261956	HSCHR10_1_CTG5	45684238	45684344
ENSG00000162290	3	53317447	53381654
ENSG00000138107	10	104238986	104262482
ENSG00000262027	HSCHR10_1_CTG5	45727474	45742809
ENSG00000102753	13	50273447	50367057
ENSG00000262072	HSCHR10_1_CTG5	45753633	45754571
ENSG00000142494	17	19398698	19482347
ENSG00000162600	1	58881056	59012474
ENSG00000227472	HSCHR6_MHC_DBB	30110050	30119038
ENSG00000214300	7	99905325	99919819
ENSG00000128284	22	36536372	36562225
ENSG00000125740	19	45971253	45978437
ENSG00000150667	15	39892232	40075031
ENSG00000183214	HSCHR6_MHC_QBL	31357610	31374165
ENSG00000124749	6	55921388	56258892
ENSG00000114757	3	179512746	179754841
ENSG00000168484	8	22014426	22021992
ENSG00000166033	10	124221041	124274424
ENSG00000158022	1	26377795	26394927
ENSG00000087086	19	49468558	49470135
ENSG00000205937	16	2303117	2318413
ENSG00000232161	7	57830672	57830879
ENSG00000230271	7	57832290	57832905
ENSG00000081189	5	88013975	88199922
ENSG00000257379	12	53835525	53861312
ENSG00000166173	15	71123863	71146498
ENSG00000008838	17	38175350	38217468
ENSG00000076662	19	10444452	10450499
ENSG00000039537	5	41142336	41261540
ENSG00000188573	5	167956121	167957639
ENSG00000160563	9	134735494	134955295
ENSG00000140022	14	81727000	81902809
ENSG00000166073	15	40091233	40213093
ENSG00000160219	X	153903529	153979858
ENSG00000198075	2	108994367	109004513
ENSG00000236560	HSCHR6_MHC_MANN	30029681	30033306
ENSG00000120137	5	167975500	168006605
ENSG00000078668	8	42249142	42263415
ENSG00000122543	7	5919458	5925993
ENSG00000156469	8	97251626	97273838
ENSG00000198369	2	65537985	65659771
ENSG00000262212	HSCHR10_1_CTG5	45956081	45964632
ENSG00000184292	1	59041099	59043166
ENSG00000270175	12	53893946	53894720
ENSG00000175087	1	26437664	26452034
ENSG00000257550	12	53907768	53911392
ENSG00000258069	HSCHR6_MHC_DBB	29267069	29267608
ENSG00000087586	20	54944445	54967393
ENSG00000206449	HSCHR6_MHC_QBL	31456185	31469201
ENSG00000228197	HSCHR6_MHC_DBB	29297458	29298893
ENSG00000268482	9	35361056	35361262
ENSG00000163273	2	232786530	232791113
ENSG00000230742	HSCHR6_MHC_DBB	29374189	29399677
ENSG00000237733	HSCHR6_MHC_MANN	30033239	30038860
ENSG00000198466	19	58361225	58376480
ENSG00000249103	HSCHR6_MHC_DBB	29384982	29385944
ENSG00000233989	HSCHR6_MHC_DBB	29432307	29437517
ENSG00000100554	14	67761088	67826982
ENSG00000173432	11	18287721	18291524
ENSG00000197245	1	26485511	26489119
ENSG00000269494	6	82262307	82262537
ENSG00000264261	10	2495329	2495418
ENSG00000229889	HSCHR6_MHC_DBB	29442736	29443782
ENSG00000236014	HSCHR6_MHC_SSTO	33357416	33379168
ENSG00000228927	Y	9236030	9307357
ENSG00000162601	1	59120411	59165764
ENSG00000131375	3	15247659	15294425
ENSG00000198853	9	35490124	35561895
ENSG00000125744	19	45988547	46000319
ENSG00000269476	19	58388133	58427959
ENSG00000134779	18	34359987	34409158
ENSG00000142684	1	26496362	26498551
ENSG00000124713	6	42928496	42931618
ENSG00000079134	18	214520	268050
ENSG00000013293	3	170177372	170303863
ENSG00000196358	9	135037334	135119921
ENSG00000147044	X	41374187	41782716
ENSG00000123178	13	50486842	50510626
ENSG00000110721	11	67820326	67888911
ENSG00000173480	19	58411664	58427978
ENSG00000258179	12	88214431	88214695
ENSG00000240721	12	88338662	88344596
ENSG00000225130	HSCHR6_MHC_MANN	30065837	30076039
ENSG00000072506	X	53458206	53461320
ENSG00000144935	3	142442916	142526730
ENSG00000252747	12	88445478	88445555
ENSG00000257752	12	88451653	88452355
ENSG00000183684	17	79845713	79849462
ENSG00000186143	2	27359723	27362278
ENSG00000185189	8	144915764	144924200
ENSG00000205129	4	186347394	186370980
ENSG00000199245	12	88824219	88824327
ENSG00000174912	3	156431673	156432717
ENSG00000236579	HSCHR6_MHC_COX	29932391	29935687
ENSG00000252850	12	88975416	88975573
ENSG00000168515	11	61957688	61961011
ENSG00000259047	14	43458404	43458686
ENSG00000246363	12	89404458	89413456
ENSG00000240875	3	156465135	156534851
ENSG00000267426	17	73894726	73926210
ENSG00000234242	HSCHR6_MHC_COX	29950499	29950895
ENSG00000258406	14	43744027	43744900
ENSG00000226285	7	79173227	79174169
ENSG00000235340	HSCHR6_MHC_COX	29951727	29952604
ENSG00000065320	17	8924859	9147317
ENSG00000200786	7	79283425	79283543
ENSG00000186212	4	77816082	77819002
ENSG00000213470	12	54026572	54026935
ENSG00000259051	14	43769466	43769798
ENSG00000206818	7	79541420	79541524
ENSG00000166396	18	61420169	61472604
ENSG00000238471	GL000216.1	88883	88995
ENSG00000230853	7	79725916	79726531
ENSG00000257629	12	89421534	89422299
ENSG00000258828	14	44010086	44011029
ENSG00000260492	12	54144231	54145619
ENSG00000215187	9	35561828	35563896
ENSG00000244392	7	79875242	79875538
ENSG00000230457	3	156527340	156528521
ENSG00000006283	17	48638429	48704835
ENSG00000124939	11	61976140	61981408
ENSG00000234223	7	79875725	79941772
ENSG00000257156	12	89441964	89703330
ENSG00000105185	19	33071974	33078358
ENSG00000260030	12	54148142	54155888
ENSG00000257726	12	115800817	115802550
ENSG00000258387	14	44061345	44061465
ENSG00000238302	12	89676000	89676062
ENSG00000223213	12	54185089	54185131
ENSG00000229653	HSCHR6_MHC_COX	29958301	30019319
ENSG00000163792	2	27371872	27376378
ENSG00000257820	12	89713141	89713426
ENSG00000258894	14	44064339	44065886
ENSG00000241879	3	156695347	156695614
ENSG00000118873	1	220321635	220445796
ENSG00000253053	12	54209969	54210263
ENSG00000100336	22	36585172	36600886
ENSG00000249641	12	54329112	54333427
ENSG00000239706	3	156705906	156706501
ENSG00000137821	15	71145578	71342414
ENSG00000181495	5	32788945	32791819
ENSG00000105397	19	10461209	10491352
ENSG00000271327	12	89761584	89763078
ENSG00000237500	10	2541913	2542762
ENSG00000271090	12	54350318	54352745
ENSG00000124935	11	62009682	62012280
ENSG00000235281	10	2543975	2609431
ENSG00000184347	5	168088745	168728133
ENSG00000257390	12	56151059	56221330
ENSG00000231743	10	2978213	2978633
ENSG00000240347	7	79947569	79947857
ENSG00000234182	10	3052723	3055303
ENSG00000268728	HSCHR6_MHC_QBL	31474803	31475278
ENSG00000204977	13	50570024	50594617
ENSG00000232667	7	79959508	80014295
ENSG00000228630	12	54356092	54368740
ENSG00000273001	10	3107616	3108193
ENSG00000253347	17	45486688	45500892
ENSG00000223550	7	80006870	80007151
ENSG00000177606	1	59246465	59249785
ENSG00000102271	X	86772752	86925050
ENSG00000258969	14	44464984	44853748
ENSG00000170310	17	9153788	9479908
ENSG00000237399	10	3183824	3210164
ENSG00000259019	14	44546737	44547087
ENSG00000104812	19	49471382	49496567
ENSG00000228782	17	45527934	45569858
ENSG00000259137	14	44589413	44589964
ENSG00000259148	14	44760200	44760921
ENSG00000141503	17	4736683	4801356
ENSG00000236968	10	3266008	3269599
ENSG00000259126	14	44861734	44862919
ENSG00000226762	10	3282563	3299402
ENSG00000227338	10	3308195	3309207
ENSG00000123066	12	116395711	116715143
ENSG00000138758	4	77870856	77961537
ENSG00000233321	10	3529086	3545030
ENSG00000143442	1	151375200	151431941
ENSG00000196724	19	58433252	58446761
ENSG00000108799	17	40852293	40897071
ENSG00000123353	12	56211703	56215663
ENSG00000167970	16	2303738	2312343
ENSG00000142675	1	26503894	26516377
ENSG00000107140	9	35605367	35610038
ENSG00000163710	3	142534764	142608045
ENSG00000264837	17	25384425	25385247
ENSG00000168491	4	186366336	186392913
ENSG00000121060	17	54965270	54991399
ENSG00000144283	2	159313476	159539391
ENSG00000204311	2	179316163	179326117
ENSG00000184293	12	9868456	9885895
ENSG00000168754	2	97541620	97684175
ENSG00000265646	17	25409716	25411062
ENSG00000005700	6	82879700	82957471
ENSG00000237046	HSCHR6_MHC_MANN	30149053	30161680
ENSG00000230649	7	135710509	135769416
ENSG00000198553	13	50589390	50595058
ENSG00000258487	14	44913950	44949821
ENSG00000197632	18	61538926	61571124
ENSG00000232053	7	135777673	136122174
ENSG00000258747	14	44976610	45007716
ENSG00000110848	12	9905082	9913497
ENSG00000135968	2	109065017	109125871
ENSG00000188878	17	73905655	73937221
ENSG00000238501	14	45036116	45036209
ENSG00000110484	11	62037627	62040628
ENSG00000258998	14	45232360	45252032
ENSG00000123268	12	51157493	51214905
ENSG00000110066	11	67922330	67981295
ENSG00000259000	14	45329519	45335450
ENSG00000096395	6	33762450	33771788
ENSG00000206734	17	45634779	45634880
ENSG00000138074	2	27422455	27435826
ENSG00000258633	14	45346077	45366280
ENSG00000263766	17	45681226	45726786
ENSG00000172456	1	59762310	60233347
ENSG00000075426	2	28615315	28640179
ENSG00000264558	17	45759783	45760049
ENSG00000264243	17	45940708	45942556
ENSG00000105186	19	33087913	33167503
ENSG00000266821	17	45956838	45959764
ENSG00000197745	11	62063754	62066536
ENSG00000204842	12	111890018	112037480
ENSG00000166394	11	7686331	7698453
ENSG00000107290	9	135136743	135230372
ENSG00000115419	2	191745553	191830278
ENSG00000264920	17	45968621	45973178
ENSG00000235025	HSCHR6_MHC_MANN	30164890	30173878
ENSG00000167972	16	2325882	2390747
ENSG00000135392	12	56214744	56224608
ENSG00000113407	5	33440802	33469644
ENSG00000234494	17	45974696	46018776
ENSG00000128335	22	36622256	36636000
ENSG00000265246	17	25564885	25568687
ENSG00000099960	22	21383007	21387129
ENSG00000176124	13	50656307	51297372
ENSG00000180929	3	51989330	51991509
ENSG00000239223	17	25601133	25601503
ENSG00000122674	7	5938356	5965605
ENSG00000204149	10	51748078	51770259
ENSG00000128829	15	40226347	40327797
ENSG00000121895	4	38968365	39034542
ENSG00000201509	15	38834444	38834544
ENSG00000213664	17	25607508	25607938
ENSG00000162174	11	62104920	62160882
ENSG00000206705	7	135814728	135814829
ENSG00000259747	15	38964048	38981392
ENSG00000220982	7	135929194	135929282
ENSG00000236503	7	135947306	135947765
ENSG00000206447	HSCHR6_MHC_QBL	31486778	31488293
ENSG00000259731	15	39048755	39051614
ENSG00000265453	17	25608120	25608441
ENSG00000111046	12	81101277	81103253
ENSG00000079150	2	179328391	179343327
ENSG00000263583	17	25620936	25621022
ENSG00000264469	17	25641669	25642952
ENSG00000102034	X	129198849	129244691
ENSG00000259345	15	39157523	39719396
ENSG00000160213	21	45192393	45196326
ENSG00000187905	22	21400249	21418457
ENSG00000033100	7	150929575	150935908
ENSG00000166596	17	9479944	9546776
ENSG00000259278	15	39311434	39317119
ENSG00000102870	16	30789778	30798523
ENSG00000226066	7	136170404	136173065
ENSG00000258509	14	45356637	45356944
ENSG00000259423	15	39459940	39472231
ENSG00000137101	9	35609530	35646807
ENSG00000137265	6	391739	411447
ENSG00000259046	14	45357759	45358244
ENSG00000130826	X	153991031	154005964
ENSG00000258949	14	45368111	45381066
ENSG00000234352	7	136370306	136866854
ENSG00000259450	15	39480639	39486510
ENSG00000249163	14	45552248	45553180
ENSG00000259447	15	39592619	39602983
ENSG00000212615	14	45557446	45557511
ENSG00000239043	14	45580086	45580171
ENSG00000199739	14	45743562	45743680
ENSG00000259269	15	39764904	39773407
ENSG00000258608	14	45759239	45759589
ENSG00000260046	14	45838418	45840042
ENSG00000242550	18	61564408	61603345
ENSG00000111049	12	81110691	81113452
ENSG00000257900	14	45846471	45858489
ENSG00000259390	15	39804607	39812055
ENSG00000158113	12	122652285	122688018
ENSG00000258746	14	45971945	45972343
ENSG00000258845	14	46037198	46038272
ENSG00000099385	16	30844947	30906281
ENSG00000259279	15	39885781	39886432
ENSG00000259580	15	40062760	40093534
ENSG00000258616	14	46175453	46185155
ENSG00000236925	HSCHR6_MHC_DBB	31530476	31532443
ENSG00000239511	22	21477050	21482352
ENSG00000261136	15	40074772	40077818
ENSG00000160214	21	45209394	45225174
ENSG00000259432	15	40105424	40107630
ENSG00000233599	HSCHR6_MHC_MANN	30176131	30185621
ENSG00000246863	15	40213243	40218081
ENSG00000200305	15	40214983	40215087
ENSG00000238564	15	40242907	40243009
ENSG00000259389	15	40243576	40243909
ENSG00000248508	15	40331512	40359491
ENSG00000133475	22	21562262	21581926
ENSG00000266601	17	46007048	46010472
ENSG00000186047	13	51285144	51418075
ENSG00000251151	12	54375293	54379303
ENSG00000152454	19	58452201	58459043
ENSG00000263798	17	46022790	46051804
ENSG00000259584	15	40367405	40370905
ENSG00000109790	4	39046659	39128477
ENSG00000259409	15	40381033	40381587
ENSG00000222499	3	156735131	156735485
ENSG00000264019	17	46024168	46025641
ENSG00000243629	3	156799456	156840793
ENSG00000259239	15	40425969	40427415
ENSG00000124493	6	33989628	34123399
ENSG00000264701	17	46057764	46073562
ENSG00000241544	3	156799630	156806336
ENSG00000123342	12	56229217	56236750
ENSG00000207947	17	46114527	46114613
ENSG00000258992	Y	9236076	9307357
ENSG00000182836	5	41307056	41510730
ENSG00000156471	8	97273943	97349223
ENSG00000177025	19	58469805	58485902
ENSG00000260648	15	40524283	40528308
ENSG00000213889	19	45992035	46005768
ENSG00000263412	17	46122503	46125435
ENSG00000241135	3	156807670	156818924
ENSG00000259307	15	40592871	40594021
ENSG00000150281	16	30907928	30914881
ENSG00000244705	15	40604553	40605490
ENSG00000266341	17	46137745	46138031
ENSG00000259198	15	40604816	40608835
ENSG00000206954	17	46166040	46166146
ENSG00000082014	7	150935850	150974982
ENSG00000221739	17	46233789	46233873
ENSG00000259330	15	40617417	40618916
ENSG00000263787	17	46263300	46281891
ENSG00000252714	15	40623738	40623849
ENSG00000259368	15	40661126	40661841
ENSG00000201778	3	156871337	156871429
ENSG00000259714	15	40664026	40664677
ENSG00000244515	3	156880452	156881721
ENSG00000261374	15	40666599	40668192
ENSG00000207306	17	46274042	46274148
ENSG00000090097	3	51991470	52002426
ENSG00000241770	3	156881241	156886922
ENSG00000136104	13	51483814	51544592
ENSG00000224006	HSCHR6_MHC_COX	29963408	29964411
ENSG00000259364	15	40745643	40746838
ENSG00000235300	17	46371709	46386124
ENSG00000222675	3	156891707	156891829
ENSG00000100342	22	36649056	36663576
ENSG00000205057	12	92813870	92821924
ENSG00000259211	15	40756392	40758925
ENSG00000243176	3	156893012	157099054
ENSG00000244251	15	40772951	40773514
ENSG00000171067	11	68028803	68039469
ENSG00000266222	17	46454624	46457732
ENSG00000200538	17	46459734	46459948
ENSG00000249915	5	271736	353971
ENSG00000259536	15	40780240	40850183
ENSG00000257127	12	92815307	92824778
ENSG00000125846	20	18269121	18297640
ENSG00000264451	17	46537732	46543402
ENSG00000141552	17	79848666	79858867
ENSG00000270981	3	156948109	156948997
ENSG00000206805	17	46556459	46556560
ENSG00000137078	9	35649292	35650937
ENSG00000223313	15	40821769	40821872
ENSG00000251751	3	157648281	157648514
ENSG00000196934	22	21737663	21743446
ENSG00000238559	15	40899410	40899510
ENSG00000239716	3	157694350	157695925
ENSG00000265814	15	40907865	40908126
ENSG00000166704	19	58488421	58514717
ENSG00000230148	17	46620913	46628610
ENSG00000259254	15	40935131	40939055
ENSG00000242536	3	157734005	157806786
ENSG00000166762	15	43920701	43960316
ENSG00000245849	15	40978922	40987305
ENSG00000241723	3	157993598	157994210
ENSG00000243314	3	158214350	158214723
ENSG00000214215	12	93096619	93102325
ENSG00000165804	14	21558205	21572881
ENSG00000243150	3	158263009	158288855
ENSG00000058404	7	44256749	44374176
ENSG00000169635	22	21771693	21805752
ENSG00000236892	10	3574286	3579223
ENSG00000105401	19	10501810	10530797
ENSG00000083720	5	41730167	41870621
ENSG00000243025	3	158327399	158328646
ENSG00000229672	10	3793259	3805418
ENSG00000243165	3	158344445	158344638
ENSG00000272087	3	158410909	158411557
ENSG00000134709	1	60280458	60342050
ENSG00000110756	11	18300223	18343745
ENSG00000224867	1	220603286	220608023
ENSG00000116095	2	179345195	179381189
ENSG00000272440	3	158413156	158413370
ENSG00000264420	14	46285346	46285432
ENSG00000180801	4	114821440	114900883
ENSG00000228353	10	3810107	3810943
ENSG00000231002	HSCHR6_MHC_MANN	30197334	30226303
ENSG00000258700	14	46410146	46971026
ENSG00000223465	HSCHR6_MHC_DBB	31536047	31538834
ENSG00000163584	3	170582664	170588272
ENSG00000240207	3	158450052	158501859
ENSG00000168487	8	22022249	22069839
ENSG00000186452	12	51236703	51281667
ENSG00000227794	HSCHR6_MHC_SSTO	33379131	33382651
ENSG00000187510	12	93115281	93166231
ENSG00000251735	14	47429626	47429749
ENSG00000258392	14	47465657	47466377
ENSG00000244053	14	47669778	47670307
ENSG00000162337	11	68080077	68216743
ENSG00000183378	11	7710669	7727968
ENSG00000214903	14	47913309	47913697
ENSG00000215425	HSCHR6_MHC_QBL	31488280	31504633
ENSG00000263945	14	48230198	48230307
ENSG00000144535	2	232825955	233209060
ENSG00000163803	2	28680012	28866654
ENSG00000099290	10	51827648	51893269
ENSG00000162063	16	2479395	2508855
ENSG00000124587	6	42931608	42946958
ENSG00000259129	14	48234157	48264295
ENSG00000110243	11	116660083	116663136
ENSG00000187566	6	18120718	18122851
ENSG00000174607	4	115519611	115599380
ENSG00000271259	12	89765597	89766136
ENSG00000125482	9	135251008	135282209
ENSG00000183246	22	21899646	21905750
ENSG00000159884	9	35658301	35661508
ENSG00000137364	6	18128542	18155305
ENSG00000185651	22	21903736	21978323
ENSG00000263406	3	53322889	53323142
ENSG00000150510	13	51796503	51858377
ENSG00000206902	3	53324658	53324769
ENSG00000149021	11	62172575	62190667
ENSG00000103051	16	70514471	70557468
ENSG00000110244	11	116691419	116694022
ENSG00000207109	3	53367087	53367155
ENSG00000229436	7	80291647	80291901
ENSG00000212608	3	53421740	53421863
ENSG00000168575	8	42273993	42397069
ENSG00000226671	7	80820714	80821325
ENSG00000227224	3	53508727	53509116
ENSG00000223514	7	80964422	80964499
ENSG00000225682	HSCHR6_MHC_COX	31925139	31927621
ENSG00000251987	3	53564349	53564428
ENSG00000233101	17	46626992	46683776
ENSG00000224134	7	81061047	81062112
ENSG00000264327	3	53631903	53631994
ENSG00000232968	7	81092352	81092929
ENSG00000234113	7	81157719	81191099
ENSG00000144199	2	97749320	97760619
ENSG00000198898	7	116451124	116562103
ENSG00000171659	X	41548226	41556526
ENSG00000116141	1	220701568	220837803
ENSG00000233491	7	81205702	81255532
ENSG00000158270	18	319361	500722
ENSG00000150477	18	34409069	34812135
ENSG00000138653	4	115748919	116035032
ENSG00000125753	19	46009837	46030241
ENSG00000188523	9	135285430	135448704
ENSG00000230196	7	81240200	81240642
ENSG00000263416	7	81549519	81549586
ENSG00000102189	12	93164413	93323107
ENSG00000223770	7	81638493	81659271
ENSG00000110245	11	116700422	116703788
ENSG00000233450	HSCHR6_MHC_SSTO	33498671	33517062
ENSG00000253309	13	51909909	51938871
ENSG00000121716	7	99933737	99965356
ENSG00000163577	3	170606204	170626482
ENSG00000124942	11	62201016	62323707
ENSG00000215790	1	1656277	1677431
ENSG00000266313	17	25660282	25675517
ENSG00000265683	17	25678884	25679610
ENSG00000072210	17	19551449	19580911
ENSG00000266356	17	25738464	25739832
ENSG00000125492	9	135457572	135465653
ENSG00000188582	3	142668006	142682178
ENSG00000171657	X	41583408	41589388
ENSG00000089091	20	18364011	18447925
ENSG00000230573	10	3876142	3876920
ENSG00000266433	17	25744716	25758649
ENSG00000226005	10	3976711	3978005
ENSG00000155026	7	5965181	6010314
ENSG00000227101	10	4067132	4070586
ENSG00000137135	9	35658872	35675863
ENSG00000236990	10	4093918	4131205
ENSG00000143995	2	66660584	66801001
ENSG00000223769	HSCHR6_MHC_DBB	29456982	29457387
ENSG00000233117	10	4243333	4286104
ENSG00000118137	11	116706467	116708666
ENSG00000268706	18	61602042	61609601
ENSG00000232356	HSCHR6_MHC_DBB	29465220	29478267
ENSG00000147183	X	88002226	88009786
ENSG00000221262	7	81919393	81919478
ENSG00000213530	7	82219164	82220007
ENSG00000221887	18	61616535	61649008
ENSG00000228711	7	82286351	82286727
ENSG00000224446	HSCHR6_MHC_DBB	29497135	29501283
ENSG00000202281	7	82647214	82647327
ENSG00000183303	11	7817452	7818520
ENSG00000224382	10	4426438	4452804
ENSG00000235503	7	82984470	82991582
ENSG00000226982	12	89893870	89896447
ENSG00000243675	3	158481220	158481542
ENSG00000131844	5	70883115	70954531
ENSG00000271778	3	158500336	158500913
ENSG00000237103	HSCHR6_MHC_DBB	31538820	31542910
ENSG00000230617	7	83054196	83054318
ENSG00000270344	12	89919431	89934079
ENSG00000189221	X	43515467	43606068
ENSG00000230096	10	4457497	4468371
ENSG00000182334	11	7846584	7847519
ENSG00000272247	3	158519046	158519724
ENSG00000134716	1	60358980	60392462
ENSG00000225274	HSCHR6_MHC_DBB	29505419	29506502
ENSG00000230244	7	83292735	83293941
ENSG00000207124	10	4557144	4557249
ENSG00000226437	HSCHR6_MHC_MANN	30338927	30359267
ENSG00000237725	HSCHR6_MHC_DBB	29520950	29521897
ENSG00000232374	3	158558788	158559873
ENSG00000222994	7	83548918	83549019
ENSG00000156711	6	36095586	36107842
ENSG00000258302	12	89954906	89987798
ENSG00000227982	7	84157438	84158146
ENSG00000175393	11	7949180	7950209
ENSG00000263634	3	159000435	159000523
ENSG00000231298	10	4692377	4720346
ENSG00000225955	HSCHR6_MHC_DBB	29541646	29542573
ENSG00000266347	12	89986604	89986704
ENSG00000153779	X	89176881	89177882
ENSG00000235139	7	84161792	84213638
ENSG00000244249	3	159104545	159105229
ENSG00000271614	12	90102736	90106367
ENSG00000243116	3	159439313	159440190
ENSG00000232189	HSCHR6_MHC_DBB	29545196	29545485
ENSG00000170683	11	7960081	7961141
ENSG00000241211	3	159483176	159486401
ENSG00000265926	HSCHR6_MHC_DBB	29549986	29550069
ENSG00000265050	7	84295240	84295324
ENSG00000227961	HSCHR6_MHC_DBB	29550245	29550762
ENSG00000235243	7	84477193	84477569
ENSG00000225269	10	4697619	4704611
ENSG00000252207	12	90120713	90120819
ENSG00000257480	12	90146690	90147608
ENSG00000232605	7	84505870	84506272
ENSG00000252823	12	90147836	90147929
ENSG00000182261	11	7980971	7986973
ENSG00000229210	HSCHR6_MHC_DBB	29603795	29604078
ENSG00000160216	21	45285067	45406417
ENSG00000161179	22	21982378	21984353
ENSG00000176593	19	58513429	58522600
ENSG00000258216	12	90276442	90383066
ENSG00000100345	22	36677327	36784063
ENSG00000119979	10	120863598	120897496
ENSG00000238053	HSCHR6_MHC_DBB	29675843	29676265
ENSG00000140319	15	40327940	40331389
ENSG00000233617	HSCHR6_MHC_DBB	29688243	29689233
ENSG00000166401	18	61637159	61672278
ENSG00000151631	10	4914093	4934167
ENSG00000230017	HSCHR6_MHC_DBB	29691865	29714307
ENSG00000162817	1	220863187	220872499
ENSG00000112685	6	485133	693117
ENSG00000099364	16	30934376	30960104
ENSG00000163581	3	170714137	170744539
ENSG00000152467	19	58545400	58565999
ENSG00000175390	11	7991798	8023409
ENSG00000150045	12	9980077	9997606
ENSG00000107771	10	86088342	86278273
ENSG00000117791	1	220921567	220958150
ENSG00000228220	HSCHR6_MHC_COX	29963870	29967243
ENSG00000125485	9	135468384	135545788
ENSG00000162062	16	2510081	2514964
ENSG00000130830	X	154006959	154049282
ENSG00000107159	9	35673853	35681156
ENSG00000161180	22	21987005	21991616
ENSG00000115568	2	219502639	219524378
ENSG00000112367	6	110012499	110146631
ENSG00000104081	15	40380091	40401093
ENSG00000232141	HSCHR6_MHC_COX	29989350	29990640
ENSG00000265762	HSCHR6_MHC_COX	30046493	30046625
ENSG00000161533	17	73937588	73975515
ENSG00000238027	HSCHR6_MHC_COX	30062935	30072425
ENSG00000114933	2	206858445	206951027
ENSG00000265495	HSCHR6_MHC_COX	30090513	30090672
ENSG00000176293	19	58570607	58597677
ENSG00000156709	X	129263337	129299861
ENSG00000258209	HSCHR6_MHC_COX	30138280	30138496
ENSG00000102786	13	51928213	52028400
ENSG00000257216	HSCHR6_MHC_COX	30141447	30141664
ENSG00000143375	1	151482986	151511168
ENSG00000121058	17	55015548	55038415
ENSG00000183207	19	49496705	49519252
ENSG00000186205	1	220960101	220987735
ENSG00000173598	12	93771659	93797024
ENSG00000231244	7	136398618	136399935
ENSG00000185432	12	51317255	51326300
ENSG00000163714	3	142683339	142779567
ENSG00000232019	7	84568665	84569561
ENSG00000157796	4	39184024	39287430
ENSG00000259117	14	48271129	48271404
ENSG00000186326	19	33166313	33169206
ENSG00000125741	19	46030685	46105470
ENSG00000175938	16	30960387	30967782
ENSG00000229251	7	84612863	84613825
ENSG00000258639	14	48514684	48515419
ENSG00000136048	12	102271129	102405908
ENSG00000228199	HSCHR6_MHC_COX	30144480	30146300
ENSG00000213965	19	33182867	33204702
ENSG00000270359	14	48788271	48788597
ENSG00000224059	7	84657144	84659008
ENSG00000257843	HSCHR6_MHC_COX	30145680	30145891
ENSG00000207366	14	48810429	48810535
ENSG00000258751	14	48865711	48960970
ENSG00000240845	HSCHR6_MHC_DBB	29691933	29692403
ENSG00000241701	HSCHR6_MHC_COX	30191707	30283713
ENSG00000230614	7	85010434	85010691
ENSG00000162598	1	60452941	60539442
ENSG00000111052	12	81186299	81331704
ENSG00000248230	HSCHR6_MHC_DBB	29706991	29714227
ENSG00000225128	7	85050438	85118609
ENSG00000258290	12	90313214	90313553
ENSG00000257725	12	90341470	90343503
ENSG00000239865	HSCHR6_MHC_MANN	30357586	30359341
ENSG00000107882	10	104263744	104393292
ENSG00000227785	7	85265329	85265660
ENSG00000257194	12	90501516	90506556
ENSG00000214511	12	51347705	51364289
ENSG00000177464	19	46093022	46105466
ENSG00000236610	7	85846101	85847049
ENSG00000170473	12	56295197	56326402
ENSG00000204671	12	122656577	122658746
ENSG00000235458	HSCHR6_MHC_DBB	29713547	29713771
ENSG00000081138	18	63417488	63548638
ENSG00000225553	HSCHR6_MHC_SSTO	33517537	33523618
ENSG00000258183	12	90674671	90694117
ENSG00000264218	HSCHR6_MHC_DBB	29715628	29715729
ENSG00000231255	7	86404397	86405338
ENSG00000271916	3	53831791	53832046
ENSG00000228102	HSCHR6_MHC_DBB	29715984	29716404
ENSG00000145779	5	118604387	118735383
ENSG00000233073	7	86413542	86415986
ENSG00000099381	16	30968615	30996437
ENSG00000223606	HSCHR6_MHC_DBB	29756033	29762814
ENSG00000261462	7	86738855	86740598
ENSG00000173809	19	33210659	33320483
ENSG00000176383	12	122688090	122693499
ENSG00000224046	7	86780739	86781736
ENSG00000069535	X	43625858	43741693
ENSG00000131370	3	15296360	15382875
ENSG00000177143	18	580367	581524
ENSG00000136630	1	221051699	221058401
ENSG00000258750	14	48867513	48868578
ENSG00000166402	11	8040791	8127659
ENSG00000200397	7	86847927	86848028
ENSG00000265801	17	25792138	25792567
ENSG00000144852	3	119499331	119537332
ENSG00000249679	4	186392670	186393417
ENSG00000182165	7	86954541	86974831
ENSG00000112984	5	137514408	137523404
ENSG00000238488	7	136525840	136525943
ENSG00000164266	5	147204131	147211349
ENSG00000207597	7	136587914	136588041
ENSG00000223657	7	136623027	136623300
ENSG00000223840	HSCHR6_MHC_COX	30195956	30199945
ENSG00000224469	7	136848790	136849359
ENSG00000198467	9	35681989	35691017
ENSG00000129028	15	71173681	71185124
ENSG00000254772	11	62327073	62342401
ENSG00000059378	7	139723544	139763521
ENSG00000079101	18	596988	650334
ENSG00000141748	17	37313147	37323737
ENSG00000143507	1	221874766	221915518
ENSG00000163283	2	233243244	233247599
ENSG00000107897	10	27484146	27531059
ENSG00000154553	4	186422851	186456766
ENSG00000223572	15	43985084	43991420
ENSG00000153956	7	81575760	82073114
ENSG00000144354	2	174219548	174233725
ENSG00000119878	2	46843555	46852881
ENSG00000236632	HSCHR6_MHC_MANN	30501925	30506663
ENSG00000160584	11	116714118	116969153
ENSG00000163331	2	159651829	159719293
ENSG00000202023	7	136972434	136972509
ENSG00000231114	7	137003339	137011700
ENSG00000187720	15	71389291	72075722
ENSG00000228031	7	137029676	137039229
ENSG00000230383	7	137406731	137407592
ENSG00000187098	3	69788586	70017488
ENSG00000237243	7	137638094	137642712
ENSG00000121064	17	55055466	55084129
ENSG00000110768	11	18343842	18388591
ENSG00000234639	7	137707204	137709085
ENSG00000231923	7	137731400	137732643
ENSG00000231931	7	137744802	137745039
ENSG00000124479	X	43808022	43832750
ENSG00000095794	10	35415719	35501886
ENSG00000162068	16	2521500	2524146
ENSG00000221558	7	137753288	137753375
ENSG00000222514	7	137776000	137776061
ENSG00000239145	7	137805834	137805937
ENSG00000108242	10	96443251	96495947
ENSG00000233951	7	137806948	137809341
ENSG00000143512	1	222695602	222721445
ENSG00000205944	Y	25365594	25437503
ENSG00000176912	18	641320	658340
ENSG00000270394	4	117220016	117221520
ENSG00000189091	16	70557691	70608820
ENSG00000065989	19	10527449	10580305
ENSG00000174599	4	118004718	118006736
ENSG00000101489	18	34823010	35146000
ENSG00000115183	2	159825146	160089170
ENSG00000152689	2	33661391	33789817
ENSG00000242417	14	48959086	48959637
ENSG00000162599	1	61330931	61928465
ENSG00000251731	14	48963136	48963267
ENSG00000258381	14	49288563	49288796
ENSG00000251824	14	49410650	49410717
ENSG00000125484	9	135545422	135570342
ENSG00000258868	14	49524431	49544223
ENSG00000183690	X	44007128	44202918
ENSG00000258401	14	49840684	49841101
ENSG00000252424	14	50019351	50019466
ENSG00000244270	14	50044110	50044512
ENSG00000128228	22	21996550	21998587
ENSG00000258486	14	50053297	50053596
ENSG00000252919	14	50058954	50059055
ENSG00000074582	2	219523487	219528166
ENSG00000162065	16	2525147	2555735
ENSG00000176890	18	657604	673578
ENSG00000258568	14	50066712	50067290
ENSG00000164100	4	118954773	119179803
ENSG00000159674	4	1160720	1202750
ENSG00000234836	HSCHR6_MHC_DBB	31565139	31566976
ENSG00000040275	5	169010638	169031782
ENSG00000232070	14	21567096	21571883
ENSG00000165695	9	135600965	135754164
ENSG00000067191	17	37329709	37353956
ENSG00000112640	6	42952237	42980080
ENSG00000258045	HSCHR6_MHC_MANN	30515667	30519569
ENSG00000263368	17	25853412	25854249
ENSG00000266853	17	25939614	25940277
ENSG00000132664	20	18447771	18465287
ENSG00000266872	17	25952510	25953464
ENSG00000071991	18	64168320	64271375
ENSG00000165841	10	96447911	96613017
ENSG00000063438	5	304291	438406
ENSG00000264216	17	25978360	25992738
ENSG00000169327	14	21623026	21624222
ENSG00000260272	16	2546033	2570219
ENSG00000069509	X	44382885	44402247
ENSG00000120860	12	102406705	102455927
ENSG00000125746	19	46110252	46148887
ENSG00000232143	HSCHR6_MHC_MANN	30553829	30569626
ENSG00000100348	22	36863083	36878077
ENSG00000185883	16	2563871	2570219
ENSG00000265788	17	25988575	25990684
ENSG00000183979	17	79858621	79860781
ENSG00000265041	17	25993775	25999829
ENSG00000227184	8	144939497	144952632
ENSG00000271976	3	53893021	53895603
ENSG00000222888	3	53916213	53916296
ENSG00000176209	8	42396298	42409603
ENSG00000242983	3	54081776	54082820
ENSG00000143498	1	222731244	222763275
ENSG00000100023	22	22006559	22054304
ENSG00000229806	3	54660242	54660673
ENSG00000265992	3	54666149	54673884
ENSG00000189037	X	44703249	44704130
ENSG00000164326	5	71014990	71016875
ENSG00000243715	3	54908632	54935282
ENSG00000266771	17	26002920	26003023
ENSG00000264240	17	26004831	26005113
ENSG00000239991	3	55200938	55209760
ENSG00000264689	17	26009502	26009763
ENSG00000187908	10	124320181	124403252
ENSG00000243572	3	55212200	55223242
ENSG00000263604	17	26010972	26011170
ENSG00000240708	3	55330228	55334766
ENSG00000139668	13	52158644	52336171
ENSG00000263472	17	26029938	26030241
ENSG00000242568	3	55369490	55384943
ENSG00000265833	17	26034204	26034276
ENSG00000165698	9	135753414	135765588
ENSG00000177889	12	93799449	93836038
ENSG00000242775	3	55394471	55395857
ENSG00000266416	17	26035137	26035164
ENSG00000171451	18	65173819	65184217
ENSG00000244586	3	55521727	55522336
ENSG00000266786	17	26073158	26081980
ENSG00000242317	3	55527858	55539289
ENSG00000240777	3	55644631	55647132
ENSG00000104826	19	49519237	49520338
ENSG00000110075	11	68228186	68382802
ENSG00000264013	3	55886520	55886622
ENSG00000266527	17	26201671	26208263
ENSG00000143367	1	151512781	151556059
ENSG00000259784	16	2563966	2577956
ENSG00000171206	10	104404253	104418164
ENSG00000260019	17	26256574	26301249
ENSG00000186684	2	127941696	127977654
ENSG00000243492	HSCHR6_MHC_COX	30217253	30250602
ENSG00000162604	1	62146718	62191095
ENSG00000104827	19	49526126	49527590
ENSG00000251818	17	26345796	26345933
ENSG00000139044	12	569530	672675
ENSG00000099377	16	30996519	31000473
ENSG00000225362	15	71402583	71407833
ENSG00000174740	X	90689594	90693583
ENSG00000146360	6	110299514	110301921
ENSG00000110911	12	51373184	51422349
ENSG00000235317	HSCHR6_MHC_DBB	29756212	29758246
ENSG00000100350	22	36883237	36903148
ENSG00000257995	12	91011536	91016599
ENSG00000121413	19	58595205	58629794
ENSG00000122863	10	73724123	73773322
ENSG00000198720	17	27916787	27941779
ENSG00000257787	12	91203053	91204457
ENSG00000267335	19	49526210	49540152
ENSG00000160218	21	45432200	45526433
ENSG00000196243	12	91311800	91342446
ENSG00000164265	5	147250245	147261754
ENSG00000228894	HSCHR6_MHC_COX	30248390	30284729
ENSG00000258148	12	91587486	91587719
ENSG00000110852	12	10005583	10022735
ENSG00000104818	19	49535169	49536495
ENSG00000258100	12	91755973	91762383
ENSG00000258125	12	92073908	92074650
ENSG00000205765	5	41904290	41921738
ENSG00000258224	12	92264898	92265006
ENSG00000257893	12	92271167	92274431
ENSG00000102796	13	52342129	52378293
ENSG00000166479	18	66340925	66382535
ENSG00000267631	19	49538831	49552006
ENSG00000065357	12	56321103	56347811
ENSG00000162066	16	2570358	2581423
ENSG00000261814	HSCHR6_MHC_DBB	29765418	29767426
ENSG00000107742	10	73818793	73848790
ENSG00000183605	10	120900279	120925179
ENSG00000227030	HSCHR6_MHC_DBB	29768198	29768994
ENSG00000268863	16	30996808	30997533
ENSG00000225763	HSCHR6_MHC_DBB	29777570	29777701
ENSG00000189052	19	49547141	49548568
ENSG00000231430	HSCHR6_MHC_DBB	29792386	29793365
ENSG00000235536	HSCHR6_MHC_DBB	29817347	29817475
ENSG00000112290	6	110421022	110501207
ENSG00000226517	HSCHR6_MHC_DBB	29846690	29847658
ENSG00000227669	HSCHR6_MHC_DBB	29847148	29849870
ENSG00000134001	14	67826714	67853233
ENSG00000165699	9	135766735	135820020
ENSG00000099365	16	31000577	31021949
ENSG00000138109	10	96698415	96749147
ENSG00000137076	9	35696945	35732392
ENSG00000188782	1	26517052	26529459
ENSG00000129514	14	38059189	38069245
ENSG00000178776	5	147260289	147286101
ENSG00000171150	2	46926091	46990268
ENSG00000102290	X	91034260	91878229
ENSG00000092199	14	21677295	21737653
ENSG00000021488	19	33321415	33360672
ENSG00000156970	15	40453224	40513337
ENSG00000229293	HSCHR6_MHC_DBB	29855954	29857085
ENSG00000181894	19	58637619	58666477
ENSG00000228891	HSCHR6_MHC_DBB	29865925	29866291
ENSG00000223766	HSCHR6_MHC_MANN	30569338	30576175
ENSG00000230357	HSCHR6_MHC_DBB	29867164	29868026
ENSG00000144791	3	45596886	45727830
ENSG00000231941	HSCHR6_MHC_DBB	29885325	29886315
ENSG00000161202	3	183873176	183891398
ENSG00000111058	12	81331594	81650533
ENSG00000232708	HSCHR6_MHC_DBB	29885801	29888576
ENSG00000123171	13	52436117	52440366
ENSG00000256797	12	10034088	10048432
ENSG00000184047	12	122692210	122712081
ENSG00000255508	11	62327075	62359003
ENSG00000222005	2	47043807	47049796
ENSG00000188393	12	10051272	10084980
ENSG00000130695	1	26560691	26605299
ENSG00000023228	2	206979541	207024327
ENSG00000252763	3	159526205	159526359
ENSG00000118816	4	77968311	77997158
ENSG00000264146	3	159540401	159540484
ENSG00000071537	14	81937893	82000205
ENSG00000239332	2	47043836	47086146
ENSG00000103496	16	31044210	31054296
ENSG00000244040	3	159631189	159943086
ENSG00000163286	2	233271553	233275424
ENSG00000135976	2	97779233	97930258
ENSG00000184100	3	159818478	159820661
ENSG00000172322	12	10103915	10148293
ENSG00000171606	19	58694396	58724928
ENSG00000244078	3	159944270	159945841
ENSG00000147432	8	42552519	42592550
ENSG00000154305	1	222791428	222841354
ENSG00000243687	3	160060473	160060803
ENSG00000147050	X	44732757	44971847
ENSG00000207779	3	160122376	160122473
ENSG00000198987	3	160122533	160122613
ENSG00000244009	3	160170386	160171191
ENSG00000139865	14	38065052	38510647
ENSG00000238427	3	160190136	160190204
ENSG00000142669	1	26605667	26608007
ENSG00000171471	12	116997186	117014425
ENSG00000226492	HSCHR6_MHC_SSTO	33523607	33525482
ENSG00000205923	16	2577081	2581420
ENSG00000266190	17	26348694	26349291
ENSG00000185813	17	79858841	79869340
ENSG00000238741	3	160232695	160233024
ENSG00000202389	17	26349356	26349490
ENSG00000229320	3	160283235	160287036
ENSG00000252283	17	26388993	26389094
ENSG00000240873	17	26443265	26443432
ENSG00000163161	2	128014866	128051752
ENSG00000166405	11	8127597	8190602
ENSG00000163295	2	233320833	233324742
ENSG00000203484	17	26496027	26496180
ENSG00000132849	1	62208149	62629592
ENSG00000147434	8	42607763	42651535
ENSG00000266193	7	137808504	137808567
ENSG00000225559	7	137848186	137849383
ENSG00000252820	7	137859791	137859882
ENSG00000013374	7	151038785	151075535
ENSG00000111412	12	117153593	117175875
ENSG00000100353	22	36906897	36925483
ENSG00000238984	7	137860931	137861028
ENSG00000121289	19	33369902	33462897
ENSG00000201465	7	137872744	137872875
ENSG00000213238	7	137982833	137983229
ENSG00000213237	7	138088940	138089268
ENSG00000202072	7	138100225	138100319
ENSG00000214815	7	138125435	138126983
ENSG00000239123	7	138167225	138167328
ENSG00000169439	8	97505579	97624000
ENSG00000234995	7	138175326	138176106
ENSG00000172845	2	174771187	174830430
ENSG00000165702	9	135820932	135867083
ENSG00000252188	7	138309805	138309924
ENSG00000134333	11	18415935	18429972
ENSG00000234658	7	138330416	138331193
ENSG00000131931	8	42691817	42698468
ENSG00000243099	7	138373725	138374267
ENSG00000167004	15	44038590	44065477
ENSG00000223721	7	138386352	138387807
ENSG00000227334	HSCHR6_MHC_COX	30308999	30309133
ENSG00000257363	HSCHR6_MHC_COX	30313816	30313903
ENSG00000066933	15	72114632	72410918
ENSG00000231129	HSCHR6_MHC_MANN	30583828	30609632
ENSG00000242285	3	160302733	160303575
ENSG00000234417	HSCHR6_MHC_COX	30316860	30317493
ENSG00000207084	3	160414717	160414848
ENSG00000199646	7	138561105	138561211
ENSG00000260572	3	160471216	160472930
ENSG00000229677	7	138734202	138734752
ENSG00000232095	HSCHR6_MHC_COX	30320704	30321872
ENSG00000239254	7	138857262	138859012
ENSG00000100558	14	67853700	67878917
ENSG00000271052	3	160940699	160940935
ENSG00000258326	HSCHR6_MHC_COX	30322073	30322196
ENSG00000171840	12	673462	772945
ENSG00000240138	3	161042701	161044007
ENSG00000258348	HSCHR6_MHC_COX	30325775	30325883
ENSG00000271537	7	138883303	138883888
ENSG00000258207	HSCHR6_MHC_COX	30340102	30340186
ENSG00000228360	7	138912283	138912574
ENSG00000271404	7	138912967	138913351
ENSG00000206843	7	139000037	139000140
ENSG00000273391	7	139043778	139044312
ENSG00000133710	5	147405246	147516852
ENSG00000085514	7	99965153	99997719
ENSG00000252332	7	139133486	139133589
ENSG00000253183	7	139187199	139188558
ENSG00000254270	7	139218986	139219295
ENSG00000229524	HSCHR6_MHC_COX	31594212	31607897
ENSG00000251728	7	139794497	139794592
ENSG00000260231	7	139877061	139879440
ENSG00000171551	2	233344537	233352538
ENSG00000143376	1	151584541	151671567
ENSG00000180398	2	47129009	47168994
ENSG00000199971	7	139909363	139909471
ENSG00000199283	7	139941670	139941832
ENSG00000270512	7	139982265	139982720
ENSG00000149016	11	62342517	62359649
ENSG00000086758	X	53559057	53713673
ENSG00000241661	7	139992552	139993139
ENSG00000154914	17	9548015	9633008
ENSG00000223113	7	140070241	140070345
ENSG00000238868	7	140075363	140075466
ENSG00000234947	HSCHR6_MHC_COX	31926504	31936775
ENSG00000120925	8	42704780	42752433
ENSG00000202472	7	140086581	140086707
ENSG00000103200	7	140135116	140135587
ENSG00000132199	18	670324	712676
ENSG00000221732	7	140280087	140280149
ENSG00000166407	11	8245851	8290263
ENSG00000201354	7	140309647	140309755
ENSG00000240173	7	140345644	140345924
ENSG00000240889	7	140395136	140396877
ENSG00000158062	1	26607819	26644854
ENSG00000271932	7	140583872	140583978
ENSG00000123191	13	52506809	52585630
ENSG00000271611	7	140634667	140634810
ENSG00000198133	14	67913801	68000456
ENSG00000140992	16	2587965	2653189
ENSG00000203483	17	26506506	26506662
ENSG00000079999	19	10596796	10614417
ENSG00000255851	17	26525465	26525619
ENSG00000100027	22	22051833	22090123
ENSG00000078142	18	39535171	39667794
ENSG00000197825	17	26529824	26530831
ENSG00000258377	14	50087533	50090198
ENSG00000188611	10	51942538	52008370
ENSG00000267644	17	26546311	26547031
ENSG00000122512	7	6012870	6048756
ENSG00000258450	14	50096009	50096608
ENSG00000203482	17	26547062	26547215
ENSG00000259155	14	50144087	50144611
ENSG00000237575	17	26553589	26555091
ENSG00000258462	14	50148020	50148604
ENSG00000258945	14	85994943	85995730
ENSG00000138764	4	78078304	78354542
ENSG00000272762	3	51994317	52008032
ENSG00000107175	9	35732332	35737001
ENSG00000211456	3	45730548	45786916
ENSG00000176894	12	133264192	133297276
ENSG00000185070	14	85996488	86095034
ENSG00000157368	16	70613798	70694585
ENSG00000100030	22	22108789	22221970
ENSG00000151876	5	41925356	41941845
ENSG00000137309	6	34204650	34214008
ENSG00000148308	9	135906076	135933890
ENSG00000258804	14	87372122	87389099
ENSG00000114779	3	52002526	52017425
ENSG00000133835	5	118788138	118972894
ENSG00000180739	19	10623623	10628607
ENSG00000149480	11	62360686	62369312
ENSG00000119812	2	33808725	33824449
ENSG00000186310	X	92925929	92928567
ENSG00000178209	8	144989321	145050902
ENSG00000128886	15	44064798	44069741
ENSG00000143797	2	8992820	9143942
ENSG00000243838	3	161046712	161048026
ENSG00000130413	11	8413418	8615836
ENSG00000240567	3	161144215	161166030
ENSG00000269888	3	161146900	161147401
ENSG00000179083	X	92929012	92967273
ENSG00000234851	3	161146915	161147398
ENSG00000240354	3	161534697	161539696
ENSG00000241874	3	162204329	162204737
ENSG00000131944	19	33463115	33469128
ENSG00000078487	7	99998449	100026615
ENSG00000154310	3	170779128	171178197
ENSG00000104324	8	97657455	98161882
ENSG00000154556	4	186506598	186877806
ENSG00000130734	19	10654571	10664094
ENSG00000176473	14	100842755	100996640
ENSG00000008130	1	1682671	1711896
ENSG00000135119	12	117176096	117291436
ENSG00000267259	17	26559616	26562307
ENSG00000203480	17	26568405	26568558
ENSG00000257949	17	73975301	73996667
ENSG00000258158	HSCHR6_MHC_COX	30350072	30350159
ENSG00000166862	22	36959968	37099603
ENSG00000266830	17	26573480	26575032
ENSG00000257834	HSCHR6_MHC_COX	30350590	30350674
ENSG00000186063	1	222841355	222886552
ENSG00000265060	17	26574470	26575315
ENSG00000206562	3	15422782	15482073
ENSG00000233466	HSCHR6_MHC_COX	30372300	30376905
ENSG00000203479	17	26581511	26581655
ENSG00000263788	17	26583401	26583695
ENSG00000258146	HSCHR6_MHC_COX	30414652	30414775
ENSG00000264486	17	26583464	26592577
ENSG00000223933	HSCHR6_MHC_COX	30424154	30425681
ENSG00000260777	17	26590660	26593395
ENSG00000132613	16	70695107	70719969
ENSG00000131711	5	71403061	71505395
ENSG00000223412	HSCHR6_MHC_COX	30426522	30427891
ENSG00000147113	X	45007619	45060146
ENSG00000266306	17	26596229	26599391
ENSG00000264029	17	26601683	26602742
ENSG00000265480	17	26603012	26644809
ENSG00000227460	HSCHR6_MHC_SSTO	33527235	33560852
ENSG00000186854	2	85048774	85134132
ENSG00000138303	10	73856278	73976892
ENSG00000165682	12	10138241	10166023
ENSG00000100360	22	37154246	37172300
ENSG00000243044	3	162319415	162319580
ENSG00000153140	5	89688078	89705603
ENSG00000241168	3	162744184	162949937
ENSG00000144597	3	15468862	15484120
ENSG00000231737	HSCHR6_MHC_MANN	30612852	30631064
ENSG00000168092	11	117014983	117047610
ENSG00000244571	3	162833217	162833974
ENSG00000070610	9	35736863	35749983
ENSG00000147202	X	95939662	96859996
ENSG00000198015	12	93861264	93897545
ENSG00000082701	3	119540170	119813264
ENSG00000241369	3	162845711	163079351
ENSG00000138115	10	96796530	96829254
ENSG00000147121	X	46306292	46356857
ENSG00000227703	HSCHR6_MHC_COX	30443578	30444228
ENSG00000159409	1	151674880	151689290
ENSG00000253710	13	52586534	52603800
ENSG00000150636	18	66382446	66722426
ENSG00000198131	19	58739960	58788815
ENSG00000257549	HSCHR6_MHC_COX	30445941	30446025
ENSG00000267757	19	46144752	46146098
ENSG00000137843	15	40509629	40569688
ENSG00000257154	HSCHR6_MHC_COX	30446362	30446488
ENSG00000131941	19	33469499	33555794
ENSG00000213030	19	49550895	49552400
ENSG00000257321	HSCHR6_MHC_COX	30449477	30449561
ENSG00000257916	HSCHR6_MHC_COX	30456003	30456593
ENSG00000167394	16	31072164	31085641
ENSG00000258022	HSCHR6_MHC_COX	30461557	30461678
ENSG00000134516	5	169064251	169510386
ENSG00000257440	HSCHR6_MHC_COX	30467330	30467402
ENSG00000089050	20	18467184	18477887
ENSG00000156234	4	78432907	78532988
ENSG00000257172	HSCHR6_MHC_COX	30469052	30469136
ENSG00000238398	3	162896662	162896763
ENSG00000207844	17	26603489	26603579
ENSG00000240792	3	163192855	163197153
ENSG00000203478	17	26608165	26608318
ENSG00000106305	7	6048876	6063465
ENSG00000265090	3	163234190	163234275
ENSG00000203465	17	26626484	26626637
ENSG00000266757	3	163373092	163373169
ENSG00000203477	17	26631095	26631246
ENSG00000054690	14	68000018	68056329
ENSG00000214210	3	163719394	163720253
ENSG00000162819	1	222885895	222908538
ENSG00000253797	13	52598827	52607736
ENSG00000221251	3	163889259	163889344
ENSG00000167977	16	2732476	2759031
ENSG00000221755	3	164059129	164059238
ENSG00000240563	1	62660503	62678000
ENSG00000241636	3	164388666	164403864
ENSG00000075188	12	102467967	102513902
ENSG00000196337	19	49557531	49562117
ENSG00000004142	17	26673659	26684545
ENSG00000233239	HSCHR6_MHC_DBB	29891686	29891871
ENSG00000135116	12	117293949	117319246
ENSG00000225114	HSCHR6_MHC_DBB	29899816	29900808
ENSG00000010310	19	46171502	46186982
ENSG00000234849	HSCHR6_MHC_DBB	29914324	29916298
ENSG00000241945	21	45527171	45551063
ENSG00000237344	HSCHR6_MHC_COX	32100987	32106437
ENSG00000226713	HSCHR6_MHC_DBB	29928530	29930192
ENSG00000138175	10	104433488	104474164
ENSG00000197168	13	52611093	52703214
ENSG00000234313	HSCHR6_MHC_DBB	29932826	29936125
ENSG00000100362	22	37196728	37215523
ENSG00000228458	HSCHR6_MHC_DBB	29950935	29951331
ENSG00000231719	HSCHR6_MHC_DBB	29952163	29953040
ENSG00000078369	1	1716729	1822495
ENSG00000232748	16	31072813	31073451
ENSG00000251192	X	46357162	46404892
ENSG00000225618	HSCHR6_MHC_DBB	29958737	30019750
ENSG00000225950	19	49559050	49568333
ENSG00000100034	22	22273793	22307209
ENSG00000172382	16	2762419	2770552
ENSG00000264472	18	66567018	66569492
ENSG00000121057	17	55162453	55198710
ENSG00000170835	9	135937365	135947248
ENSG00000132854	1	62702651	62785085
ENSG00000167395	16	31085743	31095517
ENSG00000166986	12	57869228	57911352
ENSG00000200379	3	56106132	56106435
ENSG00000200238	3	56219132	56219250
ENSG00000256632	12	133264635	133291498
ENSG00000240198	3	56974068	56994882
ENSG00000206052	18	67068291	67516323
ENSG00000104848	19	49570675	49576198
ENSG00000272202	3	57112971	57114129
ENSG00000229863	3	57168170	57168751
ENSG00000238905	3	57455872	57455977
ENSG00000005882	17	48172101	48189516
ENSG00000212392	3	57479394	57479507
ENSG00000227025	HSCHR6_MHC_DBB	29963844	29964839
ENSG00000206918	3	57498177	57498282
ENSG00000196151	2	160092304	160143310
ENSG00000239831	3	57505396	57505737
ENSG00000226111	HSCHR6_MHC_MANN	30630161	30638847
ENSG00000237186	3	57516072	57516694
ENSG00000202428	3	57521979	57522085
ENSG00000152214	18	40323192	40695657
ENSG00000247077	12	133287405	133299228
ENSG00000234074	HSCHR6_MHC_DBB	29964306	29967679
ENSG00000206815	3	57534565	57534672
ENSG00000100365	22	37257030	37274057
ENSG00000272146	3	57583442	57586654
ENSG00000054983	14	88304164	88460009
ENSG00000147119	X	46433219	46457843
ENSG00000164099	4	119201193	119274158
ENSG00000210841	3	57605174	57605299
ENSG00000239801	3	57614537	57640645
ENSG00000112964	5	42423879	42721979
ENSG00000241933	3	57678932	57682323
ENSG00000138767	4	78634541	78740769
ENSG00000223192	3	57685500	57685575
ENSG00000270772	3	57785783	57787175
ENSG00000213509	3	57927545	57928031
ENSG00000060237	12	861759	1020618
ENSG00000139220	12	81652045	82153332
ENSG00000262560	15	44064815	44091331
ENSG00000244161	3	58148274	58156363
ENSG00000149577	11	117049449	117068160
ENSG00000197520	1	222910549	222924147
ENSG00000273493	3	58315692	58315845
ENSG00000065923	X	46464753	46618490
ENSG00000272182	3	58413982	58414542
ENSG00000272360	3	58476557	58477018
ENSG00000236722	3	58497037	58497403
ENSG00000243384	3	58558471	58560046
ENSG00000259288	15	40509629	40568597
ENSG00000126351	17	38214543	38250120
ENSG00000244383	3	58592807	58620167
ENSG00000163481	2	219528587	219537134
ENSG00000221990	5	441645	443258
ENSG00000166436	11	8633584	8693413
ENSG00000242428	3	58810163	59004819
ENSG00000206561	3	15491640	15563258
ENSG00000169885	1	1846266	1848735
ENSG00000136098	13	52706775	52733996
ENSG00000243295	3	59050876	59105235
ENSG00000104852	19	49588676	49611862
ENSG00000101310	20	18488137	18542059
ENSG00000243903	3	59365750	59374430
ENSG00000242545	3	59450056	59496404
ENSG00000107185	9	35749203	35758572
ENSG00000241804	3	59521589	59522141
ENSG00000176753	15	40542865	40545170
ENSG00000129347	19	10663761	10676713
ENSG00000240097	3	60602555	60603812
ENSG00000160221	21	45553487	45565605
ENSG00000232407	3	60675958	60676452
ENSG00000268927	16	70695570	70699739
ENSG00000154309	1	222988406	223179337
ENSG00000187833	2	74011316	74044274
ENSG00000225673	3	60715788	60716377
ENSG00000244183	3	60717877	60718369
ENSG00000212211	3	60842062	60842277
ENSG00000258321	HSCHR6_MHC_COX	30470152	30470239
ENSG00000223827	HSCHR6_MHC_COX	30473891	30476845
ENSG00000250506	17	73996987	74002080
ENSG00000168172	8	42752075	42885682
ENSG00000257713	HSCHR6_MHC_COX	30488111	30489197
ENSG00000231122	10	46310876	46313036
ENSG00000257160	HSCHR6_MHC_COX	30490516	30490640
ENSG00000180104	5	443273	472052
ENSG00000257393	HSCHR6_MHC_COX	30496297	30496517
ENSG00000132872	18	40847843	40857615
ENSG00000145388	4	119606523	119636588
ENSG00000178821	1	1849029	1850712
ENSG00000258030	HSCHR6_MHC_COX	30506629	30506750
ENSG00000266362	HSCHR6_MHC_COX	30541958	30542043
ENSG00000265548	HSCHR6_MHC_COX	30573855	30573931
ENSG00000225453	HSCHR6_MHC_COX	30591257	30591523
ENSG00000167978	16	2802330	2822539
ENSG00000162607	1	62901968	62917475
ENSG00000256861	12	122692326	122750970
ENSG00000204657	6	29555683	29556745
ENSG00000103043	16	70721342	70835064
ENSG00000266702	HSCHR6_MHC_COX	30606290	30606383
ENSG00000180543	8	98285717	98290176
ENSG00000235342	HSCHR6_MHC_COX	30654450	30655179
ENSG00000236766	HSCHR6_MHC_COX	30660710	30670826
ENSG00000215183	9	35752987	35756610
ENSG00000148429	10	11495945	11653753
ENSG00000102218	X	46696375	46741793
ENSG00000149499	11	62369690	62380237
ENSG00000186472	7	82383329	82792246
ENSG00000156398	10	104474295	104503249
ENSG00000140264	15	44069285	44094787
ENSG00000187554	1	223282748	223316624
ENSG00000138430	2	174937175	175113426
ENSG00000100038	22	22311397	22337213
ENSG00000241767	3	164431883	164549268
ENSG00000125743	19	46190712	46195827
ENSG00000200052	3	164840501	164840611
ENSG00000239205	3	164867794	164875850
ENSG00000139719	12	122714111	122751068
ENSG00000100368	22	37309670	37336491
ENSG00000244128	3	164924748	165373211
ENSG00000124356	2	74056086	74100786
ENSG00000142609	1	1853396	1935276
ENSG00000147649	8	98656407	98740998
ENSG00000178796	1	151682909	151702281
ENSG00000204904	X	46746852	46759138
ENSG00000150938	2	36583069	36778278
ENSG00000235764	HSCHR6_MHC_DBB	29989787	29991077
ENSG00000265988	HSCHR6_MHC_DBB	30046926	30047058
ENSG00000232510	HSCHR6_MHC_DBB	30063345	30072822
ENSG00000265138	HSCHR6_MHC_DBB	30090906	30091067
ENSG00000225109	HSCHR6_MHC_DBB	30144858	30146681
ENSG00000174989	12	117348761	117468953
ENSG00000159899	9	35792151	35809729
ENSG00000241053	HSCHR6_MHC_DBB	30192097	30284162
ENSG00000102221	X	46771711	46920641
ENSG00000011478	19	46195741	46207247
ENSG00000225659	HSCHR6_MHC_DBB	30196359	30200335
ENSG00000136114	13	52951305	52980629
ENSG00000241166	HSCHR6_MHC_DBB	30217641	30251055
ENSG00000176105	18	721588	812547
ENSG00000169288	4	78783674	78873944
ENSG00000224705	HSCHR6_MHC_DBB	30248843	30285178
ENSG00000240510	1	151682909	151702070
ENSG00000104863	19	49617581	49621717
ENSG00000160271	9	135973107	136039301
ENSG00000143502	1	223394161	223537544
ENSG00000176915	12	133302254	133338474
ENSG00000235658	HSCHR6_MHC_MANN	30639294	30659275
ENSG00000242178	3	165877809	165878158
ENSG00000204655	6	29624758	29640149
ENSG00000269417	2	85122209	85122345
ENSG00000204366	6	31867384	31869769
ENSG00000185264	22	37387163	37403882
ENSG00000240084	3	165878202	165878492
ENSG00000266119	HSCHR6_MHC_COX	30693941	30694051
ENSG00000167549	17	27941774	27949925
ENSG00000137841	15	40570377	40600136
ENSG00000263728	HSCHR6_MHC_COX	30708646	30708893
ENSG00000034510	2	85132749	85133795
ENSG00000240824	3	165878565	165878907
ENSG00000139874	14	38677204	38682272
ENSG00000136100	13	52986737	53024763
ENSG00000242456	3	165878991	165879756
ENSG00000242326	3	165899101	165899608
ENSG00000035928	4	39289076	39367995
ENSG00000166441	11	8703958	8736306
ENSG00000130988	X	46937775	46952712
ENSG00000176435	14	38723308	38725574
ENSG00000151006	16	31094746	31100949
ENSG00000256660	12	10163226	10171218
ENSG00000150637	18	67498394	67629039
ENSG00000126368	17	38249040	38256978
ENSG00000141433	18	904944	912173
ENSG00000224641	HSCHR6_MHC_COX	30724441	30749869
ENSG00000108556	17	4801069	4806369
ENSG00000187730	1	1950780	1962192
ENSG00000236006	HSCHR6_MHC_COX	30756280	30788292
ENSG00000125821	20	18568537	18744561
ENSG00000150961	4	119643978	119759838
ENSG00000146242	6	83072923	83080545
ENSG00000215837	3	195384967	195412775
ENSG00000128311	22	37406900	37415681
ENSG00000169442	1	26644448	26647014
ENSG00000255439	16	31094760	31106277
ENSG00000176407	2	85198216	85286595
ENSG00000086232	7	6061881	6098861
ENSG00000143436	1	151732119	151736040
ENSG00000115415	2	191829084	191885686
ENSG00000206445	HSCHR6_MHC_QBL	31502517	31504899
ENSG00000104341	8	98787285	98865241
ENSG00000267913	21	45587818	45593580
ENSG00000188234	10	46321042	46349323
ENSG00000076650	19	33571786	33621448
ENSG00000197992	12	10183276	10218565
ENSG00000069482	11	68451247	68458643
ENSG00000166796	11	18433854	18473605
ENSG00000205710	17	4802713	4806227
ENSG00000243649	6	31895475	31919861
ENSG00000149443	20	18790372	18810797
ENSG00000167397	16	31102163	31107301
ENSG00000160223	21	45642874	45660849
ENSG00000231522	HSCHR6_MHC_COX	30797162	30805800
ENSG00000118420	6	83602117	83775560
ENSG00000120833	12	93963590	93977263
ENSG00000100934	14	39501123	39578850
ENSG00000265903	HSCHR6_MHC_COX	30821900	30822202
ENSG00000132631	20	18794370	18795033
ENSG00000139131	12	32880424	32908836
ENSG00000224360	HSCHR6_MHC_COX	30824631	30833593
ENSG00000147123	X	47001615	47004903
ENSG00000176092	1	26648350	26680621
ENSG00000135940	2	98262503	98264846
ENSG00000177051	19	46213887	46234162
ENSG00000248487	3	52005442	52015212
ENSG00000206440	HSCHR6_MHC_QBL	31504921	31516872
ENSG00000178395	1	223566715	223568812
ENSG00000231956	7	87150777	87151726
ENSG00000159692	4	1205236	1243741
ENSG00000207650	3	195426272	195426368
ENSG00000103363	16	2821415	2827298
ENSG00000128309	22	37415676	37425863
ENSG00000223783	3	195563064	195587275
ENSG00000238587	7	87253473	87253574
ENSG00000254003	7	87845975	87848541
ENSG00000237452	19	46236509	46267792
ENSG00000166192	15	72406599	72433311
ENSG00000235836	3	195570857	195571467
ENSG00000269545	19	58740831	58798173
ENSG00000224614	3	195634947	195638128
ENSG00000004866	7	116593292	116870157
ENSG00000228113	7	87848674	87921781
ENSG00000226155	3	195638920	195640857
ENSG00000198964	10	52065360	52384923
ENSG00000185245	17	4835592	4838325
ENSG00000228267	HSCHR6_MHC_COX	31937353	31951642
ENSG00000083842	19	58790317	58807254
ENSG00000168438	6	110501344	110575478
ENSG00000273009	3	195639949	195640554
ENSG00000266730	3	195647715	195648000
ENSG00000239122	3	195655460	195655646
ENSG00000236515	HSCHR6_MHC_SSTO	33561742	33564711
ENSG00000231443	3	195664114	195665610
ENSG00000260261	3	195676059	195679566
ENSG00000177045	19	46268043	46272484
ENSG00000257778	HSCHR6_MHC_SSTO	28659681	28659895
ENSG00000188242	5	466239	473213
ENSG00000248563	HSCHR6_MHC_SSTO	28699794	28700681
ENSG00000108528	17	4840425	4843546
ENSG00000137098	9	35808042	35812269
ENSG00000266182	HSCHR6_MHC_SSTO	28743732	28743839
ENSG00000273439	19	58790318	58807254
ENSG00000203697	1	223711349	223853436
ENSG00000136108	13	53029564	53050763
ENSG00000248655	HSCHR6_MHC_SSTO	28751412	28751783
ENSG00000264411	HSCHR6_MHC_SSTO	28763741	28763804
ENSG00000150048	12	10222153	10264226
ENSG00000233826	HSCHR6_MHC_SSTO	28805557	28806694
ENSG00000185052	20	19193290	19703581
ENSG00000229773	HSCHR6_MHC_SSTO	28827313	28831035
ENSG00000267216	19	58790332	58826563
ENSG00000231746	HSCHR6_MHC_SSTO	28829104	28829735
ENSG00000173503	HSCHR6_MHC_QBL	31530070	31532342
ENSG00000182318	19	58838385	58853698
ENSG00000232997	HSCHR6_MHC_SSTO	28856683	28857757
ENSG00000138085	2	27434895	27440046
ENSG00000101574	18	2537524	2571508
ENSG00000237010	HSCHR6_MHC_SSTO	28864373	28865163
ENSG00000163918	3	186507669	186524847
ENSG00000221916	19	49621655	49622397
ENSG00000266870	HSCHR6_MHC_SSTO	28883478	28883577
ENSG00000136487	17	61957578	61959295
ENSG00000263430	HSCHR6_MHC_SSTO	28894771	28895052
ENSG00000228990	HSCHR6_MHC_SSTO	28936955	28938285
ENSG00000266191	HSCHR6_MHC_SSTO	28945366	28945661
ENSG00000186577	6	34214157	34217247
ENSG00000237898	HSCHR6_MHC_SSTO	28954099	28955380
ENSG00000121410	19	58856544	58864865
ENSG00000188895	17	38278551	38293042
ENSG00000241124	HSCHR6_MHC_SSTO	28954696	28956435
ENSG00000233650	HSCHR6_MHC_SSTO	28994479	28995406
ENSG00000151693	2	9346894	9545812
ENSG00000229100	HSCHR6_MHC_SSTO	29039627	29040402
ENSG00000116641	1	62920399	63153969
ENSG00000231592	HSCHR6_MHC_SSTO	29044376	29044971
ENSG00000100379	22	37447779	37459430
ENSG00000103507	16	31117428	31124110
ENSG00000235632	HSCHR6_MHC_SSTO	29068753	29069691
ENSG00000233119	HSCHR6_MHC_SSTO	29092013	29096710
ENSG00000264008	HSCHR6_MHC_COX	30848554	30848643
ENSG00000231670	HSCHR6_MHC_SSTO	29105679	29106615
ENSG00000266178	HSCHR6_MHC_COX	30890115	30890203
ENSG00000206439	HSCHR6_MHC_QBL	31533585	31536356
ENSG00000223454	HSCHR6_MHC_COX	30903456	30912338
ENSG00000229069	HSCHR6_MHC_SSTO	29149334	29150269
ENSG00000254673	8	42873567	42932477
ENSG00000146834	7	100026413	100031741
ENSG00000258349	HSCHR6_MHC_COX	30955218	30955519
ENSG00000067606	1	1981909	2116834
ENSG00000225592	HSCHR6_MHC_SSTO	29183092	29184029
ENSG00000176083	1	26688125	26701013
ENSG00000234063	HSCHR6_MHC_COX	30987507	30992304
ENSG00000230089	HSCHR6_MHC_SSTO	29191823	29234926
ENSG00000152217	18	42260138	42648475
ENSG00000167880	17	74000583	74023533
ENSG00000238234	HSCHR6_MHC_COX	31014486	31020156
ENSG00000230874	HSCHR6_MHC_SSTO	29197077	29198007
ENSG00000265921	HSCHR6_MHC_COX	31043287	31043386
ENSG00000258238	HSCHR6_MHC_COX	31059652	31059916
ENSG00000230752	HSCHR6_MHC_SSTO	29230544	29231920
ENSG00000257993	HSCHR6_MHC_COX	31082895	31083064
ENSG00000143450	1	151735445	151743808
ENSG00000103355	16	2833954	2837949
ENSG00000226932	HSCHR6_MHC_SSTO	29236303	29237262
ENSG00000176225	18	67671029	67873181
ENSG00000137133	9	35812957	35815351
ENSG00000232146	HSCHR6_MHC_SSTO	29258570	29259512
ENSG00000206437	HSCHR6_MHC_QBL	31538575	31540542
ENSG00000257188	HSCHR6_MHC_SSTO	29267111	29267650
ENSG00000152284	2	85360533	85537511
ENSG00000227843	HSCHR6_MHC_SSTO	29297505	29298940
ENSG00000175318	15	72452148	72490126
ENSG00000174586	19	58865723	58874214
ENSG00000182872	X	47004268	47046212
ENSG00000188996	6	655939	656963
ENSG00000250294	HSCHR6_MHC_SSTO	29384733	29385679
ENSG00000237412	2	233385173	233390422
ENSG00000177380	19	49622646	49654283
ENSG00000142182	21	45666222	45682099
ENSG00000104936	19	46272975	46285810
ENSG00000237369	HSCHR6_MHC_SSTO	29432049	29437257
ENSG00000243989	3	52009066	52023213
ENSG00000176055	5	89754020	89770585
ENSG00000237544	HSCHR6_MHC_SSTO	29442476	29443522
ENSG00000132561	8	98881068	99048944
ENSG00000231000	HSCHR6_MHC_SSTO	29456722	29457127
ENSG00000139675	13	53191605	53217919
ENSG00000148288	9	136028340	136039332
ENSG00000217075	2	36758948	36779411
ENSG00000225432	HSCHR6_MHC_SSTO	29464960	29478007
ENSG00000152475	19	58878985	58892427
ENSG00000131914	1	26737269	26756213
ENSG00000066230	5	473425	524447
ENSG00000229383	HSCHR6_MHC_SSTO	29496876	29501024
ENSG00000163817	3	45796942	45838027
ENSG00000168522	8	42889337	42940931
ENSG00000132874	18	42792960	43263072
ENSG00000057294	12	32943679	33049774
ENSG00000234992	HSCHR6_MHC_SSTO	29505160	29506243
ENSG00000235666	HSCHR6_MHC_SSTO	29603537	29603820
ENSG00000162909	1	223889295	223963720
ENSG00000229898	HSCHR6_MHC_SSTO	29675602	29676024
ENSG00000007038	16	2867164	2876305
ENSG00000236881	HSCHR6_MHC_SSTO	29687680	29688670
ENSG00000165672	10	120927215	120938345
ENSG00000230545	HSCHR6_MHC_SSTO	29691270	29713718
ENSG00000264868	7	87900207	87903065
ENSG00000257811	HSCHR6_MHC_COX	31094619	31094839
ENSG00000135902	2	233390703	233401377
ENSG00000226993	HSCHR6_MHC_COX	31101019	31101205
ENSG00000223364	HSCHR6_MHC_COX	31134078	31138243
ENSG00000225701	7	88078103	88078332
ENSG00000207094	7	88078407	88078546
ENSG00000083845	19	58897767	58906173
ENSG00000270812	7	88084624	88085506
ENSG00000232758	HSCHR6_MHC_COX	31158106	31164310
ENSG00000211637	22	22385332	22385870
ENSG00000235639	7	88141344	88142502
ENSG00000165416	13	53226844	53275044
ENSG00000171055	2	36778570	36873230
ENSG00000242511	HSCHR6_MHC_SSTO	29691338	29691808
ENSG00000268628	20	19738296	19738679
ENSG00000249123	HSCHR6_MHC_SSTO	29706410	29713638
ENSG00000187260	7	151072995	151107813
ENSG00000176515	6	1080164	1105181
ENSG00000149591	11	117070037	117075498
ENSG00000187045	22	37461476	37505603
ENSG00000129355	19	10677138	10679735
ENSG00000163482	2	219536749	219567439
ENSG00000139287	12	72332626	72580398
ENSG00000203870	X	154051623	154062937
ENSG00000164379	6	1312675	1314992
ENSG00000211638	22	22453110	22453622
ENSG00000233164	HSCHR6_MHC_MANN	30659491	30665656
ENSG00000092200	14	21756098	21819460
ENSG00000211639	22	22516592	22517074
ENSG00000080986	18	2571510	2616634
ENSG00000137273	6	1390069	1395832
ENSG00000171102	9	136080664	136084630
ENSG00000211640	22	22550113	22550860
ENSG00000137103	9	35814448	35854844
ENSG00000132669	20	19867165	19983101
ENSG00000090316	4	1283639	1333935
ENSG00000226267	HSCHR6_MHC_SSTO	29712958	29713182
ENSG00000169967	2	128056306	128146041
ENSG00000211641	22	22556057	22556600
ENSG00000264905	HSCHR6_MHC_SSTO	29715038	29715139
ENSG00000229942	HSCHR6_MHC_SSTO	29715395	29715815
ENSG00000175040	3	142838173	142841800
ENSG00000211642	22	22569184	22569660
ENSG00000206433	HSCHR6_MHC_QBL	31544144	31546931
ENSG00000115073	2	98272431	98280570
ENSG00000228706	HSCHR6_MHC_SSTO	29755630	29757664
ENSG00000169575	22	22599087	22599927
ENSG00000149489	11	62379194	62382592
ENSG00000228928	7	88194108	88195596
ENSG00000231763	7	88239555	88239983
ENSG00000229529	HSCHR6_MHC_SSTO	29755943	29762282
ENSG00000237709	7	88268328	88269730
ENSG00000185010	X	154064063	154255215
ENSG00000170381	7	82993222	83278326
ENSG00000129354	19	10683347	10697991
ENSG00000211518	7	88269835	88269941
ENSG00000233420	7	88339945	88386039
ENSG00000181804	3	142984064	143567373
ENSG00000227979	7	88378784	88379008
ENSG00000162078	16	2880170	2888967
ENSG00000134962	4	39408473	39453156
ENSG00000227863	7	89073288	89123576
ENSG00000239075	7	89383934	89384040
ENSG00000269855	19	58907457	58908407
ENSG00000227646	7	89511667	89840949
ENSG00000157423	16	70841281	71264625
ENSG00000211643	22	22673082	22673581
ENSG00000238358	7	89748613	89752204
ENSG00000148296	9	136197552	136203235
ENSG00000053328	6	110567131	110679475
ENSG00000211644	22	22676828	22677336
ENSG00000235436	7	89748714	89754914
ENSG00000238840	10	5004628	5004760
ENSG00000092208	14	39583427	39606177
ENSG00000211645	22	22681658	22682172
ENSG00000224251	10	5037680	5039572
ENSG00000171574	19	58912871	58929694
ENSG00000204086	X	96138907	96140446
ENSG00000223029	7	89800655	89800738
ENSG00000207488	7	89881237	89881334
ENSG00000239148	10	5046902	5047034
ENSG00000234459	7	89895348	89899530
ENSG00000251740	10	5090055	5090173
ENSG00000223350	22	22697539	22698084
ENSG00000237831	10	5091004	5093862
ENSG00000225498	7	89941810	89951906
ENSG00000211647	22	22707289	22707781
ENSG00000239142	10	5135600	5135735
ENSG00000273299	7	90032748	90142705
ENSG00000260221	HSCHR6_MHC_SSTO	29764890	29766920
ENSG00000251154	7	90099101	90118278
ENSG00000223969	7	90219933	90226667
ENSG00000225418	10	5164279	5177418
ENSG00000166800	11	18477371	18501147
ENSG00000244429	3	166011544	166012141
ENSG00000233049	HSCHR6_MHC_MANN	30665566	30685513
ENSG00000211648	22	22712087	22712608
ENSG00000244321	3	166287481	166288551
ENSG00000141469	18	43304092	43332485
ENSG00000203797	6	110712974	110736765
ENSG00000183092	14	101003486	101053750
ENSG00000271263	3	166325031	166325361
ENSG00000211649	22	22723982	22724454
ENSG00000251759	3	166387817	166387910
ENSG00000227326	HSCHR6_MHC_SSTO	29767670	29768466
ENSG00000224962	3	166408975	166409503
ENSG00000136110	13	53277399	53313947
ENSG00000132749	11	68474908	68519032
ENSG00000165194	X	99546642	99665271
ENSG00000005001	16	2902728	2908171
ENSG00000240458	3	166439246	166439398
ENSG00000211650	22	22730355	22730874
ENSG00000231516	3	166528797	166529355
ENSG00000229499	HSCHR6_MHC_SSTO	29777040	29777171
ENSG00000230504	HSCHR6_MHC_SSTO	29791856	29792836
ENSG00000204930	9	35816388	35828744
ENSG00000240033	3	166552809	166562744
ENSG00000211651	22	22735135	22735715
ENSG00000239227	3	166579732	166579898
ENSG00000169372	12	94071151	94288616
ENSG00000236642	HSCHR6_MHC_SSTO	29816325	29816469
ENSG00000215922	3	166743201	166743287
ENSG00000160224	21	45705721	45718531
ENSG00000072657	12	72481046	73059422
ENSG00000130779	12	122755979	122907179
ENSG00000220343	3	166783553	166784113
ENSG00000211652	22	22749356	22749827
ENSG00000226736	HSCHR6_MHC_SSTO	29845570	29846532
ENSG00000100385	22	37521878	37571094
ENSG00000149541	11	62382768	62389647
ENSG00000237218	HSCHR6_MHC_SSTO	29846028	29848744
ENSG00000054598	6	1610681	1614127
ENSG00000251909	10	5237847	5237936
ENSG00000228291	10	5249132	5249705
ENSG00000113356	5	89767565	89810370
ENSG00000231039	10	5276321	5305371
ENSG00000224034	10	5307996	5313199
ENSG00000211653	22	22764098	22764614
ENSG00000198865	5	42756903	42802462
ENSG00000148297	9	136205160	136214986
ENSG00000211654	22	22781876	22782371
ENSG00000088992	12	117476728	117537284
ENSG00000166295	10	73975787	73995618
ENSG00000211655	22	22786296	22786802
ENSG00000168828	9	35869375	35870461
ENSG00000184544	17	9674751	9694614
ENSG00000224693	HSCHR6_MHC_SSTO	29854817	29855948
ENSG00000215267	10	5317136	5330433
ENSG00000196196	9	35906189	35907138
ENSG00000229364	HSCHR6_MHC_SSTO	29864710	29865076
ENSG00000148828	GL000228.1	30530	32226
ENSG00000123636	2	160175490	160473203
ENSG00000230509	HSCHR6_MHC_DBB	30309450	30309584
ENSG00000127377	7	151125921	151137899
ENSG00000257334	HSCHR6_MHC_DBB	30314268	30314355
ENSG00000235561	HSCHR6_MHC_DBB	30317313	30317946
ENSG00000157999	7	6071007	6076017
ENSG00000122718	9	35957105	35958151
ENSG00000198477	22	22838767	22863505
ENSG00000239156	GL000228.1	20113	20230
ENSG00000232473	HSCHR6_MHC_DBB	30321145	30322313
ENSG00000238762	GL000228.1	22673	22791
ENSG00000185900	8	42948658	42978577
ENSG00000206430	HSCHR6_MHC_QBL	31546917	31551005
ENSG00000243641	9	36002906	36003864
ENSG00000257394	HSCHR6_MHC_DBB	30322512	30322635
ENSG00000257862	HSCHR6_MHC_DBB	30326212	30326320
ENSG00000258110	HSCHR6_MHC_DBB	30340558	30340642
ENSG00000223860	HSCHR6_MHC_SSTO	29865950	29866812
ENSG00000162076	16	2933187	2949383
ENSG00000257369	HSCHR6_MHC_DBB	30350525	30350612
ENSG00000074319	11	18489883	18548779
ENSG00000236033	HSCHR6_MHC_SSTO	29884113	29885103
ENSG00000257485	HSCHR6_MHC_DBB	30351040	30351127
ENSG00000136099	13	53418109	53422775
ENSG00000229959	HSCHR6_MHC_SSTO	29884589	29887366
ENSG00000229651	HSCHR6_MHC_DBB	30372753	30377357
ENSG00000004809	6	110745890	110797844
ENSG00000258924	17	26684670	26708716
ENSG00000117682	1	26758773	26797785
ENSG00000143514	1	223967601	224033674
ENSG00000169548	22	22868060	22874613
ENSG00000264302	17	26687677	26687757
ENSG00000265618	17	26688623	26689881
ENSG00000204179	10	46549955	46641045
ENSG00000241669	3	167110584	167126307
ENSG00000264098	17	26729128	26731067
ENSG00000257340	HSCHR6_MHC_DBB	30415019	30415142
ENSG00000241120	3	167412143	167412430
ENSG00000122707	9	36036430	36124448
ENSG00000103510	16	31127075	31142714
ENSG00000133466	22	37576207	37595425
ENSG00000236706	HSCHR6_MHC_SSTO	29890476	29890660
ENSG00000236369	HSCHR6_MHC_DBB	30424510	30426052
ENSG00000242924	3	167582561	167594705
ENSG00000272325	6	34247456	34360451
