ENSG00000263525	8	122555137	122555235
ENSG00000244083	4	123736926	123737272
ENSG00000201288	3	126959811	126959917
ENSG00000177504	X	8137989	8139308
ENSG00000207023	6	74173796	74173900
ENSG00000262298	17	55017293	55018636
ENSG00000206614	5	168979453	168979559
ENSG00000215900	1	31567834	31568405
ENSG00000183909	15	102467008	102467910
ENSG00000199132	X	133674371	133674461
ENSG00000264609	6	74186781	74186865
ENSG00000237013	2	68023186	68052694
ENSG00000235522	2	106462990	106473633
ENSG00000253321	5	89648854	89652426
ENSG00000253069	4	123748169	123748245
ENSG00000206878	1	228788183	228788307
ENSG00000253269	5	169199970	169206369
ENSG00000271986	6	74197315	74197600
ENSG00000181325	11	56507655	56508572
ENSG00000248690	8	122651533	122656933
ENSG00000207755	X	133674538	133674637
ENSG00000262623	17	55029025	55029765
ENSG00000240775	4	123761498	123761845
ENSG00000261018	9	136476920	136498221
ENSG00000239620	3	127002924	127003524
ENSG00000230515	2	7811735	7812377
ENSG00000223821	6	74201748	74202465
ENSG00000234975	1	228823162	228823574
ENSG00000200662	X	102411048	102411139
ENSG00000245750	15	69755365	69863775
ENSG00000201330	6	29550026	29550109
ENSG00000144559	3	11831916	11888393
ENSG00000273007	4	123803033	123805867
ENSG00000207784	X	133675371	133675467
ENSG00000248893	15	102495088	102496615
ENSG00000244215	3	127041150	127109513
ENSG00000252264	8	14176964	14177025
ENSG00000233205	2	88272175	88272601
ENSG00000248923	5	134260338	134262149
ENSG00000238451	5	70384459	70384562
ENSG00000231301	6	29550285	29550802
ENSG00000229862	6	74233341	74280319
ENSG00000231731	2	128221218	128263373
ENSG00000233071	X	102460938	102461827
ENSG00000208317	1	173834760	173834824
ENSG00000251634	5	70398725	70424580
ENSG00000225142	1	31581035	31581470
ENSG00000258035	12	94561782	94579820
ENSG00000228736	HSCHR6_MHC_MCF	33429778	33437523
ENSG00000111615	12	75890684	75905416
ENSG00000263120	17	55060110	55062465
ENSG00000252231	1	173890208	173890338
ENSG00000216154	4	123928727	123928818
ENSG00000217648	6	143663383	143664520
ENSG00000247627	5	134262350	134263726
ENSG00000254825	11	56518499	56519378
ENSG00000271475	1	228912059	228912612
ENSG00000223749	X	133677367	133680741
ENSG00000272566	4	190625035	190625644
ENSG00000260763	5	4436963	4440372
ENSG00000200755	1	173938456	173938574
ENSG00000223967	6	74236467	74236602
ENSG00000265809	17	55080344	55080444
ENSG00000271399	1	228993757	228994303
ENSG00000250322	4	124181104	124181273
ENSG00000235238	6	29603837	29604120
ENSG00000229840	1	229177918	229178338
ENSG00000258172	12	94665926	94670971
ENSG00000236535	1	173978405	173985344
ENSG00000223224	16	71792305	71792390
ENSG00000218459	6	74328069	74328320
ENSG00000261192	17	55122839	55124158
ENSG00000202215	4	190630693	190630868
ENSG00000206950	8	14190064	14190172
ENSG00000270655	6	143707718	143708546
ENSG00000231289	1	143243809	143244859
ENSG00000267609	19	16145586	16147347
ENSG00000198868	5	134263720	134264016
ENSG00000181296	11	56542737	56543682
ENSG00000262140	16	71867690	71869835
ENSG00000252035	8	14345285	14345388
ENSG00000244391	12	94754996	94755300
ENSG00000174672	11	1411129	1483919
ENSG00000225756	9	136519708	136522435
ENSG00000228694	10	36723638	36724102
ENSG00000249125	4	124411423	124443261
ENSG00000224977	1	173991647	173992123
ENSG00000235968	2	68250826	68251898
ENSG00000231652	6	74403626	74405854
ENSG00000245685	4	190701490	190861426
ENSG00000233916	6	29675902	29676324
ENSG00000213250	12	94817520	94818745
ENSG00000084674	2	21224301	21266945
ENSG00000260871	5	89684285	89685180
ENSG00000263831	5	169455492	169455570
ENSG00000224692	X	102513500	102514509
ENSG00000235576	2	7865932	7870836
ENSG00000229447	1	31736092	31736528
ENSG00000236975	1	229228562	229230652
ENSG00000255485	11	56557682	56558441
ENSG00000223735	11	5336002	5336914
ENSG00000255385	11	89433932	89434493
ENSG00000234162	2	106575540	106578462
ENSG00000251526	4	124426434	124448680
ENSG00000218896	6	143757353	143757847
ENSG00000267450	19	16162739	16163499
ENSG00000229420	1	143245164	143245590
ENSG00000254209	8	122684013	122696802
ENSG00000236259	2	68352397	68352879
ENSG00000253219	5	169567668	169568944
ENSG00000225713	1	174059274	174059612
ENSG00000225864	6	29690758	29691748
ENSG00000261765	16	71915456	71916176
ENSG00000234654	1	143245823	143246210
ENSG00000257400	12	94885322	94890218
ENSG00000233920	1	229359208	229363309
ENSG00000223203	6	143770946	143771048
ENSG00000255486	11	89456650	89460421
ENSG00000253900	5	70428820	70429114
ENSG00000163257	4	17802278	17812381
ENSG00000248478	8	122691366	122719871
ENSG00000248973	5	4452043	4866334
ENSG00000237002	10	36727544	36731320
ENSG00000244091	12	94909252	94909536
ENSG00000261337	16	71952815	71959638
ENSG00000267517	19	16176547	16177122
ENSG00000205642	X	8432871	8434550
ENSG00000238979	2	88310621	88310721
ENSG00000217268	6	74714236	74714528
ENSG00000263963	5	134263729	134263802
ENSG00000177788	1	229394028	229406775
ENSG00000225010	1	143342844	143343247
ENSG00000258357	12	94914866	94915645
ENSG00000249464	4	124571422	124851561
ENSG00000214922	6	29694378	29716826
ENSG00000254018	8	122896963	122916512
ENSG00000256225	9	136627017	136628425
ENSG00000205025	11	56569332	56587184
ENSG00000225397	X	52751387	52751573
ENSG00000273275	2	68406965	68407664
ENSG00000229036	6	143806116	143828464
ENSG00000229644	10	36810649	36813162
ENSG00000249192	5	134264083	134264217
ENSG00000172732	11	65624597	65635124
ENSG00000267373	19	16214571	16215064
ENSG00000236349	12	94942017	94943312
ENSG00000112079	6	36461669	36515247
ENSG00000236359	11	5351822	5352590
ENSG00000254303	8	122966879	123139423
ENSG00000259553	15	102500051	102501611
ENSG00000231945	HSCHR6_MHC_SSTO	31735249	31752710
ENSG00000266024	4	190739823	190739892
ENSG00000229044	1	31805914	31819646
ENSG00000240524	1	229406674	229407346
ENSG00000255540	11	89464185	89467950
ENSG00000232571	1	143343559	143344609
ENSG00000264016	17	10644584	10672333
ENSG00000249601	5	169618583	169626145
ENSG00000233339	2	106795998	106800253
ENSG00000227373	1	174084438	174129142
ENSG00000269243	19	16234471	16250702
ENSG00000250666	4	190802670	190806023
ENSG00000229826	X	52764990	52765196
ENSG00000237481	1	229455150	229458834
ENSG00000253814	8	123103719	123103848
ENSG00000215630	5	70435716	70585611
ENSG00000232979	2	7875776	7875914
ENSG00000215899	1	31960436	31961777
ENSG00000252506	1	229518875	229518935
ENSG00000255364	8	123426571	123440790
ENSG00000263415	8	14372250	14372374
ENSG00000222724	2	88315873	88316066
ENSG00000206981	1	31970419	31970525
ENSG00000213295	2	106863825	106864197
ENSG00000223786	6	74779167	75400443
ENSG00000252051	1	229546247	229546514
ENSG00000266099	12	94955565	94955635
ENSG00000255365	8	14547891	14548128
ENSG00000207271	10	36914943	36915066
ENSG00000249462	4	190894754	190895002
ENSG00000228682	1	31971841	31974167
ENSG00000255325	8	123497754	123502054
ENSG00000230331	1	229560767	229561397
ENSG00000238127	X	52777574	52779905
ENSG00000255647	5	89705817	89706485
ENSG00000271307	4	190901057	190901762
ENSG00000238176	10	37229037	37232860
ENSG00000267033	19	16297087	16300269
ENSG00000199127	8	14710947	14711019
ENSG00000223907	1	31984036	31989846
ENSG00000223373	2	213775727	213784533
ENSG00000257847	12	94984597	94984869
ENSG00000234376	11	89485953	89487143
ENSG00000241847	6	143811652	143812504
ENSG00000255433	11	56615954	56645554
ENSG00000233313	10	77036134	77036404
ENSG00000230087	11	5375922	5376808
ENSG00000253819	8	123682624	123706345
ENSG00000107821	10	102821598	102827888
ENSG00000255076	8	14736566	14737328
ENSG00000235106	9	136890561	136899788
ENSG00000229167	1	32037186	32041174
ENSG00000238872	1	174169267	174169368
ENSG00000159592	1	46092976	46153785
ENSG00000266354	2	213790981	213791060
ENSG00000231291	5	4512375	4516889
ENSG00000226710	HSCHR6_MHC_COX	31789757	31794910
ENSG00000267275	19	16394170	16435325
ENSG00000217178	6	74991982	74992376
ENSG00000266125	1	174317403	174317493
ENSG00000233533	10	37233039	37233666
ENSG00000237905	HSCHR6_MHC_QBL	29756937	29757911
ENSG00000238901	8	123683530	123683633
ENSG00000216306	12	95227923	95228934
ENSG00000254971	11	89487150	89488121
ENSG00000270659	2	214017694	214018383
ENSG00000238049	X	102602390	102602657
ENSG00000237317	1	174336243	174337177
ENSG00000270087	10	77039484	77161004
ENSG00000181282	11	56738325	56739621
ENSG00000189127	5	79852574	79866307
ENSG00000202429	2	128229810	128229991
ENSG00000235740	6	143875462	143883168
ENSG00000259457	15	69857063	69858129
ENSG00000236248	11	5383845	5384079
ENSG00000272243	6	75239964	75443995
ENSG00000263443	8	123712508	123715662
ENSG00000239257	6	29694446	29694916
ENSG00000242569	1	143347958	143376829
ENSG00000272789	2	128383572	128384423
ENSG00000226920	1	229576031	229576767
ENSG00000249368	8	15182805	15183078
ENSG00000255170	11	89498052	89498306
ENSG00000223828	1	174725988	174726257
ENSG00000249082	5	134374528	134375737
ENSG00000236193	2	214020530	214032436
ENSG00000236518	X	52799880	52800150
ENSG00000251297	4	190903678	190906026
ENSG00000079435	19	42905659	42931578
ENSG00000255083	11	56785575	56786361
ENSG00000225355	10	37283951	37284513
ENSG00000235165	8	123781513	123782389
ENSG00000232622	1	85101841	85102789
ENSG00000223635	1	229644248	229650019
ENSG00000250274	5	169735705	169739720
ENSG00000243745	19	16509477	16509770
ENSG00000270890	6	144179199	144179826
ENSG00000273340	6	29709508	29716746
ENSG00000204456	11	89499608	89502004
ENSG00000120279	6	153019030	153045702
ENSG00000206796	10	37424165	37424271
ENSG00000259641	15	69884468	69988089
ENSG00000272519	2	214131719	214140876
ENSG00000273228	11	56796883	56797197
ENSG00000236357	3	175785830	175786696
ENSG00000240418	19	16523495	16524387
ENSG00000231378	1	174818805	174819306
ENSG00000199672	1	229670811	229670936
ENSG00000248424	11	5451883	5452832
ENSG00000226867	X	52810501	52814830
ENSG00000218483	6	75320165	75320431
ENSG00000217231	6	144357755	144358841
ENSG00000265003	2	88382038	88382118
ENSG00000198561	11	57520715	57587018
ENSG00000234918	10	37529815	37530977
ENSG00000234438	15	65369154	65372276
ENSG00000201470	2	128556477	128556572
ENSG00000223428	10	77048091	77048440
ENSG00000201492	1	229685652	229685769
ENSG00000235790	1	32109650	32125539
ENSG00000224196	11	56804912	56805009
ENSG00000226655	4	124666078	124666828
ENSG00000196096	2	214141276	214148929
ENSG00000200390	2	128587321	128587426
ENSG00000234405	X	102752451	102755245
ENSG00000224061	2	106869687	106870173
ENSG00000229367	1	229706279	229706543
ENSG00000260638	HSCHR6_MHC_QBL	29765389	29767393
ENSG00000272384	8	123792210	123793069
ENSG00000265734	2	214622791	214622883
ENSG00000160606	17	27051366	27054953
ENSG00000228489	4	124666905	124667381
ENSG00000236797	10	77142151	77142602
ENSG00000235172	5	169758433	169760883
ENSG00000272676	11	56812566	56812865
ENSG00000224583	6	75352100	75361718
ENSG00000266568	X	102873433	102873502
ENSG00000202012	2	88529088	88529183
ENSG00000256014	6	144438986	144439062
ENSG00000229405	2	7876569	7877226
ENSG00000237249	1	174861554	174862292
ENSG00000254751	11	89510149	89515545
ENSG00000223214	8	15379393	15379475
ENSG00000213028	1	229824746	229825651
ENSG00000197585	2	215114764	215548970
ENSG00000249514	5	90326807	90327124
ENSG00000250458	4	124783015	124783170
ENSG00000272043	8	123792999	123793310
ENSG00000240800	10	37537046	37604729
ENSG00000224031	X	102881004	102881420
ENSG00000238870	15	70023079	70023161
ENSG00000264884	6	75429462	75429559
ENSG00000273255	11	56823062	56823607
ENSG00000229885	X	52830424	52830553
ENSG00000219297	6	144457587	144457912
ENSG00000215958	15	70077754	70077843
ENSG00000253372	8	123819985	123828756
ENSG00000219736	6	75558793	75560200
ENSG00000225984	1	229840981	229841608
ENSG00000246922	15	65385338	65407535
ENSG00000254662	11	57093077	57095432
ENSG00000251899	1	85258751	85258882
ENSG00000248423	8	15546423	15547071
ENSG00000137393	6	18368779	18469105
ENSG00000259496	15	70095655	70096385
ENSG00000270081	2	128601127	128603261
ENSG00000223525	1	174866095	174867133
ENSG00000266110	1	85599477	85599556
ENSG00000213917	2	215145362	215146176
ENSG00000238692	11	57096333	57096435
ENSG00000202532	2	128602810	128602915
ENSG00000223254	1	85729979	85730085
ENSG00000225793	6	75994730	76006719
ENSG00000259309	15	70113095	70115195
ENSG00000248753	5	134456216	134475371
ENSG00000180284	X	102906663	102907034
ENSG00000266018	11	57127196	57127295
ENSG00000235869	1	174891244	174891577
ENSG00000221542	8	123858930	123859018
ENSG00000217027	6	144521584	144522102
ENSG00000244563	2	128604310	128604658
ENSG00000249890	4	69887374	69888058
ENSG00000250484	4	124983617	124984145
ENSG00000244402	10	37586326	37586615
ENSG00000223653	1	85742398	85913807
ENSG00000221619	2	88594111	88594198
ENSG00000227043	1	230011297	230021499
ENSG00000252070	11	57217656	57217772
ENSG00000259631	8	123989266	123997869
ENSG00000230484	11	5489716	5490652
ENSG00000248482	5	134460070	134466939
ENSG00000216115	2	68457058	68457147
ENSG00000212930	5	90519236	90519784
ENSG00000222998	11	57219163	57219495
ENSG00000251371	5	4640844	4648367
ENSG00000259703	15	70127573	70135459
ENSG00000258597	14	94830053	94833039
ENSG00000253607	8	124014800	124042991
ENSG00000154065	18	21178890	21242849
ENSG00000255162	11	89519113	89521006
ENSG00000267703	19	16551757	16554395
ENSG00000264078	1	32110295	32114972
ENSG00000273064	2	68480002	68480980
ENSG00000199572	4	190936293	190936410
ENSG00000239049	2	88606879	88606982
ENSG00000255301	11	57243966	57245007
ENSG00000240106	19	16650499	16650795
ENSG00000237149	10	77160759	77168738
ENSG00000250483	8	15663658	15664792
ENSG00000227758	6	29716066	29716290
ENSG00000256357	14	94896970	94931067
ENSG00000216475	6	144578170	144578760
ENSG00000251093	5	90522292	90522888
ENSG00000215549	13	26442061	26455095
ENSG00000201145	4	190938851	190938969
ENSG00000199678	8	124056957	124057052
ENSG00000230353	2	106905259	106905509
ENSG00000221443	2	68500236	68500338
ENSG00000225968	7	1727755	1787590
ENSG00000266580	1	32224261	32224336
ENSG00000228058	1	230138477	230142909
ENSG00000264380	1	85750293	85750356
ENSG00000250919	4	69893549	69910296
ENSG00000203489	6	76028817	76029696
ENSG00000269399	19	16653434	16655625
ENSG00000197475	8	39308564	39380371
ENSG00000224807	4	190942562	190943820
ENSG00000253463	8	124135346	124135922
ENSG00000203395	2	68588346	68592716
ENSG00000199290	6	29718148	29718249
ENSG00000258805	14	95100042	95100861
ENSG00000109805	4	17812525	17846485
ENSG00000272619	7	143060992	143061322
ENSG00000251995	11	57278032	57278117
ENSG00000199459	1	85900858	85900967
ENSG00000255285	11	89522580	89522901
ENSG00000185596	15	102501356	102516768
ENSG00000254545	1	32254731	32256923
ENSG00000235821	6	29718506	29718925
ENSG00000250053	4	190959071	190959554
ENSG00000253647	5	169816497	169849848
ENSG00000249837	4	125070532	125173199
ENSG00000268344	13	26452422	26452679
ENSG00000273264	1	85932978	85933343
ENSG00000229531	1	174904084	174923398
ENSG00000240371	11	57343765	57344553
ENSG00000232533	7	143076785	143077588
ENSG00000268309	19	16662584	16663139
ENSG00000250946	11	89553250	89560090
ENSG00000203620	1	32307620	32321169
ENSG00000207965	15	70371711	70371807
ENSG00000224622	12	55552631	55553507
ENSG00000253858	5	169910810	169913411
ENSG00000225311	6	144632835	144654437
ENSG00000272691	1	86044183	86044425
ENSG00000249647	5	134571924	134583869
ENSG00000233113	HSCHR6_MHC_QBL	29768168	29768964
ENSG00000231154	X	102942212	102946700
ENSG00000226506	2	8026901	8039786
ENSG00000180730	13	26618735	26625169
ENSG00000211525	1	230184929	230184997
ENSG00000229462	2	68672842	68676306
ENSG00000269085	19	16676362	16677141
ENSG00000200216	15	70485575	70485683
ENSG00000272236	6	29719742	29719984
ENSG00000199934	1	86057963	86058039
ENSG00000265334	17	29161343	29190046
ENSG00000248506	4	125356905	125358275
ENSG00000272667	2	128644130	128644759
ENSG00000269967	1	32317514	32387442
ENSG00000219409	6	144719095	144719888
ENSG00000227006	1	230394440	230404229
ENSG00000146469	6	153071933	153080900
ENSG00000227423	12	55587666	55588570
ENSG00000230285	1	86064814	86066417
ENSG00000232508	2	88664214	88665127
ENSG00000259252	15	70487977	70490848
ENSG00000270896	6	29731035	29731169
ENSG00000221461	8	124192551	124192765
ENSG00000269578	19	16697716	16698796
ENSG00000237174	6	76066930	76096096
ENSG00000228634	1	32398621	32399576
ENSG00000204399	2	128688901	128689014
ENSG00000226836	8	15800634	15801041
ENSG00000240813	17	10648870	10649860
ENSG00000269360	15	93749295	93751277
ENSG00000205971	7	1732446	1733961
ENSG00000253258	8	124193878	124195028
ENSG00000201620	1	86349363	86349481
ENSG00000252659	12	120751041	120751144
ENSG00000268087	19	16721222	16747342
ENSG00000213451	12	55656323	55657215
ENSG00000252552	1	174965661	174965766
ENSG00000229153	7	143104906	143220542
ENSG00000203325	1	32517892	32539075
ENSG00000253591	5	170066162	170108441
ENSG00000229505	1	86495537	86496272
ENSG00000259503	15	70613915	70619081
ENSG00000269427	19	16741554	16754753
ENSG00000206659	1	174991615	174991716
ENSG00000212190	17	29188861	29188956
ENSG00000253410	8	124205115	124205172
ENSG00000224257	2	215374920	215401614
ENSG00000181126	6	29758731	29765588
ENSG00000214525	2	68755373	68756584
ENSG00000217195	6	145027869	145028183
ENSG00000199643	5	90566544	90566684
ENSG00000224407	1	230416058	230417639
ENSG00000231349	1	86869859	86870549
ENSG00000181101	1	175013762	175014784
ENSG00000261971	16	3101992	3109371
ENSG00000263531	17	29190939	29191958
ENSG00000259473	15	70796246	70798267
ENSG00000250232	X	48929385	48937546
ENSG00000252513	Y	19900883	19901042
ENSG00000266203	1	32552550	32552608
ENSG00000220739	6	145029242	145029633
ENSG00000166013	11	89575165	89584138
ENSG00000254602	11	57405497	57420263
ENSG00000185044	1	143354963	143467632
ENSG00000233939	2	106921211	106921653
ENSG00000203257	1	230451438	230451976
ENSG00000249521	5	4773594	4774978
ENSG00000011201	X	8496915	8700227
ENSG00000230113	17	29283298	29283979
ENSG00000259227	15	70894463	70894855
ENSG00000205331	12	55677534	55706860
ENSG00000250135	1	32636334	32642169
ENSG00000239881	12	120807243	120809491
ENSG00000269044	19	16744614	16746080
ENSG00000177261	2	215562451	215562788
ENSG00000214273	4	190962497	190964569
ENSG00000148513	10	37414785	37673039
ENSG00000230687	1	175172364	175173985
ENSG00000221796	6	145669894	145669985
ENSG00000259532	15	71041271	71046516
ENSG00000101222	20	3758151	3762095
ENSG00000221332	6	76108577	76108783
ENSG00000221392	X	103065314	103065438
ENSG00000227513	2	106961022	106961889
ENSG00000204949	8	124213412	124214983
ENSG00000232964	1	230728406	230731329
ENSG00000266274	17	29286583	29286867
ENSG00000224295	11	5539671	5546185
ENSG00000234044	2	128824768	128824981
ENSG00000263533	6	76138123	76138189
ENSG00000222419	X	103105726	103105840
ENSG00000201119	6	145784374	145784535
ENSG00000265743	17	29291953	29292518
ENSG00000233946	1	175266216	175266376
ENSG00000249003	4	190979057	190984160
ENSG00000155849	7	36893961	37488852
ENSG00000234066	7	143134127	143135066
ENSG00000224466	1	87018308	87019025
ENSG00000235817	1	230747755	230748158
ENSG00000234292	5	90575914	90576959
ENSG00000238156	6	76164660	76168616
ENSG00000231787	X	103159243	103159675
ENSG00000267904	19	16750778	16751479
ENSG00000229682	2	106984665	106985332
ENSG00000217612	6	145810766	145813228
ENSG00000259624	15	71060350	71071207
ENSG00000229267	2	215674953	215827998
ENSG00000224066	1	32670370	32672415
ENSG00000248311	5	4775589	4805882
ENSG00000247763	5	43231914	43233275
ENSG00000224964	Y	19909863	19912576
ENSG00000236915	1	87036864	87158886
ENSG00000269419	19	16823128	16823245
ENSG00000248565	4	125384018	125384945
ENSG00000198954	10	70748487	70776738
ENSG00000204455	11	89586008	89596061
ENSG00000259452	15	71083352	71083825
ENSG00000171467	6	43274872	43337216
ENSG00000224355	HSCHR6_MHC_QBL	29777533	29777664
ENSG00000236853	7	143185582	143186495
ENSG00000217680	6	76174839	76175286
ENSG00000230307	12	55705619	55706541
ENSG00000248467	5	4831812	4849913
ENSG00000260990	1	175276354	175304595
ENSG00000208009	11	57408671	57408759
ENSG00000221407	4	190981535	190981630
ENSG00000266114	17	10695376	10698302
ENSG00000253029	2	88667312	88667381
ENSG00000253648	8	15830824	15857833
ENSG00000263004	17	55155659	55162385
ENSG00000258475	4	190986388	190987069
ENSG00000244137	1	230846444	230931238
ENSG00000213592	11	57485516	57486002
ENSG00000270021	5	134734970	134736986
ENSG00000235665	2	8062556	8418214
ENSG00000253348	5	170174051	170215654
ENSG00000221702	1	87071953	87072040
ENSG00000266324	8	124228028	124228103
ENSG00000225023	HSCHR6_MHC_QBL	29792350	29793328
ENSG00000234345	X	103165225	103166272
ENSG00000068394	X	48970334	48980151
ENSG00000263429	17	10698230	10707416
ENSG00000229977	7	143229842	143230257
ENSG00000261083	4	125421097	125479589
ENSG00000229695	2	43907604	43908761
ENSG00000249633	11	5548507	5549404
ENSG00000268632	15	42073346	42076229
ENSG00000235628	1	175507911	175525954
ENSG00000226011	Y	19921687	19937209
ENSG00000207274	2	215711671	215711805
ENSG00000178233	6	44238203	44275243
ENSG00000208038	12	95228174	95228289
ENSG00000243498	8	124249092	124249302
ENSG00000235420	15	71088936	71095027
ENSG00000266309	2	88673658	88673758
ENSG00000235138	9	136919412	136923927
ENSG00000255303	11	57633770	57634751
ENSG00000230076	2	215711852	215712169
ENSG00000248763	4	69932113	69935606
ENSG00000263089	17	55169506	55173786
ENSG00000257757	12	55736625	55737558
ENSG00000176998	6	29758816	29760850
ENSG00000263779	1	230865626	230865915
ENSG00000257121	12	95494307	95494821
ENSG00000168005	11	63580860	63595190
ENSG00000250537	4	190988796	190990406
ENSG00000201291	6	76183454	76183610
ENSG00000253951	8	16133190	16133805
ENSG00000224718	1	175846479	175849604
ENSG00000261604	5	43287703	43290941
ENSG00000270638	6	146056706	146058354
ENSG00000197535	15	52599480	52821247
ENSG00000249941	5	4866634	4874872
ENSG00000263902	17	55489272	55489562
ENSG00000202063	1	230955996	230956104
ENSG00000229877	7	143242279	143243828
ENSG00000237774	12	95519536	95520165
ENSG00000174611	3	134321980	134370478
ENSG00000219722	6	76209421	76209852
ENSG00000200432	2	128825374	128825475
ENSG00000201297	4	126283974	126284084
ENSG00000227769	2	215886722	215906980
ENSG00000266100	17	55599609	55600958
ENSG00000225656	1	230959387	230960453
ENSG00000222607	8	124275083	124275189
ENSG00000264856	2	128879655	128879963
ENSG00000220785	1	32697259	32707221
ENSG00000248323	5	90598846	90610219
ENSG00000250149	4	126597873	126673948
ENSG00000251506	5	4967877	4970538
ENSG00000238422	8	124278882	124278985
ENSG00000153923	1	87099956	87121059
ENSG00000227740	1	175873898	175889649
ENSG00000270828	6	146058047	146058309
ENSG00000202470	12	95669546	95669648
ENSG00000229173	2	128897366	128898090
ENSG00000223393	1	231010592	231014761
ENSG00000261548	6	29768192	29770202
ENSG00000251436	4	126602332	126604823
ENSG00000263499	17	55678217	55685773
ENSG00000263508	17	10752858	10784212
ENSG00000127870	13	26706253	26796791
ENSG00000235486	2	106986180	106994703
ENSG00000252490	2	43999259	43999489
ENSG00000271525	9	136944026	136944566
ENSG00000253336	8	124300595	124302743
ENSG00000257666	12	95680094	95680614
ENSG00000230777	1	175891111	175891281
ENSG00000200924	2	44119829	44119935
ENSG00000269881	16	299546	319942
ENSG00000220730	6	76295838	76296177
ENSG00000231728	X	103172005	103174131
ENSG00000242889	17	55695469	55695759
ENSG00000261888	17	81061205	81063860
ENSG00000235652	6	146136048	146207721
ENSG00000219391	2	44293033	44293293
ENSG00000237571	2	216139715	216142670
ENSG00000135540	6	138743180	139013708
ENSG00000238447	17	55762890	55762953
ENSG00000143845	1	204100190	204121307
ENSG00000236790	2	8147901	8523751
ENSG00000249555	4	126644422	126645372
ENSG00000252906	1	175937534	175937676
ENSG00000267539	15	71121469	71123745
ENSG00000240502	1	231029887	231030173
ENSG00000238663	2	216167489	216167587
ENSG00000203408	12	55770582	55771520
ENSG00000248553	11	5572892	5573793
ENSG00000265542	17	55849307	55912110
ENSG00000244501	5	170293839	170294146
ENSG00000252137	6	76302771	76302861
ENSG00000238985	1	231031178	231031250
ENSG00000228686	1	175986413	175987896
ENSG00000230695	2	216300976	216301715
ENSG00000252599	2	44381928	44382034
ENSG00000262898	17	81091900	81125376
ENSG00000134057	5	68462837	68474072
ENSG00000238261	1	143377281	143401533
ENSG00000253966	5	170323933	170331465
ENSG00000253934	8	16232127	16232591
ENSG00000251649	4	126991863	126993159
ENSG00000217488	6	76320674	76321661
ENSG00000252131	1	231124735	231124869
ENSG00000187008	16	71963441	72033877
ENSG00000249639	5	134786303	134794387
ENSG00000232253	HSCHR6_MHC_QBL	29817101	29817229
ENSG00000236021	1	176176784	176198466
ENSG00000222976	17	55866810	55867093
ENSG00000251284	4	69990992	69992169
ENSG00000188850	5	43336266	43348818
ENSG00000225166	2	216318430	216328594
ENSG00000221290	1	231155574	231155670
ENSG00000256695	12	120827349	120833797
ENSG00000230419	HSCHR6_MHC_QBL	29846367	29847335
ENSG00000259744	15	71141222	71142109
ENSG00000187103	6	146492451	146492983
ENSG00000142731	4	128802016	128820350
ENSG00000262952	17	81159765	81168959
ENSG00000273249	9	136997364	137000894
ENSG00000252297	8	124354654	124354759
ENSG00000213880	6	29770972	29771768
ENSG00000232463	1	176200336	176200966
ENSG00000252498	6	76353800	76353893
ENSG00000251005	4	127027294	127028078
ENSG00000264914	17	55989694	55999942
ENSG00000227934	1	231157357	231157929
ENSG00000207704	8	124360274	124360370
ENSG00000106565	7	150488373	150498448
ENSG00000200091	6	76364686	76365015
ENSG00000227296	HSCHR6_MHC_QBL	29846825	29849546
ENSG00000228618	2	216341390	216344971
ENSG00000253184	8	16461764	16522388
ENSG00000219355	12	120888240	120888606
ENSG00000222971	6	146661556	146661660
ENSG00000233606	12	55782229	55783158
ENSG00000240935	2	106998562	107010027
ENSG00000259470	15	71151053	71152501
ENSG00000252156	6	76477776	76477875
ENSG00000237042	6	29780342	29780473
ENSG00000254388	8	124364421	124364883
ENSG00000216811	6	146686067	146686630
ENSG00000229595	1	231253577	231254071
ENSG00000163611	3	113161565	113234034
ENSG00000223169	6	76574956	76575052
ENSG00000230312	X	103182679	103183597
ENSG00000234938	2	216395170	216410249
ENSG00000253025	1	176212998	176213165
ENSG00000229142	6	29795162	29796141
ENSG00000248008	12	120928131	120933743
ENSG00000232101	2	128908728	128908878
ENSG00000224637	2	44393405	44394082
ENSG00000256692	17	81165854	81165944
ENSG00000230708	HSCHR6_MHC_COX	32965679	32976889
ENSG00000239132	6	76575681	76575783
ENSG00000264112	17	56066400	56072211
ENSG00000227815	1	176241619	176242538
ENSG00000257414	12	55790124	55790481
ENSG00000168843	4	162305049	163085187
ENSG00000250100	4	69997069	70000532
ENSG00000200040	6	76638230	76638342
ENSG00000237468	6	146915652	146920067
ENSG00000253496	8	16534414	16772553
ENSG00000233265	6	29820140	29820268
ENSG00000228716	5	79922047	79950802
ENSG00000243496	HSCHR6_MHC_DBB	32758669	32762954
ENSG00000222652	6	76802551	76802657
ENSG00000230521	6	29855071	29856045
ENSG00000254294	8	124412822	124414335
ENSG00000262094	17	81168296	81175490
ENSG00000231049	11	5582197	5583147
ENSG00000221676	9	137029561	137029686
ENSG00000238697	6	77156705	77156806
ENSG00000235710	1	231319844	231323373
ENSG00000229758	2	128957475	128957769
ENSG00000242276	15	71355440	71356328
ENSG00000153214	2	112812800	112876895
ENSG00000236635	6	77232168	77303340
ENSG00000231020	1	176274808	176275231
ENSG00000237525	2	216397856	216578618
ENSG00000273106	2	44394764	44395998
ENSG00000212133	2	88683013	88683116
ENSG00000207465	6	146960836	146960905
ENSG00000206341	6	29855350	29858259
ENSG00000229552	HSCHR6_MHC_QBL	29855621	29856752
ENSG00000260831	X	103197629	103202112
ENSG00000225740	Y	19949081	19949408
ENSG00000272445	6	77267370	77267471
ENSG00000179899	12	55804263	55808633
ENSG00000228283	6	147123495	147124960
ENSG00000252395	2	88714417	88714523
ENSG00000223620	4	127484664	127485931
ENSG00000273473	9	137033891	137034462
ENSG00000222407	1	231417160	231417270
ENSG00000249492	5	43484061	43509458
ENSG00000227067	X	103216382	103216864
ENSG00000233646	11	5587908	5588846
ENSG00000231762	6	77370203	77372487
ENSG00000224291	2	88727597	88728134
ENSG00000259964	15	71439989	71481381
ENSG00000223982	1	231611702	231612034
ENSG00000142188	21	34804792	34852318
ENSG00000254113	8	124575310	124581002
ENSG00000236441	HSCHR6_MHC_QBL	29865581	29865947
ENSG00000225904	1	176336835	176337537
ENSG00000222601	12	120942374	120942462
ENSG00000232938	17	81174666	81188573
ENSG00000251840	8	124600999	124601286
ENSG00000140563	15	94774767	95023632
ENSG00000229138	Y	19993979	19995588
ENSG00000112081	6	36562145	36573377
ENSG00000237514	1	176585404	176585925
ENSG00000233320	X	103230535	103230898
ENSG00000199862	4	127949262	127949374
ENSG00000229411	HSCHR6_MHC_QBL	29866823	29867682
ENSG00000251427	4	70010452	70013389
ENSG00000239052	2	44466707	44466800
ENSG00000250945	4	127964585	127998917
ENSG00000223729	9	137185777	137187243
ENSG00000253286	8	124626465	124670810
ENSG00000269799	19	16912237	16912525
ENSG00000271945	6	77484700	77485577
ENSG00000226972	2	44497760	44498245
ENSG00000220391	HSCHR6_MHC_QBL	29883750	29886203
ENSG00000268743	19	16954836	16957284
ENSG00000239921	3	127199533	127255655
ENSG00000243708	15	42120283	42140345
ENSG00000233461	1	231658134	231664302
ENSG00000227981	2	216444130	216447358
ENSG00000128000	19	40534167	40562116
ENSG00000219253	6	78205836	78206388
ENSG00000252896	2	45009185	45009269
ENSG00000231130	6	29864431	29865563
ENSG00000264092	8	16720709	16721005
ENSG00000264250	19	17018272	17018531
ENSG00000266811	1	143424141	143424215
ENSG00000253213	5	170678870	170679986
ENSG00000224526	HSCHR6_MHC_QBL	29885447	29888221
ENSG00000229534	11	5592477	5593422
ENSG00000263595	19	17021303	17021594
ENSG00000249855	5	43495175	43496556
ENSG00000241030	12	120960467	120961246
ENSG00000249258	8	16988690	17007298
ENSG00000272302	1	143437327	143437409
ENSG00000233452	6	147163037	147525750
ENSG00000268985	19	17119999	17124270
ENSG00000254000	8	124936999	124938173
ENSG00000240562	3	127208396	127209630
ENSG00000250481	5	4974803	5034380
ENSG00000263897	9	137271257	137271318
ENSG00000226897	1	143498344	143517299
ENSG00000233677	6	29874320	29874686
ENSG00000252450	1	32752053	32752162
ENSG00000235946	X	103317106	103317601
ENSG00000117400	1	43803478	43818443
ENSG00000202609	1	176998499	176998581
ENSG00000259781	15	71457109	71457754
ENSG00000268289	19	17162804	17165897
ENSG00000250167	5	134895267	134970564
ENSG00000223795	9	137397318	137413288
ENSG00000261737	1	87169185	87170145
ENSG00000181171	8	124996378	125053023
ENSG00000233775	1	32814795	32816264
ENSG00000090470	15	65409717	65426174
ENSG00000214336	2	88747726	88752131
ENSG00000235963	6	29875560	29876422
ENSG00000269066	19	17206228	17210117
ENSG00000169515	19	46913629	46916841
ENSG00000222749	1	177155496	177155588
ENSG00000221413	3	127383547	127383653
ENSG00000235566	1	143527555	143533272
ENSG00000252932	6	78646918	78646988
ENSG00000235770	2	216476286	216708445
ENSG00000230721	1	87250596	87251150
ENSG00000229428	HSCHR6_MHC_QBL	29891332	29891516
ENSG00000252387	5	170710663	170710717
ENSG00000238603	1	143647014	143647177
ENSG00000224485	Y	20020635	20022686
ENSG00000259439	2	45147332	45166338
ENSG00000201210	3	127682451	127682567
ENSG00000268056	19	17263398	17278861
ENSG00000230309	6	79314184	79315753
ENSG00000224968	1	177320722	177335408
ENSG00000227262	6	29893760	29894750
ENSG00000196472	4	70047378	70048090
ENSG00000213393	5	170772347	170772634
ENSG00000222627	3	127793916	127794092
ENSG00000224333	1	32867710	32868716
ENSG00000244113	8	17007810	17008397
ENSG00000229495	6	79519432	79523020
ENSG00000235952	HSCHR6_MHC_QBL	29899233	29900225
ENSG00000239608	3	127794653	127797899
ENSG00000251045	5	134984273	134989624
ENSG00000223804	1	143647638	143745417
ENSG00000230795	6	29894236	29897009
ENSG00000258763	12	55828521	55979255
ENSG00000185631	2	128960935	128961349
ENSG00000271948	8	17082473	17082978
ENSG00000239920	11	5593552	5646126
ENSG00000212664	15	71633466	71634086
ENSG00000228029	HSCHR6_MHC_QBL	29913778	29915752
ENSG00000227579	1	177362423	177566844
ENSG00000212344	3	127860718	127860820
ENSG00000251969	6	79671213	79671289
ENSG00000264716	3	65926922	65927022
ENSG00000242137	12	121031818	121032351
ENSG00000170396	2	185463093	185804219
ENSG00000254249	8	125048251	125052709
ENSG00000238393	5	135048808	135048905
ENSG00000269836	19	17288320	17289285
ENSG00000105339	8	142127377	142205907
ENSG00000267734	1	87397882	87400574
ENSG00000221067	3	128081008	128081101
ENSG00000270956	2	179405852	179406526
ENSG00000217512	6	79777409	79777855
ENSG00000232665	X	103891897	103892680
ENSG00000229228	1	231727038	231747836
ENSG00000269480	19	17317947	17318819
ENSG00000228877	9	137419028	137437090
ENSG00000223539	5	135078151	135082045
ENSG00000232381	11	5740520	5741442
ENSG00000224198	1	87409368	87410425
ENSG00000253868	8	125058314	125183763
ENSG00000242049	3	128182437	128191160
ENSG00000182013	19	46969748	46974820
ENSG00000270277	2	179413611	179415408
ENSG00000256008	12	121067908	121079394
ENSG00000266393	1	177522005	177522095
ENSG00000250696	4	70047818	70082484
ENSG00000270362	6	79943435	79946514
ENSG00000125686	17	37560538	37607539
ENSG00000271011	2	179441830	179442349
ENSG00000235251	1	87510618	87511554
ENSG00000232345	HSCHR6_MHC_QBL	29927983	29929646
ENSG00000265740	5	170786121	170786414
ENSG00000236720	1	177669659	177679465
ENSG00000215231	5	5034472	5070117
ENSG00000228078	6	29901878	29902063
ENSG00000214607	8	17327027	17329127
ENSG00000270574	2	179443517	179445633
ENSG00000222986	1	231806381	231806496
ENSG00000260586	15	71634663	71640810
ENSG00000244300	3	128208055	128221191
ENSG00000002822	7	1855429	2272878
ENSG00000225568	1	87511558	87512383
ENSG00000220154	6	79987822	79988144
ENSG00000254256	5	170792599	170794697
ENSG00000250727	8	125154129	125155753
ENSG00000226758	1	232061580	232080979
ENSG00000237666	2	107087255	107094125
ENSG00000227766	6	29909852	29910844
ENSG00000226116	Y	20024579	20033510
ENSG00000240344	2	201735630	201754026
ENSG00000252813	15	71767826	71767901
ENSG00000271762	5	90608874	90610219
ENSG00000235152	1	232295837	232321389
ENSG00000271141	2	179481308	179481850
ENSG00000211962	14	106967049	106967788
ENSG00000241674	HSCHR6_MHC_QBL	32831136	32849631
ENSG00000227150	9	137444584	137445743
ENSG00000252135	1	143670468	143670602
ENSG00000263840	5	135136918	135137003
ENSG00000235290	6	29924373	29926347
ENSG00000268803	4	70081626	70082353
ENSG00000206504	HSCHR6_MHC_QBL	29932284	29935585
ENSG00000236372	1	232310678	232315859
ENSG00000122970	12	110562140	110656602
ENSG00000238825	1	143673129	143673290
ENSG00000265924	5	135138674	135138764
ENSG00000248554	5	43511160	43521913
ENSG00000223733	X	104048595	104049120
ENSG00000271401	2	179509444	179509906
ENSG00000201464	6	80011680	80011783
ENSG00000266290	17	56154252	56160565
ENSG00000248240	5	43515376	43525412
ENSG00000224436	1	232357684	232357920
ENSG00000217786	6	80036285	80036924
ENSG00000267784	2	179588184	179591773
ENSG00000253885	8	125164164	125164674
ENSG00000211964	14	106993814	106994346
ENSG00000181109	11	5747732	5748694
ENSG00000240388	5	90650295	90650751
ENSG00000242794	1	232358612	232358891
ENSG00000229590	17	56234389	56235161
ENSG00000266413	2	179641653	179644690
ENSG00000238382	1	232835950	232836054
ENSG00000254126	2	107103824	107123396
ENSG00000270850	1	32887580	32887920
ENSG00000231734	1	143687097	143720401
ENSG00000265520	8	17539087	17539166
ENSG00000229390	6	29938578	29940241
ENSG00000234140	HSCHR6_MHC_QBL	29950408	29950803
ENSG00000204011	9	137541231	137544689
ENSG00000218029	6	80064160	80064430
ENSG00000225919	1	232853817	232857996
ENSG00000248092	5	43571696	43603332
ENSG00000234970	HSCHR6_MHC_QBL	29951635	29952512
ENSG00000262048	6	80115957	80116491
ENSG00000181819	X	104650318	104651710
ENSG00000076344	16	318300	325980
ENSG00000183304	X	8758836	8769424
ENSG00000229259	1	32888815	32892390
ENSG00000272295	HSCHR6_MHC_QBL	31930550	31940991
ENSG00000241059	5	90651197	90651843
ENSG00000031544	15	72084977	72110600
ENSG00000230838	2	216582766	216584147
ENSG00000254154	1	177897923	178007142
ENSG00000238542	2	179696098	179696176
ENSG00000236497	1	232863000	232878461
ENSG00000238180	2	128975162	128975646
ENSG00000204625	6	29942889	29946183
ENSG00000231533	6	80130014	80131022
ENSG00000231541	2	179866483	179867487
ENSG00000214803	8	125204912	125259639
ENSG00000146859	7	134832824	134850967
ENSG00000256364	12	121134927	121137344
ENSG00000227748	6	147180317	147184217
ENSG00000267272	1	87595448	87634881
ENSG00000252561	16	3119524	3119652
ENSG00000181017	11	5786326	5787279
ENSG00000253168	8	17561497	17563696
ENSG00000206835	1	232967763	232967933
ENSG00000220999	2	88762285	88762370
ENSG00000216721	2	216669454	216669704
ENSG00000187147	1	44870866	45117396
ENSG00000239686	14	55749014	55749361
ENSG00000265148	17	56402811	56493127
ENSG00000017621	X	49019061	49024822
ENSG00000232175	1	233052981	233053764
ENSG00000212280	8	17605627	17605739
ENSG00000251356	5	90772199	90772835
ENSG00000262370	16	3126912	3137101
ENSG00000272397	6	147269664	147272295
ENSG00000258469	14	55765362	55765949
ENSG00000227824	2	216734646	216735241
ENSG00000263529	1	32923436	32923733
ENSG00000253944	8	17658854	17718578
ENSG00000183629	15	28764757	28778160
ENSG00000159596	1	46152886	46160115
ENSG00000102904	16	67840668	67866051
ENSG00000249763	4	70108346	70116533
ENSG00000237576	2	69059176	69064856
ENSG00000252742	2	129108403	129108501
ENSG00000237558	Y	20063469	20065380
ENSG00000236502	2	45167293	45169012
ENSG00000206724	8	125272887	125272993
ENSG00000196634	6	147480061	147502128
ENSG00000252000	2	179887984	179888105
ENSG00000218748	6	80146625	80146884
ENSG00000225420	2	88838238	88875128
ENSG00000200591	1	33105552	33105653
ENSG00000231940	1	233424614	233425193
ENSG00000258455	14	55792552	55806219
ENSG00000138326	10	79793518	79816570
ENSG00000235814	HSCHR6_MHC_QBL	29958305	30019022
ENSG00000206864	X	104920064	104920170
ENSG00000236965	11	5821594	5822690
ENSG00000264877	9	137740819	137740966
ENSG00000238379	2	129202655	129202772
ENSG00000253227	8	125283924	125289825
ENSG00000238339	2	179990263	179990364
ENSG00000224409	1	33183335	33190838
ENSG00000212055	2	216743556	216743642
ENSG00000238024	6	29960986	29961382
ENSG00000222161	X	105104682	105104755
ENSG00000237477	2	180138558	180150434
ENSG00000225135	6	147708800	147711601
ENSG00000227653	2	129276362	129276751
ENSG00000006025	17	45884738	45899200
ENSG00000224312	6	29962214	29963091
ENSG00000226276	2	216804031	216806442
ENSG00000237586	8	125313556	125314045
ENSG00000221423	1	33391895	33392000
ENSG00000253671	8	17666450	17678377
ENSG00000265286	9	137741021	137741098
ENSG00000232970	2	217021065	217021534
ENSG00000261970	6	80262511	80262877
ENSG00000217644	1	33445543	33446073
ENSG00000254133	5	70511133	70512314
ENSG00000252621	10	37591928	37592037
ENSG00000251508	1	233431071	233431473
ENSG00000236478	2	217039619	217040755
ENSG00000230510	19	46984053	47104457
ENSG00000256569	12	121159310	121161442
ENSG00000271975	8	125318430	125320617
ENSG00000264744	9	137741144	137741215
ENSG00000220494	6	147728025	147729417
ENSG00000235558	5	70516183	70555065
ENSG00000252501	1	233584372	233584527
ENSG00000221487	7	99310660	99310775
ENSG00000272137	6	80270849	80271319
ENSG00000230788	X	105314472	105317193
ENSG00000111335	12	113416200	113449528
ENSG00000233563	11	5895190	5896122
ENSG00000265744	1	233759898	233759965
ENSG00000235687	10	37598113	37635959
ENSG00000265455	12	121160996	121161069
ENSG00000265872	9	137741333	137741410
ENSG00000260804	2	217081768	217084915
ENSG00000264039	5	135140194	135140282
ENSG00000273407	7	99364166	99364515
ENSG00000235357	6	80513300	80516942
ENSG00000139364	12	125671382	126146917
ENSG00000249286	5	43587020	43588325
ENSG00000229740	2	8279532	8283399
ENSG00000245149	8	125474726	125486817
ENSG00000250378	5	135148356	135162271
ENSG00000265848	9	137741455	137741528
ENSG00000225486	1	233971826	233972178
ENSG00000211965	14	107012938	107013477
ENSG00000261511	7	99417641	99417709
ENSG00000233378	Y	20096229	20105140
ENSG00000206909	5	170793122	170793256
ENSG00000255257	11	5959981	5966214
ENSG00000221470	6	80536510	80536602
ENSG00000254239	5	135233326	135235939
ENSG00000254012	5	170793303	170793615
ENSG00000206694	1	143687359	143687519
ENSG00000228329	2	69059948	69064324
ENSG00000271413	3	175786895	175787040
ENSG00000112029	6	153291664	153304714
ENSG00000220918	6	80564401	80565349
ENSG00000226637	1	143719663	143721171
ENSG00000255266	11	57637794	57638043
ENSG00000234453	1	234086184	234086853
ENSG00000231092	2	217124318	217130853
ENSG00000253927	5	135236042	135253850
ENSG00000227681	6	147981839	148275073
ENSG00000188691	11	5988407	5989724
ENSG00000238026	3	175831490	175832325
ENSG00000260445	7	99467464	99467517
ENSG00000204623	6	29968788	30029417
ENSG00000225156	2	45181803	45195901
ENSG00000264249	5	170813660	170813764
ENSG00000211966	14	107034729	107035221
ENSG00000236101	1	234162597	234162973
ENSG00000254276	5	70529154	70530335
ENSG00000239670	1	33452553	33453834
ENSG00000221222	1	87616981	87617128
ENSG00000266060	9	137741659	137741806
ENSG00000240007	1	143719704	143721519
ENSG00000180714	11	57684769	57685711
ENSG00000237532	2	129338065	129339150
ENSG00000251426	5	5046909	5049610
ENSG00000253215	8	17739552	17740170
ENSG00000260524	7	99469791	99469881
ENSG00000233835	6	80581590	80584327
ENSG00000270123	5	135416160	135416286
ENSG00000266649	2	69330814	69330887
ENSG00000263507	9	137741837	137741914
ENSG00000227290	1	87819207	87837338
ENSG00000233581	2	217168048	217186460
ENSG00000208005	X	133680358	133680428
ENSG00000264303	5	171197534	171197724
ENSG00000268403	11	9481747	9482010
ENSG00000218582	6	80662722	80663728
ENSG00000254831	11	6015106	6016225
ENSG00000125817	20	3764498	3767337
ENSG00000263497	1	143876891	143876982
ENSG00000233332	1	234348352	234350834
ENSG00000266671	5	171507909	171507980
ENSG00000250387	5	70647682	70742169
ENSG00000227060	X	133684003	133693953
ENSG00000256709	X	105570887	105571051
ENSG00000189007	6	143743969	143771810
ENSG00000223715	3	176321931	176353320
ENSG00000238277	2	129821419	129829298
ENSG00000237640	7	99527015	99546243
ENSG00000229974	7	134832797	134832916
ENSG00000254054	8	17763265	17765396
ENSG00000202147	11	6038226	6038344
ENSG00000224993	5	43666867	43667334
ENSG00000231505	2	107138359	107154535
ENSG00000220311	6	80673932	80674236
ENSG00000231272	1	234397452	234410211
ENSG00000254749	11	57713070	57713886
ENSG00000196369	1	143913615	144094424
ENSG00000255481	11	6067037	6067977
ENSG00000189377	19	42932440	42947200
ENSG00000212529	5	171679338	171679482
ENSG00000264163	9	137741971	137742118
ENSG00000199711	7	99534233	99534334
ENSG00000255946	12	121178273	121199395
ENSG00000207303	2	217216126	217216227
ENSG00000251606	5	96424779	96519354
ENSG00000236244	1	234404329	234408246
ENSG00000199318	1	87918923	87919056
ENSG00000253218	5	171681422	171682443
ENSG00000202407	X	105669798	105669899
ENSG00000231435	2	8683722	8715631
ENSG00000223481	HSCHR6_MHC_DBB	32767739	32784536
ENSG00000262980	11	6078546	6079505
ENSG00000236065	1	33452676	33498070
ENSG00000163864	3	139279022	139396859
ENSG00000164621	5	135465196	135470579
ENSG00000222966	7	99549656	99549781
ENSG00000218418	6	80774003	80779916
ENSG00000235042	2	217250011	217277419
ENSG00000235813	X	133733487	133740284
ENSG00000224816	X	105709772	105710670
ENSG00000224235	1	88365592	88371397
ENSG00000264136	9	137742123	137742202
ENSG00000254601	11	57772858	57773177
ENSG00000234895	11	6088103	6089016
ENSG00000232166	1	234420718	234421287
ENSG00000251850	2	69409029	69409135
ENSG00000231848	2	45223552	45224012
ENSG00000207242	17	10761216	10761321
ENSG00000270115	1	33726813	33727281
ENSG00000236008	2	8699963	8723922
ENSG00000264377	1	234442213	234442285
ENSG00000236509	X	133741187	133741662
ENSG00000199460	2	69410009	69410115
ENSG00000263619	HG1308_PATCH	130517374	130592303
ENSG00000244753	17	10763852	10764779
ENSG00000171560	4	155504278	155511918
ENSG00000217377	6	80787446	80788079
ENSG00000232461	3	176361729	176585626
ENSG00000015475	22	18216906	18257536
ENSG00000132964	13	26828276	26979375
ENSG00000214313	7	99578385	99585158
ENSG00000232001	2	107159470	107160753
ENSG00000114686	3	131181056	131221827
ENSG00000226249	6	148062570	148064460
ENSG00000271597	2	69478950	69479496
ENSG00000232485	2	217343753	217363484
ENSG00000249276	5	43874469	43886730
ENSG00000260286	6	24797549	24799117
ENSG00000265410	HG1308_PATCH	130544646	130576964
ENSG00000235605	1	234492450	234492887
ENSG00000270507	1	88778836	88778985
ENSG00000221701	17	10957105	10957252
ENSG00000256142	1	33764975	33766320
ENSG00000252250	2	69561732	69561824
ENSG00000254444	11	6129365	6206806
ENSG00000231156	2	45240353	45240807
ENSG00000243346	17	11060772	11061062
ENSG00000197429	1	46159996	46216322
ENSG00000252302	3	176481021	176481129
ENSG00000253985	5	70668503	70670725
ENSG00000145721	5	96427574	96478576
ENSG00000197782	19	40575059	40596845
ENSG00000270932	HG1308_PATCH	130593863	130595860
ENSG00000272129	6	81065141	81066576
ENSG00000253002	17	11170622	11170696
ENSG00000271824	5	135527156	135528822
ENSG00000225313	1	33772967	33791644
ENSG00000228308	3	176531943	176534789
ENSG00000266827	9	137742416	137742487
ENSG00000212561	5	44066726	44066833
ENSG00000239504	1	88943514	88943797
ENSG00000188971	2	69685129	69693664
ENSG00000234675	6	148338558	148342110
ENSG00000264727	17	11191522	11194128
ENSG00000213137	12	121282913	121283450
ENSG00000177138	X	8992273	9132680
ENSG00000266514	9	137742588	137742653
ENSG00000125352	X	119004497	119005791
ENSG00000248464	5	44388834	44414091
ENSG00000200817	11	57794178	57794284
ENSG00000231888	3	176728507	176728855
ENSG00000230053	1	88963992	88964359
ENSG00000263623	17	11644693	11644781
ENSG00000266239	1	33797994	33798093
ENSG00000271644	1	144043972	144044082
ENSG00000245281	8	17942377	17953903
ENSG00000237884	HSCHR6_MHC_QBL	29963417	29964413
ENSG00000236541	11	57808180	57809132
ENSG00000241520	2	217347755	217351919
ENSG00000214199	2	107313787	107315132
ENSG00000263684	17	11778249	11779145
ENSG00000219547	6	81083732	81084286
ENSG00000237432	X	133784860	133785441
ENSG00000222112	1	33802167	33802465
ENSG00000231313	12	121352203	121352926
ENSG00000263320	16	71963914	71965102
ENSG00000224363	1	144089214	144091946
ENSG00000255146	11	57811582	57827610
ENSG00000266368	17	11857206	11880911
ENSG00000236358	1	234492752	234501574
ENSG00000224391	2	217455149	217471661
ENSG00000237505	1	89003196	89150887
ENSG00000233246	1	33815953	33828846
ENSG00000182359	11	105921825	105948492
ENSG00000230205	6	148454945	148458540
ENSG00000231310	3	176762649	176765711
ENSG00000250529	5	5069305	5078424
ENSG00000169040	5	70671613	70681820
ENSG00000243336	HSCHR6_MHC_QBL	29963880	29967239
ENSG00000273367	1	234507932	234508557
ENSG00000233967	6	81153061	81175644
ENSG00000201343	3	176838479	176838588
ENSG00000241185	17	11901670	11924825
ENSG00000205054	2	45392009	45550434
ENSG00000242176	16	72025050	72025204
ENSG00000199920	X	133894238	133894378
ENSG00000254853	11	57839850	57842910
ENSG00000232355	9	137760082	137760321
ENSG00000200882	3	176843805	176843908
ENSG00000224658	6	148558721	148604544
ENSG00000248211	5	135549736	135557847
ENSG00000221299	X	134029784	134029872
ENSG00000231663	1	234508553	234509339
ENSG00000221225	1	33907626	33907712
ENSG00000225794	2	217469494	217475925
ENSG00000203645	3	177012230	177041206
ENSG00000207081	X	134052340	134052446
ENSG00000206513	HSCHR6_MHC_QBL	29523310	29527624
ENSG00000234512	1	33931850	33934555
ENSG00000235664	7	22928990	22980809
ENSG00000238250	2	107439379	107441487
ENSG00000207345	6	148599808	148599914
ENSG00000236091	X	134083579	134087412
ENSG00000125356	X	119005450	119010625
ENSG00000215223	6	148799829	148801899
ENSG00000237959	1	89043563	89043884
ENSG00000235907	1	33977608	33978343
ENSG00000236893	3	177014949	177016174
ENSG00000223007	5	5126159	5126450
ENSG00000177692	21	34860497	34864027
ENSG00000231768	1	234663637	234667525
ENSG00000255131	11	57844820	57846075
ENSG00000250947	5	135639445	135651788
ENSG00000227657	X	105806004	105806634
ENSG00000236403	9	137828997	137835041
ENSG00000250579	5	5132893	5140167
ENSG00000226782	3	177055416	177066954
ENSG00000231929	X	134095741	134096335
ENSG00000207234	1	89282462	89282568
ENSG00000235398	1	144275918	144341756
ENSG00000221679	12	20125799	20125915
ENSG00000105875	7	134868590	134896316
ENSG00000227294	2	107450920	107457663
ENSG00000227000	1	34304124	34305741
ENSG00000260645	6	81176675	81178797
ENSG00000256287	12	20167714	20251802
ENSG00000241975	1	89294785	89295102
ENSG00000215712	6	157710418	157744633
ENSG00000248351	5	135716956	135717199
ENSG00000223322	6	148845289	148845376
ENSG00000212535	12	95684468	95684575
ENSG00000244236	2	69743883	69744176
ENSG00000256499	12	20273914	20282747
ENSG00000199172	12	95702196	95702289
ENSG00000207016	2	69747175	69747306
ENSG00000228372	X	134193715	134257880
ENSG00000217824	6	148888514	148888790
ENSG00000230404	1	234701044	234705834
ENSG00000219361	6	81179788	81180145
ENSG00000229360	2	107557336	107557938
ENSG00000120278	6	150920999	151164799
ENSG00000227958	9	138096568	138129443
ENSG00000265917	12	95703699	95703760
ENSG00000263515	X	105883044	105883126
ENSG00000232228	2	69821873	69822190
ENSG00000256879	12	20514666	20523196
ENSG00000235308	1	89389053	89389527
ENSG00000258572	14	95982473	95984248
ENSG00000258313	12	95781666	95782334
ENSG00000235713	7	99590020	99590673
ENSG00000249203	5	44495720	44510384
ENSG00000212144	1	234729021	234729148
ENSG00000231144	X	106275478	106276050
ENSG00000213568	5	135764581	135765543
ENSG00000252707	17	11939813	11939954
ENSG00000229948	2	69824485	69826083
ENSG00000202385	1	89485929	89486048
ENSG00000131982	12	20602589	20603017
ENSG00000228830	1	234742754	234745229
ENSG00000257583	12	95782375	95799280
ENSG00000233936	9	138137542	138144554
ENSG00000266297	17	11985216	11985313
ENSG00000231083	2	8741022	8763072
ENSG00000234228	X	134209166	134210627
ENSG00000234518	1	89569968	89570450
ENSG00000084070	1	40810522	40888998
ENSG00000224939	1	234765057	234770526
ENSG00000206512	HSCHR6_MHC_QBL	29555617	29556679
ENSG00000231368	6	148968843	148969733
ENSG00000263648	17	12018864	12019202
ENSG00000114850	3	156257929	156272973
ENSG00000257943	12	95801711	95830604
ENSG00000181705	6	81208913	81209109
ENSG00000236311	10	102849078	102890883
ENSG00000117399	1	43824626	43828874
ENSG00000250418	5	44698533	44700910
ENSG00000237669	6	29973898	29974893
ENSG00000265400	17	12104917	12118584
ENSG00000188738	2	186603355	186698017
ENSG00000119041	2	197627756	197664449
ENSG00000216352	6	81265558	81266906
ENSG00000263556	5	44716292	44716587
ENSG00000256663	12	20704524	20705946
ENSG00000260037	15	72110737	72115725
ENSG00000182512	14	95999840	96011061
ENSG00000235572	9	138244530	138246066
ENSG00000226905	2	107579649	107580130
ENSG00000272362	1	234780412	234783317
ENSG00000250866	5	5142251	5176327
ENSG00000187483	14	95107062	95113331
ENSG00000256157	12	20997999	20998194
ENSG00000179136	17	12453099	12546171
ENSG00000204622	6	29974360	29977733
ENSG00000229457	2	107871147	107982329
ENSG00000228044	1	234782035	234818922
ENSG00000124762	6	36644305	36655116
ENSG00000231163	1	34334554	34351059
ENSG00000256021	12	21600479	21601248
ENSG00000237568	1	89726265	89735437
ENSG00000253384	8	17946078	17947196
ENSG00000251141	5	44745002	44808879
ENSG00000227660	6	149276764	149285820
ENSG00000269259	10	102882536	102883624
ENSG00000254015	8	18058433	18058714
ENSG00000207547	7	99691183	99691266
ENSG00000226089	6	82236819	82244632
ENSG00000238081	1	89755359	89756020
ENSG00000225642	2	8743212	8743489
ENSG00000172201	6	19837617	19840915
ENSG00000224682	9	138339292	138342000
ENSG00000232516	HSCHR6_MHC_QBL	29989038	29990327
ENSG00000249803	5	135802366	135855987
ENSG00000256615	12	21815247	21912966
ENSG00000207757	7	99691391	99691470
ENSG00000200873	15	72150911	72151027
ENSG00000253937	8	18228116	18228993
ENSG00000236591	6	149348836	149353709
ENSG00000196972	X	134229058	134232664
ENSG00000255644	12	21912914	21919639
ENSG00000143839	1	204123944	204135465
ENSG00000241475	1	234796017	234802850
ENSG00000208036	7	99691616	99691697
ENSG00000261632	15	72264547	72332606
ENSG00000225588	2	107978738	108023785
ENSG00000259140	14	95141214	95142166
ENSG00000172638	11	65633912	65641063
ENSG00000128203	22	26825239	26840981
ENSG00000230628	1	234805269	234831900
ENSG00000212336	6	82331917	82332036
ENSG00000257022	12	21980144	22040891
ENSG00000242798	7	99712837	99724762
ENSG00000219487	6	149433145	149433808
ENSG00000265132	5	70683103	70683190
ENSG00000233235	1	89790205	89800563
ENSG00000260576	15	72333535	72333994
ENSG00000213569	X	106374889	106375499
ENSG00000264165	HSCHR6_MHC_QBL	30046174	30046306
ENSG00000107807	10	102889257	102897545
ENSG00000232031	6	82434439	82446070
ENSG00000224037	1	234845135	234855723
ENSG00000249981	5	70741443	70742396
ENSG00000222094	15	72337524	72337708
ENSG00000235077	7	99728587	99738062
ENSG00000229223	HSCHR6_MHC_QBL	30062586	30072064
ENSG00000255627	12	22161282	22161814
ENSG00000199832	X	106445807	106445913
ENSG00000223253	15	72343592	72343670
ENSG00000265602	HSCHR6_MHC_QBL	30090143	30090303
ENSG00000239269	14	95192625	95193512
ENSG00000138079	2	44502599	44548633
ENSG00000206886	6	82473741	82473873
ENSG00000244593	8	18240784	18241427
ENSG00000214142	7	99737252	99738305
ENSG00000235092	2	8806766	8821993
ENSG00000243568	15	72426982	72427777
ENSG00000228227	HSCHR6_MHC_QBL	30144093	30145917
ENSG00000238708	2	69894491	69894593
ENSG00000227630	1	234859789	234867390
ENSG00000250284	5	136070616	136090375
ENSG00000219702	6	82473928	82474220
ENSG00000224107	X	134252881	134254454
ENSG00000253536	5	70771588	70772143
ENSG00000204053	X	106515812	106516888
ENSG00000227274	17	12575179	12609452
ENSG00000263481	6	149497843	149497930
ENSG00000231024	2	69927324	69940979
ENSG00000230252	7	63570925	63571928
ENSG00000248616	5	136193317	136194031
ENSG00000240914	14	95267186	95267800
ENSG00000201638	1	234973720	234973820
ENSG00000247911	5	70833479	70833673
ENSG00000244695	HSCHR6_MHC_QBL	30191334	30283408
ENSG00000111913	6	24797601	25042238
ENSG00000205884	8	11831446	11832108
ENSG00000224995	6	82523003	82523874
ENSG00000228408	6	149539062	149565208
ENSG00000239690	1	235039933	235040233
ENSG00000201148	1	34578550	34578664
ENSG00000270723	2	70100697	70100951
ENSG00000222285	5	136304889	136304995
ENSG00000258933	14	95426614	95429313
ENSG00000225361	9	138354573	138372623
ENSG00000237520	1	235092978	235095736
ENSG00000221053	1	34641467	34641550
ENSG00000266154	7	99754228	99754292
ENSG00000226453	6	82554902	82643197
ENSG00000266956	17	34310692	34317306
ENSG00000260173	15	72432845	72447800
ENSG00000256815	X	134252983	134253091
ENSG00000265613	5	70910811	70910911
ENSG00000237880	2	108002088	108159105
ENSG00000186471	X	119029800	119054679
ENSG00000149313	11	105946228	105969437
ENSG00000270241	1	34742460	34742893
ENSG00000238465	2	70139827	70139931
ENSG00000235444	2	217475065	217475682
ENSG00000124678	6	35085848	35116387
ENSG00000271654	8	18244618	18245287
ENSG00000223809	X	134257167	134257532
ENSG00000258866	14	95514557	95517290
ENSG00000261460	15	72571208	72644135
ENSG00000248491	4	128018046	128391724
ENSG00000264099	5	71465294	71465367
ENSG00000237964	2	180264455	180265602
ENSG00000213231	14	96152754	96158980
ENSG00000260574	6	82679170	82679256
ENSG00000238005	1	235093089	235105809
ENSG00000232757	6	29999490	30000780
ENSG00000242193	1	177975271	178007085
ENSG00000221612	5	136869143	136869210
ENSG00000222544	12	95832513	95832619
ENSG00000187229	8	18578415	18591915
ENSG00000101224	20	3767578	3786762
ENSG00000239072	2	70182777	70182879
ENSG00000264607	14	95604256	95604323
ENSG00000205883	8	11839830	11842099
ENSG00000223044	6	82920055	82920157
ENSG00000216009	5	136983261	136983338
ENSG00000241556	12	95861173	95861637
ENSG00000260729	15	72577068	72668322
ENSG00000244748	5	71610226	71610515
ENSG00000225924	6	149564435	149565137
ENSG00000234670	12	55916377	55917201
ENSG00000254067	8	39413665	39416052
ENSG00000220537	6	82973713	82974691
ENSG00000011028	17	60704762	60770958
ENSG00000215874	1	89859592	89860224
ENSG00000248209	4	128414660	128414983
ENSG00000166478	11	9481866	9550071
ENSG00000226706	9	138395119	138398293
ENSG00000224568	2	108145943	108172782
ENSG00000207106	1	144311213	144311376
ENSG00000207941	1	35135200	35135295
ENSG00000235706	14	95623982	95646263
ENSG00000236886	2	217559187	217858802
ENSG00000215007	X	106594880	106596073
ENSG00000241391	6	149612488	149612780
ENSG00000235923	HSCHR6_MHC_QBL	30195596	30199572
ENSG00000213126	2	180678978	180679402
ENSG00000271223	1	144392143	144392429
ENSG00000182631	5	33936491	33939023
ENSG00000252901	6	30056598	30056730
ENSG00000255811	1	35227027	35253698
ENSG00000266016	12	55948779	55948866
ENSG00000079385	19	43011456	43065386
ENSG00000216265	6	149625243	149625564
ENSG00000198812	12	70002351	70004942
ENSG00000248826	5	91139504	91140346
ENSG00000249795	4	128419482	128419962
ENSG00000221240	2	180725563	180725635
ENSG00000272937	12	56005407	56006338
ENSG00000231226	6	30073017	30082501
ENSG00000122861	10	75668935	75677255
ENSG00000220091	6	83634548	83634841
ENSG00000237930	2	217650497	217650867
ENSG00000219553	6	149812703	149813425
ENSG00000216162	1	35244162	35244245
ENSG00000270237	5	137081340	137081840
ENSG00000221613	9	138420457	138420546
ENSG00000138136	10	102986733	102989551
ENSG00000202216	2	180799128	180799265
ENSG00000244018	8	18632057	18632428
ENSG00000256182	X	134257168	134257528
ENSG00000253106	8	125500751	125503884
ENSG00000231054	2	45395722	45396553
ENSG00000230163	1	35316295	35317156
ENSG00000206340	HSCHR6_MHC_QBL	31940194	31960852
ENSG00000205882	8	11850692	11853821
ENSG00000239521	7	99798276	99869837
ENSG00000270697	5	137097235	137097625
ENSG00000270289	2	181337864	181338146
ENSG00000212448	12	96011465	96011562
ENSG00000252228	6	30100582	30100743
ENSG00000251963	8	18667010	18667136
ENSG00000227215	6	83642320	83648396
ENSG00000252244	6	149838092	149838153
ENSG00000237339	9	138466781	138478958
ENSG00000272486	8	125591872	125592889
ENSG00000233892	6	30154575	30156391
ENSG00000225258	2	181436439	181557181
ENSG00000214720	X	106671860	106672691
ENSG00000232991	2	108370568	108438585
ENSG00000244021	4	128733873	128734355
ENSG00000235168	6	149882288	149885085
ENSG00000235646	7	63572130	63572950
ENSG00000252176	8	39418456	39418546
ENSG00000252728	1	35409357	35409425
ENSG00000264976	2	181481845	181481933
ENSG00000225492	1	89873238	89891802
ENSG00000260339	15	72668454	72671129
ENSG00000006606	7	75398851	75419214
ENSG00000252309	6	84077425	84077510
ENSG00000239396	2	45796340	45796631
ENSG00000255491	8	125823860	125827924
ENSG00000226564	2	181737594	181738141
ENSG00000184911	X	71996833	72068636
ENSG00000232582	X	134269077	134269698
ENSG00000237502	6	149896601	149897260
ENSG00000243007	15	72671556	72672051
ENSG00000241014	1	35439957	35450914
ENSG00000228481	2	45901840	45902615
ENSG00000258082	1	235115394	235116551
ENSG00000244721	HSCHR6_MHC_QBL	30216878	30250298
ENSG00000263735	8	125834220	125834300
ENSG00000229881	7	63600873	63610436
ENSG00000219951	6	84102135	84103128
ENSG00000270604	6	30201816	30293911
ENSG00000234028	2	88927057	88931339
ENSG00000236667	2	181803557	181804025
ENSG00000233330	6	149912891	149913799
ENSG00000233829	2	46231081	46231448
ENSG00000233018	1	235260502	235260727
ENSG00000222832	2	217658212	217658323
ENSG00000255080	8	125847126	125869758
ENSG00000136854	9	130374544	130457460
ENSG00000226306	5	137136882	137146440
ENSG00000236153	2	181844154	181844817
ENSG00000112237	6	99990256	100016849
ENSG00000261423	15	72700119	72767509
ENSG00000224687	1	178060643	178063119
ENSG00000229352	2	217664331	217670058
ENSG00000261668	4	128761353	128765195
ENSG00000236943	1	144456138	144521970
ENSG00000201157	8	18837129	18837282
ENSG00000220848	6	149915220	149915679
ENSG00000224045	9	138479848	138483821
ENSG00000232696	2	46305154	46305967
ENSG00000234588	2	217670460	217670852
ENSG00000238171	2	181940778	181970695
ENSG00000253335	8	18846789	18858462
ENSG00000251821	4	128813146	128813237
ENSG00000273416	1	235267495	235267924
ENSG00000231336	2	46393928	46395117
ENSG00000251568	5	5375836	5376949
ENSG00000241651	4	128990169	128990767
ENSG00000255098	8	11870545	11873043
ENSG00000207181	1	235291118	235291252
ENSG00000231597	2	217719112	217719855
ENSG00000207846	X	106672219	106672309
ENSG00000270575	1	178163477	178163844
ENSG00000239405	3	128256863	128257474
ENSG00000202343	6	149915761	149915895
ENSG00000233335	2	46483999	46484316
ENSG00000249816	8	125860979	125966570
ENSG00000207292	6	149952573	149952685
ENSG00000232686	1	235333435	235334206
ENSG00000270255	8	18859137	18859460
ENSG00000236475	6	30206078	30210056
ENSG00000213058	1	178380751	178381107
ENSG00000271072	15	72742998	72743815
ENSG00000219433	6	150115899	150116882
ENSG00000227610	X	106756213	106789051
ENSG00000233940	1	35519069	35524872
ENSG00000172197	6	20100935	20212670
ENSG00000263439	1	235353349	235353431
ENSG00000261187	15	72757469	72758603
ENSG00000250049	5	91378414	91815133
ENSG00000242551	3	128393578	128395848
ENSG00000203727	6	147830063	148058683
ENSG00000233323	HSCHR6_MHC_COX	31957379	32033845
ENSG00000236863	1	235459180	235459650
ENSG00000233050	8	11921898	11929256
ENSG00000248394	4	129076544	129077359
ENSG00000260938	1	178449742	178450341
ENSG00000188037	7	143013219	143049176
ENSG00000253557	8	18942502	19116979
ENSG00000188620	10	124895478	124897257
ENSG00000231760	6	150117711	150119308
ENSG00000248779	5	44753051	44765846
ENSG00000254082	8	39424224	39437653
ENSG00000188585	1	178465031	178468769
ENSG00000207690	15	72879558	72879654
ENSG00000234663	2	181966659	182264286
ENSG00000273132	6	150173598	150174328
ENSG00000248729	5	5395491	5396070
ENSG00000228100	2	46619436	46621306
ENSG00000201347	1	178530048	178530164
ENSG00000234086	1	235472935	235473313
ENSG00000260534	15	72882032	72884186
ENSG00000236543	9	138506142	138507354
ENSG00000251432	4	129213906	129440549
ENSG00000154162	5	21750782	22853731
ENSG00000273384	1	178620841	178621417
ENSG00000025423	12	57145945	57181574
ENSG00000237874	6	84437774	84446244
ENSG00000227962	1	235500121	235500402
ENSG00000268592	6	150183733	150240643
ENSG00000207130	3	128433414	128433548
ENSG00000260144	15	72897524	72904667
ENSG00000239503	3	128467381	128468332
ENSG00000243753	6	30227361	30260791
ENSG00000170049	17	7825177	7833121
ENSG00000215343	8	11961898	11973025
ENSG00000266417	1	178646884	178646969
ENSG00000228348	1	35587623	35588085
ENSG00000228679	6	84693447	84717042
ENSG00000200204	16	3136144	3136301
ENSG00000230658	7	23140847	23145322
ENSG00000221018	8	39613601	39613707
ENSG00000250808	5	5396085	5396448
ENSG00000101849	X	9431335	9687780
ENSG00000272335	5	44826178	44828694
ENSG00000273062	1	178693441	178695420
ENSG00000230026	1	235524468	235525855
ENSG00000236064	X	107137827	107179210
ENSG00000201868	1	35661570	35661663
ENSG00000242992	3	128483309	128483861
ENSG00000217733	6	150201098	150202708
ENSG00000263011	16	3156765	3159577
ENSG00000253332	8	39717738	39718044
ENSG00000263591	1	35729823	35730083
ENSG00000272787	22	24311400	24312062
ENSG00000234893	HSCHR6_MHC_QBL	30248086	30284424
ENSG00000228196	1	178715818	178716889
ENSG00000240374	1	35757801	35758099
ENSG00000259783	15	72900828	72929260
ENSG00000207363	X	107144375	107144476
ENSG00000238058	9	138799658	138805359
ENSG00000250470	22	24319095	24319776
ENSG00000201542	1	35775875	35776026
ENSG00000188816	10	124907638	124910188
ENSG00000243533	1	235582830	235590298
ENSG00000263214	16	3160461	3165599
ENSG00000236491	X	134314179	134328610
ENSG00000225728	X	107182493	107182872
ENSG00000229994	1	35816323	35817208
ENSG00000241791	2	46675365	46675650
ENSG00000082068	5	37379314	37753537
ENSG00000223701	6	150205567	150240644
ENSG00000266705	2	182170320	182170379
ENSG00000224205	22	24329511	24333615
ENSG00000253515	2	46726870	46728417
ENSG00000243790	15	72904161	72904401
ENSG00000251476	5	5396590	5397081
ENSG00000230852	6	84732774	84734272
ENSG00000229795	1	235596300	235596546
ENSG00000226681	2	182286881	182290476
ENSG00000196395	X	52853316	52858317
ENSG00000244232	3	128503990	128504288
ENSG00000230042	7	23168797	23169460
ENSG00000230651	2	108439519	108443347
ENSG00000248148	5	45035301	45098749
ENSG00000260672	15	72908151	72910591
ENSG00000253233	8	39724955	39725331
ENSG00000106178	7	75440983	75452674
ENSG00000239483	3	128517684	128518044
ENSG00000234595	2	182547840	182550434
ENSG00000227409	1	35824423	35831678
ENSG00000250116	2	46795395	46807377
ENSG00000260193	9	138999654	139001270
ENSG00000189372	X	107626628	107627223
ENSG00000273077	4	129473745	129474571
ENSG00000216906	6	150225379	150227554
ENSG00000241850	22	24340828	24347258
ENSG00000244065	3	128562407	128563247
ENSG00000231776	6	85130746	85265870
ENSG00000201791	1	178722789	178722907
ENSG00000225570	2	182555107	182558142
ENSG00000272685	11	57876192	57877133
ENSG00000238236	1	235683269	235683983
ENSG00000250422	5	45558021	45560088
ENSG00000250428	8	125932670	125934318
ENSG00000228922	X	134335662	134349163
ENSG00000248187	4	129489127	129491686
ENSG00000175048	6	157802165	158099178
ENSG00000243022	3	128567516	128568242
ENSG00000259909	15	72931162	72932466
ENSG00000232750	1	179004444	179004787
ENSG00000226816	7	23245632	23247664
ENSG00000260977	2	47004922	47007384
ENSG00000235638	1	235700820	235701341
ENSG00000202129	1	35893417	35893494
ENSG00000166167	10	103113820	103317078
ENSG00000242062	3	128570955	128571851
ENSG00000186508	11	57911967	57912869
ENSG00000216621	6	150255663	150257918
ENSG00000127325	12	70037140	70093256
ENSG00000250017	5	45574692	45576714
ENSG00000232627	7	23405237	23405595
ENSG00000248802	4	129504154	129522562
ENSG00000236274	1	35975343	35977039
ENSG00000226548	2	47079159	47080635
ENSG00000253939	8	39761294	39852767
ENSG00000261159	3	128578559	128579369
ENSG00000261037	5	6019142	6022396
ENSG00000264894	X	134340492	134340577
ENSG00000231199	1	235701352	235703145
ENSG00000226309	6	85139302	85140520
ENSG00000264527	9	139141824	139143051
ENSG00000212264	7	23436065	23436135
ENSG00000234041	1	179106899	179107069
ENSG00000137345	HSCHR6_MHC_QBL	29624680	29640072
ENSG00000215094	6	150272969	150273375
ENSG00000224781	X	52861754	52862949
ENSG00000238802	4	129677181	129677284
ENSG00000227792	X	134370740	134371295
ENSG00000250122	5	45890318	45896072
ENSG00000252590	7	23490277	23490341
ENSG00000219298	6	150298607	150300241
ENSG00000219604	6	85399010	85399147
ENSG00000236654	7	23520372	23520578
ENSG00000228925	2	47126414	47135817
ENSG00000231905	1	179152869	179153682
ENSG00000251345	4	130054261	130055253
ENSG00000223443	8	11994677	11996586
ENSG00000254242	8	18949243	18972534
ENSG00000226663	1	235703353	235704715
ENSG00000152402	11	106544738	106889250
ENSG00000272569	11	57938570	57939193
ENSG00000244666	15	72956896	72957171
ENSG00000263072	16	3166043	3184883
ENSG00000230006	2	89065324	89106126
ENSG00000086015	1	46252659	46501796
ENSG00000273248	10	77168731	77169084
ENSG00000261281	15	72974607	72975245
ENSG00000228290	6	85399143	85419252
ENSG00000254589	11	58009515	58010569
ENSG00000239948	19	44164652	44164928
ENSG00000232818	7	23530092	23530983
ENSG00000250316	8	19095247	19099422
ENSG00000248958	4	130057081	130060895
ENSG00000250159	5	137150022	137225025
ENSG00000271455	5	49899063	49899345
ENSG00000231120	6	150299052	150299552
ENSG00000272692	10	77168915	77171600
ENSG00000212338	1	179165608	179165714
ENSG00000179818	2	70189395	70315978
ENSG00000264133	19	44167328	44167426
ENSG00000231999	1	90048800	90098453
ENSG00000201619	1	179170622	179170762
ENSG00000213956	5	49928958	49929436
ENSG00000268601	19	44298461	44299810
ENSG00000231564	1	179170840	179171061
ENSG00000259861	5	6030148	6030954
ENSG00000263403	9	139414020	139414078
ENSG00000267058	19	44395956	44405957
ENSG00000232014	22	24347904	24349416
ENSG00000200847	7	23531411	23531512
ENSG00000272814	2	47183754	47184027
ENSG00000272442	6	44240931	44346694
ENSG00000154839	18	47901365	47920543
ENSG00000231582	1	235704712	235705006
ENSG00000202071	3	65989514	65989615
ENSG00000266475	5	137316150	137316247
ENSG00000224785	7	23602078	23603880
ENSG00000233845	2	47262418	47267663
ENSG00000260837	2	8861264	8862816
ENSG00000153707	9	8314246	10612723
ENSG00000225711	1	179190073	179191260
ENSG00000272900	11	58059298	58060237
ENSG00000203647	3	65994445	65994875
ENSG00000260898	15	73075176	73090540
ENSG00000253838	8	39771748	39773240
ENSG00000267191	19	44406153	44430697
ENSG00000246323	5	137368463	137372955
ENSG00000216523	6	85676115	85676343
ENSG00000229513	22	24348440	24348799
ENSG00000218358	6	150319155	150326293
ENSG00000207146	X	107920181	107920287
ENSG00000206759	3	66343538	66343644
ENSG00000271752	5	49958693	49959100
ENSG00000232553	7	23624681	23625974
ENSG00000254287	8	39775595	39778409
ENSG00000255218	11	58085109	58085847
ENSG00000206828	1	144491442	144491605
ENSG00000221568	5	6112224	6112313
ENSG00000232714	1	235705059	235705397
ENSG00000261409	X	107963179	107968174
ENSG00000241587	3	66374279	66374574
ENSG00000220291	6	85865385	85877467
ENSG00000159123	X	72091859	72163653
ENSG00000251195	4	130098541	130100249
ENSG00000201699	1	144534038	144534199
ENSG00000225187	2	47294961	47298343
ENSG00000224676	22	24350068	24352081
ENSG00000250730	5	6289970	6290737
ENSG00000227512	9	139437333	139438287
ENSG00000259259	15	73191740	73192601
ENSG00000266921	19	44501048	44506988
ENSG00000271174	3	66673184	66673526
ENSG00000239636	1	36035414	36043330
ENSG00000254201	8	19103860	19106750
ENSG00000253790	8	39855388	39856018
ENSG00000227436	7	23658952	23662445
ENSG00000214560	3	66687573	66687836
ENSG00000249405	5	50154594	50155854
ENSG00000170498	1	204159469	204165614
ENSG00000236842	10	77190329	77191346
ENSG00000223794	1	179224868	179225216
ENSG00000255431	11	58111210	58112137
ENSG00000241884	3	67346724	67356783
ENSG00000235761	1	235705459	235705690
ENSG00000216902	6	85967046	85967412
ENSG00000237863	X	107979241	107982133
ENSG00000100565	14	77292715	77336645
ENSG00000207583	10	77312216	77312311
ENSG00000250193	4	130220330	130226177
ENSG00000267144	19	44527756	44529414
ENSG00000100099	22	26839389	26879803
ENSG00000255096	11	58116462	58117103
ENSG00000268659	10	77402234	77402857
ENSG00000265181	9	139440625	139440711
ENSG00000234690	2	47419544	47572213
ENSG00000246876	4	130645326	130692636
ENSG00000112031	6	153308497	153323820
ENSG00000253021	19	44589366	44589456
ENSG00000228191	1	179240251	179240401
ENSG00000230735	1	90095284	90141945
ENSG00000259691	15	73435577	73435859
ENSG00000270710	1	235729061	235730237
ENSG00000228953	7	23695301	23695480
ENSG00000228280	10	77502498	77503513
ENSG00000239859	1	36171626	36171875
ENSG00000217060	6	85995794	86000567
ENSG00000265842	19	44596257	44596551
ENSG00000242510	3	67564364	67564744
ENSG00000263633	1	179333448	179333743
ENSG00000005486	7	75471920	75518244
ENSG00000238210	X	134386524	134387531
ENSG00000237886	9	139440664	139444345
ENSG00000248472	15	102516758	102519298
ENSG00000236688	HSCHR6_MHC_QBL	30308697	30308831
ENSG00000259318	14	55861658	55861951
ENSG00000255333	11	58121477	58121972
ENSG00000184490	22	24366750	24370882
ENSG00000253280	8	19111751	19114844
ENSG00000232335	1	36204990	36209177
ENSG00000223275	7	23708896	23708973
ENSG00000224620	1	179416713	179417575
ENSG00000267163	19	44598503	44603864
ENSG00000226394	1	90126771	90126912
ENSG00000253270	8	19536083	19546445
ENSG00000234286	7	23719814	23720405
ENSG00000216444	6	150353905	150354702
ENSG00000258067	HSCHR6_MHC_QBL	30313513	30313600
ENSG00000239199	14	55880274	55880777
ENSG00000236539	1	179416737	179426450
ENSG00000201443	X	108069994	108070099
ENSG00000238888	2	9119024	9119128
ENSG00000227236	1	235777974	235779697
ENSG00000271164	1	36338871	36339353
ENSG00000233499	11	58133309	58134236
ENSG00000186019	19	44609616	44617298
ENSG00000259440	15	73454120	73455269
ENSG00000239779	2	74685456	74688018
ENSG00000234800	7	23760930	23761401
ENSG00000261889	16	3206737	3207484
ENSG00000253775	8	19936816	19975953
ENSG00000253381	8	39961688	39965454
ENSG00000227100	HSCHR6_MHC_QBL	30316559	30317192
ENSG00000261250	1	179512336	179518057
ENSG00000241316	3	67705121	67998137
ENSG00000230886	2	9158422	9159028
ENSG00000154473	10	124913793	124924886
ENSG00000239176	1	90233771	90233877
ENSG00000177854	X	153237778	153248646
ENSG00000226958	X	108297361	108297792
ENSG00000186615	14	55965996	56046828
ENSG00000146221	6	44246480	44265458
ENSG00000231613	1	90254473	90256051
ENSG00000253665	8	39972170	39984987
ENSG00000251875	1	179545403	179545484
ENSG00000262521	16	3231233	3234018
ENSG00000271914	1	36395321	36395716
ENSG00000215000	X	108585042	108585926
ENSG00000111961	6	148593440	148873186
ENSG00000235972	6	150361683	150363169
ENSG00000235231	22	24373117	24374043
ENSG00000174567	1	204167288	204183220
ENSG00000270679	19	44794234	44795064
ENSG00000236122	HSCHR6_MHC_QBL	30320389	30321557
ENSG00000227141	1	179555840	179558310
ENSG00000229015	X	134530354	134531689
ENSG00000272931	1	90285733	90286427
ENSG00000273408	11	58155056	58155959
ENSG00000262668	16	3238212	3274779
ENSG00000270830	5	50199442	50199577
ENSG00000271554	1	36457710	36479231
ENSG00000213091	6	150363682	150364489
ENSG00000120616	10	32556679	32667726
ENSG00000225241	1	144593363	144621656
ENSG00000251601	5	50225318	50230355
ENSG00000231074	6	30255174	30294927
ENSG00000272672	1	90405160	90405706
ENSG00000272955	22	24375562	24376211
ENSG00000267590	19	44801257	44801508
ENSG00000257478	HSCHR6_MHC_QBL	30321757	30321880
ENSG00000255299	11	58265361	58273231
ENSG00000254143	8	40018977	40030131
ENSG00000177455	16	28943260	28950667
ENSG00000203581	16	3265562	3266546
ENSG00000252797	1	90453272	90453503
ENSG00000250490	5	6310554	6339997
ENSG00000267188	19	44896603	44952640
ENSG00000259528	15	73547675	73548450
ENSG00000176227	7	143268819	143271478
ENSG00000257299	HSCHR6_MHC_QBL	30325459	30325567
ENSG00000242709	8	19970854	19971183
ENSG00000072518	11	63606400	63678491
ENSG00000250360	5	50261521	50262842
ENSG00000266400	3	67878596	67878697
ENSG00000252440	9	139496967	139497062
ENSG00000238594	6	150485720	150485822
ENSG00000228175	1	90459152	90459880
ENSG00000182484	X	155250491	155255375
ENSG00000239334	22	24385938	24401899
ENSG00000258263	HSCHR6_MHC_QBL	30339804	30339888
ENSG00000232862	1	36545667	36547923
ENSG00000222267	8	20087290	20087388
ENSG00000201628	6	150647759	150647899
ENSG00000259650	15	73627601	73634728
ENSG00000252037	7	143271839	143271941
ENSG00000251573	5	50265051	50266001
ENSG00000213211	6	85997507	85998725
ENSG00000261060	1	179559507	179560440
ENSG00000220598	6	150705443	150706256
ENSG00000257665	HSCHR6_MHC_QBL	30349771	30349858
ENSG00000253733	8	20133284	20147969
ENSG00000230556	7	143276000	143276165
ENSG00000235674	1	235901305	235902289
ENSG00000212459	1	90719014	90719117
ENSG00000221547	1	179679385	179679481
ENSG00000176761	19	44971858	44977444
ENSG00000178947	X	134555868	134561999
ENSG00000234155	6	86096937	86099904
ENSG00000257461	HSCHR6_MHC_QBL	30350286	30350373
ENSG00000229201	1	90976467	90999029
ENSG00000157150	3	12194551	12200851
ENSG00000242685	HSCHR6_MHC_QBL	32845119	32867240
ENSG00000243062	1	179699352	179711832
ENSG00000219622	6	150825947	150831436
ENSG00000228401	9	139543062	139554873
ENSG00000259186	15	73775537	73776284
ENSG00000118242	2	216809213	216898819
ENSG00000221823	2	68405989	68483369
ENSG00000204460	2	129999746	130031421
ENSG00000115207	2	27548716	27579868
ENSG00000216439	6	86136375	86136843
ENSG00000237034	HSCHR6_MHC_QBL	30371999	30376604
ENSG00000262899	16	3357573	3358393
ENSG00000260469	15	74060555	74061978
ENSG00000233874	X	108811707	108813518
ENSG00000201440	X	134562093	134562210
ENSG00000226087	2	47452933	47466364
ENSG00000146955	7	140103843	140126050
ENSG00000101190	20	61472467	61493115
ENSG00000235689	22	24402751	24404704
ENSG00000229463	1	236002783	236003482
ENSG00000264592	1	36657516	36657769
ENSG00000262554	16	3358609	3358816
ENSG00000199666	1	91123307	91123520
ENSG00000160602	17	27052915	27070473
ENSG00000222732	5	171706206	171706319
ENSG00000231849	1	36707499	36707757
ENSG00000186523	8	12039605	12051642
ENSG00000260624	15	74163291	74165707
ENSG00000222831	1	236016300	236016360
ENSG00000232545	22	24497652	24499317
ENSG00000253802	8	40156260	40200921
ENSG00000216127	5	171866667	171866758
ENSG00000262316	16	3373192	3373925
ENSG00000229407	1	179785319	179787326
ENSG00000159131	21	34876238	34915797
ENSG00000233593	1	91248543	91317207
ENSG00000232891	6	150921970	150926986
ENSG00000238546	2	130184995	130185098
ENSG00000252056	1	236026688	236026737
ENSG00000253164	8	20207721	20230280
ENSG00000222821	1	36868322	36868460
ENSG00000267242	19	44978645	44979403
ENSG00000248918	5	50265494	50266021
ENSG00000254299	5	171984395	171986017
ENSG00000206803	1	236078715	236078821
ENSG00000230712	22	24644042	24645434
ENSG00000177842	3	40547483	40560227
ENSG00000201448	1	36884051	36884179
ENSG00000224029	6	150945813	150947222
ENSG00000237845	1	236105853	236107105
ENSG00000236824	2	47558199	47571656
ENSG00000230214	1	37095936	37096458
ENSG00000223640	2	9221524	9221856
ENSG00000198586	2	171847333	172087824
ENSG00000222064	15	74183750	74183828
ENSG00000233428	2	130253870	130254361
ENSG00000237319	X	108880063	108880292
ENSG00000231966	1	179798744	179805259
ENSG00000176623	8	87480486	87526586
ENSG00000207060	5	50351187	50351293
ENSG00000229291	1	236121179	236135125
ENSG00000163113	1	149909705	149982625
ENSG00000212172	12	22348403	22348563
ENSG00000242136	2	9243569	9245243
ENSG00000132970	13	27131840	27263085
ENSG00000226599	6	150971908	150973161
ENSG00000234481	1	37238741	37241369
ENSG00000222945	5	50357303	50357391
ENSG00000215921	10	77583444	77583536
ENSG00000256714	12	22548022	22551009
ENSG00000252822	1	236223977	236224072
ENSG00000253683	5	172083525	172083716
ENSG00000264698	1	37627164	37627235
ENSG00000211967	14	107048672	107049341
ENSG00000222685	2	47586644	47586916
ENSG00000100721	14	96176304	96180533
ENSG00000213089	6	151148799	151149520
ENSG00000272906	1	179850742	179851730
ENSG00000256973	12	22613453	22616848
ENSG00000252069	X	108987872	108987978
ENSG00000207328	1	37669211	37669317
ENSG00000206606	5	50463375	50463481
ENSG00000235371	1	236273361	236275670
ENSG00000257425	HSCHR6_MHC_QBL	30414329	30414452
ENSG00000253178	8	20408712	20408916
ENSG00000214460	6	86137171	86137684
ENSG00000229536	2	130626766	130635126
ENSG00000223944	1	37728340	37790701
ENSG00000207923	2	47604814	47604909
ENSG00000225769	X	134566885	134572559
ENSG00000256371	12	22726359	22728039
ENSG00000225381	X	109096541	109097148
ENSG00000264916	1	179869397	179869697
ENSG00000240627	5	50571087	50571568
ENSG00000218996	6	151256104	151256702
ENSG00000235223	HSCHR6_MHC_QBL	30423833	30425362
ENSG00000265160	5	172089168	172089266
ENSG00000211968	14	107078373	107078869
ENSG00000261831	1	179895776	179910931
ENSG00000199161	9	139565054	139565138
ENSG00000252368	1	37730278	37730387
ENSG00000261801	15	74200424	74220589
ENSG00000271230	5	6533004	6533313
ENSG00000236558	2	47713153	47715691
ENSG00000221693	9	139588588	139588714
ENSG00000251944	8	20472340	20472437
ENSG00000260360	1	179922319	179923575
ENSG00000202119	6	151260358	151260464
ENSG00000230451	1	37796453	37796597
ENSG00000197536	5	131746328	131811736
ENSG00000214100	2	130680435	130691890
ENSG00000163659	3	156391024	156424559
ENSG00000261104	2	9246722	9249994
ENSG00000271158	X	134598254	134599409
ENSG00000256774	12	22749162	22749485
ENSG00000253300	8	20513202	20557645
ENSG00000221469	6	151361052	151361107
ENSG00000225446	1	91317316	91319843
ENSG00000235145	1	179937821	179938641
ENSG00000119048	5	133706870	133727683
ENSG00000250166	12	22754359	22771801
ENSG00000232290	6	151376033	151377193
ENSG00000222650	1	236431080	236431258
ENSG00000225235	X	134654008	134654599
ENSG00000143850	1	204187979	204346793
ENSG00000214552	3	68194154	68194780
ENSG00000189350	2	29179477	29284239
ENSG00000272094	1	91326107	91328477
ENSG00000066322	1	43829068	43833696
ENSG00000238702	5	50617817	50617919
ENSG00000237922	1	236449276	236450260
ENSG00000257023	12	22762162	22777949
ENSG00000224373	14	107081806	107083830
ENSG00000213641	14	56010119	56010887
ENSG00000208013	X	109298557	109298654
ENSG00000236016	6	86340080	86340995
ENSG00000223598	6	151409239	151549582
ENSG00000232882	1	91358549	91359169
ENSG00000253354	8	40227547	40259367
ENSG00000233621	1	37920480	37940012
ENSG00000223693	HSCHR6_MHC_QBL	30426181	30427550
ENSG00000220563	6	86369610	86370324
ENSG00000240568	3	68241548	68241730
ENSG00000223450	1	179969573	179969943
ENSG00000176395	19	45005729	45033811
ENSG00000265584	X	109325346	109325446
ENSG00000271484	14	56013392	56014841
ENSG00000178177	4	17842822	18023499
ENSG00000259663	5	50668570	50679166
ENSG00000203544	HSCHR6_MHC_SSTO	31745551	31818230
ENSG00000264284	X	134702492	134702591
ENSG00000168267	10	23481256	23483181
ENSG00000232393	1	91489476	91490361
ENSG00000244640	3	68682857	68683507
ENSG00000233016	9	139615818	139622636
ENSG00000253866	8	20791946	20792348
ENSG00000219747	6	151420665	151421069
ENSG00000272479	8	40377084	40377677
ENSG00000171557	4	155525286	155534119
ENSG00000212095	3	68684067	68684160
ENSG00000252638	1	236464280	236464351
ENSG00000253445	5	172117457	172124723
ENSG00000263675	1	37966536	37966595
ENSG00000261817	1	180086275	180093025
ENSG00000200742	14	56118252	56118352
ENSG00000241506	3	68684856	68686175
ENSG00000244457	1	236646465	236647768
ENSG00000237833	X	134717576	134719085
ENSG00000206817	1	91727182	91727281
ENSG00000231883	6	151517816	151518773
ENSG00000208883	X	109468213	109468291
ENSG00000229038	HSCHR6_MHC_QBL	30443238	30443888
ENSG00000253295	5	172185229	172189559
