ENSG00000256050	14	105147483	105151269
ENSG00000258648	14	31152251	31152804
ENSG00000216022	10	53399503	53399592
ENSG00000258858	14	105156428	105157621
ENSG00000258558	14	31204132	31291908
ENSG00000228350	3	48701209	48706607
ENSG00000258430	14	105235686	105236608
ENSG00000236671	10	53990502	54073888
ENSG00000181896	19	19779605	19794318
ENSG00000271973	3	48709888	48710166
ENSG00000258701	14	105287538	105290055
ENSG00000162384	1	53679771	53686289
ENSG00000099904	22	20116979	20135530
ENSG00000121578	3	118930579	118959950
ENSG00000224424	3	48885005	48889414
ENSG00000143493	1	212113741	212208884
ENSG00000005889	X	24167290	24234372
ENSG00000176153	14	65405870	65409531
ENSG00000204188	6	33551515	33556803
ENSG00000177303	17	73496342	73511664
ENSG00000265817	8	95390605	95449180
ENSG00000125037	3	10004221	10052800
ENSG00000171402	X	52891557	52897099
ENSG00000130202	19	45349432	45392485
ENSG00000235236	3	49017351	49021418
ENSG00000168348	14	36003248	36006260
ENSG00000223343	3	49022482	49027421
ENSG00000048545	6	42123144	42147794
ENSG00000158445	20	47980414	48099184
ENSG00000223852	HSCHR6_MHC_DBB	29640126	29648836
ENSG00000273211	3	49022918	49023396
ENSG00000188073	7	74916804	74928928
ENSG00000133706	5	145492601	145562223
ENSG00000130827	X	153686621	153701989
ENSG00000268637	HSCHR6_MHC_DBB	31441226	31443933
ENSG00000199032	3	49057581	49057667
ENSG00000084710	2	25264999	25378243
ENSG00000240477	3	149768516	149769243
ENSG00000262633	17	45000499	45124520
ENSG00000165271	9	33461439	33473928
ENSG00000243321	3	149795281	149797904
ENSG00000257386	12	74931925	74932413
ENSG00000221000	15	22705928	22706010
ENSG00000241034	15	22706884	22707162
ENSG00000139998	14	65412532	65439494
ENSG00000133106	13	43460524	43566407
ENSG00000257323	12	75050341	75050640
ENSG00000207605	3	49058051	49058142
ENSG00000241143	3	149868325	149868731
ENSG00000197024	7	148823508	148880116
ENSG00000259596	15	22747313	22782336
ENSG00000080546	6	109307640	109416022
ENSG00000105939	7	138728266	138794465
ENSG00000272434	3	49066749	49067139
ENSG00000184886	17	34890847	34895159
ENSG00000241048	3	149919961	149942977
ENSG00000241461	3	49120666	49120963
ENSG00000143458	1	151043054	151098018
ENSG00000179673	17	45055523	45056614
ENSG00000221491	12	49048165	49048301
ENSG00000244541	3	149956306	149957996
ENSG00000224378	HSCHR6_MHC_DBB	31447882	31461098
ENSG00000258719	14	79161664	79164465
ENSG00000179304	X	52920336	52937587
ENSG00000206612	12	49050431	49050565
ENSG00000270441	3	49177519	49198284
ENSG00000207313	12	49061240	49061376
ENSG00000169018	15	68570141	68588203
ENSG00000258874	14	79169958	79176277
ENSG00000166228	10	72642037	72648541
ENSG00000257653	12	49159977	49161106
ENSG00000103018	16	69458428	69500169
ENSG00000258478	14	79210741	79220221
ENSG00000221978	1	1321091	1334708
ENSG00000243550	3	149983199	150005160
ENSG00000258829	14	79538475	79541110
ENSG00000213657	10	54148872	54149248
ENSG00000179580	16	2016824	2018976
ENSG00000124212	20	48120411	48184683
ENSG00000199641	7	74927121	74927222
ENSG00000148516	10	31607424	31818742
ENSG00000258419	14	79666325	79667975
ENSG00000173276	21	43406940	43430496
ENSG00000257594	12	89913185	89920039
ENSG00000258662	14	79713011	79715366
ENSG00000205506	7	74936533	74944219
ENSG00000227972	10	54170895	54173252
ENSG00000145569	5	14581884	14615116
ENSG00000089116	12	113899839	113910085
ENSG00000231131	10	54210634	54230293
ENSG00000221972	3	133646992	133648656
ENSG00000228651	10	54316462	54515169
ENSG00000198258	19	9938568	9940791
ENSG00000162385	1	53692564	53704282
ENSG00000069667	15	60780483	61521518
ENSG00000230820	7	126621021	126621832
ENSG00000201196	10	54612367	54612463
ENSG00000227121	10	54733248	54735575
ENSG00000269094	17	36884086	36884451
ENSG00000145780	5	114856608	114880591
ENSG00000184967	12	132628993	132637013
ENSG00000222051	10	103382616	103382722
ENSG00000224817	10	103464409	103468158
ENSG00000249852	7	227554	229557
ENSG00000230055	17	36886488	36891297
ENSG00000226009	10	103578835	103588536
ENSG00000151718	4	184020446	184241930
ENSG00000222430	10	103712362	103712461
ENSG00000269396	7	302918	304070
ENSG00000174640	3	133651540	133771028
ENSG00000224302	10	103845233	103845487
ENSG00000249437	5	70264310	70320941
ENSG00000229629	10	103849725	103849819
ENSG00000271711	3	150329049	150329664
ENSG00000239365	14	105297175	105297508
ENSG00000161558	19	48835613	48867494
ENSG00000240137	3	150421351	150437933
ENSG00000005955	17	34900737	34946278
ENSG00000071994	6	170884383	170893780
ENSG00000113583	5	133291201	133304478
ENSG00000196183	14	105302331	105303221
ENSG00000234409	22	20135950	20138399
ENSG00000225987	HSCHR6_MHC_APD	32163854	32169304
ENSG00000267908	19	56751773	56758863
ENSG00000264201	12	49165758	49165820
ENSG00000244668	3	150437784	150438623
ENSG00000258811	14	105309000	105312253
ENSG00000067992	X	24483338	24557954
ENSG00000257660	12	49182930	49184318
ENSG00000147443	8	21766384	21771371
ENSG00000244265	3	150479724	150480325
ENSG00000101251	20	13829893	13977089
ENSG00000183751	16	2022038	2032934
ENSG00000088543	3	50595462	50608458
ENSG00000197461	7	536895	559933
ENSG00000239265	3	150570271	150798513
ENSG00000130643	10	135138927	135150475
ENSG00000207692	7	126698142	126698238
ENSG00000169679	2	111395275	111435691
ENSG00000105708	19	19821280	19843906
ENSG00000267710	19	56784138	56821819
ENSG00000236340	7	126855181	126869975
ENSG00000272162	6	10748027	10930656
ENSG00000243273	3	150608423	150756605
ENSG00000236105	7	126935674	126936257
ENSG00000224138	7	126990182	126991577
ENSG00000004897	17	45195069	45266788
ENSG00000178449	12	50505762	50514240
ENSG00000226770	7	127116937	127125858
ENSG00000124743	6	53512699	53530506
ENSG00000130204	19	45393826	45406946
ENSG00000253068	10	103862019	103862089
ENSG00000251989	10	104020987	104021063
ENSG00000230819	Y	27164646	27165450
ENSG00000074657	18	56529832	56653712
ENSG00000202569	10	104196269	104196341
ENSG00000271547	12	49194359	49194869
ENSG00000040608	22	20228938	20270769
ENSG00000207467	12	49203694	49203799
ENSG00000199394	12	49285913	49286011
ENSG00000235220	HSCHR6_MHC_DBB	29688037	29703789
ENSG00000158220	3	138153428	138200528
ENSG00000239617	12	49297201	49297596
ENSG00000269609	10	104209574	104220863
ENSG00000201678	12	49321722	49321816
ENSG00000152683	2	32390933	32449448
ENSG00000211460	2	122494679	122525429
ENSG00000188987	6	26188938	26189304
ENSG00000262740	HG388_HG400_PATCH	111934733	111944997
ENSG00000120675	13	43597339	43683045
ENSG00000081665	19	19896648	19932560
ENSG00000164944	8	95499921	95565757
ENSG00000228296	Y	27209230	27246039
ENSG00000261052	16	30205754	30215631
ENSG00000243414	5	114914339	114961876
ENSG00000018869	19	56887413	56904914
ENSG00000259106	14	80077761	80099654
ENSG00000258637	14	80128009	80257606
ENSG00000179886	8	144680074	144682485
ENSG00000197409	6	26197068	26199521
ENSG00000243855	14	31260304	31260695
ENSG00000259184	15	22751742	22752819
ENSG00000128655	2	178487980	178973066
ENSG00000240513	14	31288920	31289120
ENSG00000258416	14	80359423	80440512
ENSG00000232106	HSCHR6_MHC_SSTO	32267412	32346296
ENSG00000090512	3	186353758	186370930
ENSG00000259400	15	22777713	22789974
ENSG00000107731	10	72972327	73062621
ENSG00000213867	14	31290625	31291049
ENSG00000134769	18	32073254	32471808
ENSG00000258766	14	80677762	80921812
ENSG00000122965	12	114254543	114404176
ENSG00000258525	14	31345385	31359014
ENSG00000259344	15	23095170	23115256
ENSG00000258452	14	81288868	81289140
ENSG00000096433	6	33588142	33664351
ENSG00000244694	6	47845764	48036425
ENSG00000258915	14	81448332	81449982
ENSG00000264197	HG388_HG400_PATCH	111620189	111620258
ENSG00000271705	14	81467510	81468130
ENSG00000151967	3	159557650	159615149
ENSG00000056661	17	36890150	36906070
ENSG00000271656	14	81469669	81469989
ENSG00000262083	HG388_HG400_PATCH	111639392	111649074
ENSG00000236379	Y	27314746	27315988
ENSG00000111837	6	10762956	10838764
ENSG00000259167	14	81498873	81499748
ENSG00000258886	14	31433553	31433828
ENSG00000259425	15	23096869	23105332
ENSG00000258999	14	81573377	81636758
ENSG00000263261	HG388_HG400_PATCH	111687938	111699936
ENSG00000207952	14	31483852	31483948
ENSG00000135898	2	231772033	231825781
ENSG00000221303	14	81669039	81669178
ENSG00000263274	HG388_HG400_PATCH	111734977	111735183
ENSG00000258968	14	31487652	31488002
ENSG00000215375	4	667369	675822
ENSG00000205579	14	81712638	81712907
ENSG00000104524	8	144686083	144691943
ENSG00000117616	1	25568728	25664704
ENSG00000258640	14	31580775	31581445
ENSG00000102230	X	24576204	24690794
ENSG00000262958	HG388_HG400_PATCH	111759922	111760194
ENSG00000177398	21	43483068	43563563
ENSG00000120658	13	43787654	44361044
ENSG00000223641	Y	27329790	27330920
ENSG00000261954	HG388_HG400_PATCH	111799123	111799231
ENSG00000270343	14	81725909	81726583
ENSG00000270628	15	23116383	23116940
ENSG00000207440	14	31612145	31612254
ENSG00000202402	14	31713967	31714067
ENSG00000262129	HG388_HG400_PATCH	111816367	111817615
ENSG00000242163	14	81799305	81799705
ENSG00000139624	12	50523575	50561288
ENSG00000227633	Y	27412731	27419678
ENSG00000257831	14	31717834	31771945
ENSG00000259480	15	23128188	23145997
ENSG00000262501	HG388_HG400_PATCH	111900558	111901090
ENSG00000105467	19	48867652	48879633
ENSG00000258605	14	81879314	81879583
ENSG00000199291	14	31727814	31727915
ENSG00000165828	10	135160650	135166187
ENSG00000262805	HG388_HG400_PATCH	111903222	111903321
ENSG00000263784	14	31779519	31779590
ENSG00000258675	14	81908331	81916501
ENSG00000250365	14	31889492	31922089
ENSG00000230856	15	23157871	23158157
ENSG00000128185	22	20301799	20307603
ENSG00000196866	6	26199079	26199471
ENSG00000258977	14	82071691	82089405
ENSG00000163394	4	26483022	26492084
ENSG00000198440	19	56909335	56947404
ENSG00000259174	15	23181938	23182642
ENSG00000258841	14	82127772	82129218
ENSG00000119915	10	103986085	103989346
ENSG00000187667	15	23187728	23208737
ENSG00000173699	2	231860836	231889770
ENSG00000213585	5	133307606	133340824
ENSG00000157193	1	53711217	53793742
ENSG00000244736	15	23263708	23263986
ENSG00000239124	15	23264866	23264948
ENSG00000166535	12	8975068	9039597
ENSG00000271530	6	95124	95454
ENSG00000110696	11	16634679	16778428
ENSG00000196455	3	130397779	130465673
ENSG00000220212	6	105919	106856
ENSG00000070748	10	50817141	50901925
ENSG00000107859	10	103989943	104001231
ENSG00000143434	1	151104161	151119104
ENSG00000170590	6	131910	144885
ENSG00000217929	6	142272	145083
ENSG00000163378	3	69024365	69063112
ENSG00000251201	5	114914339	114961858
ENSG00000240790	7	127284739	127292066
ENSG00000140181	15	23282281	23378228
ENSG00000218577	6	167607	170631
ENSG00000240579	7	127497905	127498541
ENSG00000237052	HSCHR6_MHC_APD	32169884	32174641
ENSG00000163785	3	133784147	133969689
ENSG00000175782	12	69139886	69187508
ENSG00000241878	22	32014477	32058418
ENSG00000263667	6	181466	205484
ENSG00000207588	7	127721913	127722012
ENSG00000198632	7	74945134	74957275
ENSG00000207705	7	127847924	127847996
ENSG00000165338	10	93170096	93274586
ENSG00000272915	7	127904579	127904942
ENSG00000143476	1	212208919	212280742
ENSG00000182870	12	132680924	132905935
ENSG00000205653	6	203313	206392
ENSG00000221429	7	127930057	127930144
ENSG00000151773	13	44398045	44453827
ENSG00000242261	7	127946702	127947731
ENSG00000224242	HSCHR6_MHC_SSTO	32367231	32381497
ENSG00000258053	12	71441182	71512027
ENSG00000230433	6	524171	525581
ENSG00000258593	14	105324129	105325173
ENSG00000238750	7	127984135	127984196
ENSG00000202178	7	74955146	74955247
ENSG00000174373	14	36007558	36278510
ENSG00000127445	19	9945933	9960358
ENSG00000259067	14	105370679	105371541
ENSG00000149483	11	61129473	61136981
ENSG00000205505	7	74966356	74974606
ENSG00000219712	6	669081	670307
ENSG00000213402	11	67202981	67205538
ENSG00000214732	6	42123279	42131156
ENSG00000231399	10	54798045	54798304
ENSG00000257556	14	105559946	105565341
ENSG00000226296	10	55050832	55070825
ENSG00000272463	6	708592	711405
ENSG00000252161	10	55217957	55218048
ENSG00000258154	14	105579027	105579201
ENSG00000166562	18	56806709	56826068
ENSG00000233805	10	55526160	55526374
ENSG00000257622	14	105618531	105647531
ENSG00000271727	6	711533	750729
ENSG00000263921	10	56107723	56107774
ENSG00000134970	5	114949205	114968689
ENSG00000252252	10	56212183	56212271
ENSG00000238395	12	49354521	49354619
ENSG00000271911	6	761675	780648
ENSG00000200303	12	49369326	49369429
ENSG00000234173	10	56245990	56415811
ENSG00000242085	14	105840955	105841308
ENSG00000230453	9	33524392	33573007
ENSG00000137809	15	68594050	68724501
ENSG00000258283	12	49388933	49390117
ENSG00000272485	6	774747	780214
ENSG00000119383	9	131873229	131911225
ENSG00000260982	6	905462	909594
ENSG00000257913	12	49392150	49412988
ENSG00000224697	10	56359438	56360443
ENSG00000107862	10	104005289	104142656
ENSG00000229796	6	958563	962511
ENSG00000221594	10	56367634	56367717
ENSG00000270538	3	49289562	49289697
ENSG00000273262	10	104242796	104243316
ENSG00000236958	10	56624434	56628882
ENSG00000199546	3	49307565	49307672
ENSG00000270937	6	1026729	1027460
ENSG00000242311	10	104285722	104286001
ENSG00000264633	3	49311553	49311619
ENSG00000236744	10	57007515	57356993
ENSG00000238438	6	1186753	1186855
ENSG00000257346	12	49483991	49487095
ENSG00000228657	10	104332514	104332982
ENSG00000235908	3	49402578	49404439
ENSG00000261730	6	1384025	1385301
ENSG00000223800	10	57228087	57228982
ENSG00000207029	10	104351281	104351387
ENSG00000235261	3	49460379	49461864
ENSG00000243439	6	1507557	1507851
ENSG00000109680	4	26578059	26756973
ENSG00000218027	6	1513933	1515524
ENSG00000228048	10	57265979	57272977
ENSG00000267801	17	73872453	73875627
ENSG00000102908	16	69598997	69738569
ENSG00000234536	7	45813194	45822756
ENSG00000201301	3	49504548	49504661
ENSG00000130203	19	45409011	45412650
ENSG00000272279	6	1528599	1529146
ENSG00000238355	10	57327499	57327602
ENSG00000267342	17	73893141	73896229
ENSG00000226913	3	49586739	49591799
ENSG00000236993	10	57427101	57428110
ENSG00000170265	7	148892577	148923339
ENSG00000238196	HSCHR6_MHC_APD	32173961	32183518
ENSG00000267615	17	73939913	73941223
ENSG00000112599	6	42152139	42162654
ENSG00000179630	13	44453420	44468068
ENSG00000022355	5	161274197	161326975
ENSG00000244382	3	150618941	150621181
ENSG00000212450	7	45829184	45829287
ENSG00000270541	10	57506311	57506668
ENSG00000127324	12	71518865	71835678
ENSG00000235120	3	49677916	49679202
ENSG00000272556	7	45854201	45854862
ENSG00000101868	X	24712036	25015103
ENSG00000238707	10	58355723	58355791
ENSG00000261408	17	73975312	74002080
ENSG00000222079	3	150635484	150635582
ENSG00000259970	3	49721913	49722416
ENSG00000264747	10	59064239	59064319
ENSG00000235955	7	45855815	45858615
ENSG00000199994	3	150905886	150906010
ENSG00000266798	3	150953732	150953822
ENSG00000235810	10	59272917	59273185
ENSG00000183038	22	20366206	20368028
ENSG00000172725	11	67205519	67211292
ENSG00000239576	3	49795916	49796089
ENSG00000154124	5	14664773	14699820
ENSG00000259075	12	89913185	89920039
ENSG00000239570	3	150987228	150987917
ENSG00000244730	3	49812718	49813047
ENSG00000226838	7	45856156	45860663
ENSG00000223841	10	59715055	59716938
ENSG00000105438	19	48885827	48894810
ENSG00000067715	12	79257773	79845788
ENSG00000251378	7	45858181	45858696
ENSG00000146085	6	49398073	49430904
ENSG00000250903	6	2245982	2482256
ENSG00000202350	7	45883233	45883339
ENSG00000158470	20	48249482	48330415
ENSG00000237471	7	46009256	46019790
ENSG00000104522	8	144694788	144700218
ENSG00000239004	7	46014976	46015037
ENSG00000144554	3	10068098	10143614
ENSG00000229628	7	46030504	46040497
ENSG00000132471	17	73841780	73852588
ENSG00000205274	9	33617760	33618504
ENSG00000197329	2	64319786	64371588
ENSG00000251695	12	69186125	69187743
ENSG00000233952	7	46037139	46037670
ENSG00000162972	2	200820040	200873263
ENSG00000181751	5	102594403	102614361
ENSG00000221974	HSCHR6_MHC_QBL	30865549	30871471
ENSG00000258130	16	30215637	30220392
ENSG00000196622	22	20456003	20461786
ENSG00000139656	13	44717679	44735393
ENSG00000183938	9	33629119	33629584
ENSG00000258718	14	82194124	82209482
ENSG00000188646	12	75057554	75057921
ENSG00000151778	13	44947801	44971850
ENSG00000257998	12	75121818	75122631
ENSG00000229063	9	33638033	33638492
ENSG00000188280	22	20692438	20716938
ENSG00000148803	10	135168658	135171529
ENSG00000243945	3	109696387	109696614
ENSG00000037042	17	40811323	40819024
ENSG00000130227	8	21777180	21864096
ENSG00000236672	HSCHR6_MHC_APD	32295497	32350672
ENSG00000258017	12	49521565	49541652
ENSG00000105464	19	48898132	48948188
ENSG00000240895	3	110246329	110248429
ENSG00000257434	12	75414749	75438573
ENSG00000221206	3	110270692	110270812
ENSG00000256498	14	105861979	105862477
ENSG00000196408	16	2028918	2034193
ENSG00000130208	19	45417504	45422606
ENSG00000244722	3	110401133	110402001
ENSG00000200309	12	49526636	49526730
ENSG00000134443	18	56887400	56898006
ENSG00000201426	3	110445868	110445968
ENSG00000258101	12	49627352	49658539
ENSG00000267128	17	74136637	74150731
ENSG00000251602	14	105883221	105886076
ENSG00000173166	2	204259068	204400133
ENSG00000258232	12	49658939	49667089
ENSG00000236086	6	2341684	2341950
ENSG00000198064	16	30234258	30265831
ENSG00000254451	12	75628520	75692288
ENSG00000242242	3	110612555	110790400
ENSG00000223367	HSCHR6_MHC_DBB	33217712	33222212
ENSG00000127412	7	142605267	142630905
ENSG00000258334	12	49686414	49718359
ENSG00000266252	6	2409770	2409869
ENSG00000272465	6	2437783	2438483
ENSG00000198844	17	8213559	8225829
ENSG00000228718	6	2637170	2640235
ENSG00000266750	6	2854265	2854341
ENSG00000270192	10	59742045	59742753
ENSG00000161133	22	20704868	20745048
ENSG00000257954	12	49783299	49783945
ENSG00000239323	14	31932001	31932577
ENSG00000257270	14	105934130	105936954
ENSG00000232115	10	59866184	59866640
ENSG00000230438	6	2854896	2881641
ENSG00000198046	19	56950694	56989434
ENSG00000267394	17	42276250	42293933
ENSG00000258196	14	32022564	32027704
ENSG00000230157	14	106003198	106003576
ENSG00000180221	10	59972302	59972797
ENSG00000257464	12	49836207	49836435
ENSG00000010438	9	33750515	33799230
ENSG00000267376	17	74198725	74198877
ENSG00000260793	17	42298769	42301078
ENSG00000137414	6	17600586	17611950
ENSG00000239311	3	111185160	111215942
ENSG00000257155	14	32027713	32030540
ENSG00000204128	2	231902205	231914434
ENSG00000244142	3	111197584	111197790
ENSG00000223087	14	32131244	32131349
ENSG00000267691	17	42306128	42307596
ENSG00000207412	14	32155898	32156004
ENSG00000234402	14	106012947	106016031
ENSG00000226127	HSCHR6_MHC_APD	32371619	32385878
ENSG00000238970	10	59998418	59998521
ENSG00000257472	14	32395007	32399352
ENSG00000228527	10	60064313	60065381
ENSG00000228786	Y	27524447	27540866
ENSG00000240787	3	111289485	111289901
ENSG00000232999	6	2910847	2912347
ENSG00000239702	17	42368226	42368519
ENSG00000263413	14	106056273	106056350
ENSG00000105447	19	48949030	48960279
ENSG00000102804	13	45007655	45151283
ENSG00000258655	14	32544625	32545999
ENSG00000266597	14	106057407	106057466
ENSG00000244720	3	111352519	111353936
ENSG00000233652	Y	27535139	27537958
ENSG00000267750	17	42376942	42392683
ENSG00000228365	6	2917128	2917967
ENSG00000112874	5	102884556	102898494
ENSG00000182551	2	3501132	3523507
ENSG00000201654	14	32671251	32671357
ENSG00000227468	14	106064028	106066546
ENSG00000202337	14	32672369	32672475
ENSG00000197846	6	26199748	26200942
ENSG00000221496	17	42381382	42381570
ENSG00000244041	6	2988201	2991407
ENSG00000252628	17	42384456	42384541
ENSG00000267211	17	42405981	42408830
ENSG00000129596	5	115140430	115152651
ENSG00000273217	5	130761584	131132676
ENSG00000267634	17	42442382	42443119
ENSG00000233944	Y	27539301	27540203
ENSG00000240589	17	42486429	42486726
ENSG00000105088	19	9964394	10047228
ENSG00000271222	17	42673714	42674712
ENSG00000154122	5	14704910	14871887
ENSG00000223636	Y	27577303	27583462
ENSG00000124380	2	70120692	70132707
ENSG00000174368	7	74880905	74988262
ENSG00000267384	17	42722779	42722958
ENSG00000263506	3	49843570	49843678
ENSG00000073605	17	38060848	38076107
ENSG00000224846	6	2989960	2999368
ENSG00000263651	3	49856387	49856486
ENSG00000197818	20	48429250	48508779
ENSG00000264706	3	49900819	49901093
ENSG00000170260	7	148936742	148952700
ENSG00000266979	17	42723732	42727717
ENSG00000234667	3	49910780	49915413
ENSG00000270346	6	3020388	3022984
ENSG00000184385	21	43522244	43528644
ENSG00000198518	6	26204858	26206266
ENSG00000267160	17	42751057	42753625
ENSG00000134438	18	56934267	56941318
ENSG00000271361	6	3023376	3024006
ENSG00000264251	17	42796232	42796498
ENSG00000230698	3	49936735	49941190
ENSG00000261015	6	3025025	3027659
ENSG00000261076	10	60085374	60086790
ENSG00000240305	17	42797128	42797965
ENSG00000183055	10	60475314	60476017
ENSG00000232654	6	3045618	3046034
ENSG00000235016	3	50153455	50193518
ENSG00000252076	10	60628944	60629288
ENSG00000228218	17	74221832	74222887
ENSG00000237949	10	60759386	60761303
ENSG00000110169	11	6452279	6463847
ENSG00000217707	6	3049069	3049445
ENSG00000251779	17	74315457	74315554
ENSG00000207922	3	50210759	50210852
ENSG00000238418	17	74320277	74320380
ENSG00000229282	6	3056124	3056995
ENSG00000228700	7	128073476	128073767
ENSG00000207169	17	74333397	74333503
ENSG00000244395	Y	24026223	24040673
ENSG00000172297	Y	27600708	27606719
ENSG00000272277	6	3068279	3069128
ENSG00000267518	17	74341842	74342162
ENSG00000230463	HSCHR6_MHC_APD	32470408	32484153
ENSG00000259035	14	82207346	82496693
ENSG00000238590	7	128083503	128083564
ENSG00000226888	10	60848461	60848799
ENSG00000242931	17	74426499	74427206
ENSG00000241891	14	82243360	82243957
ENSG00000273184	7	128095894	128133913
ENSG00000199870	7	74983126	74983227
ENSG00000222248	6	3088920	3089043
ENSG00000258501	14	82382575	82384232
ENSG00000228170	6	3138628	3153296
ENSG00000234794	HSCHR6_MHC_SSTO	32413425	32418635
ENSG00000240758	7	128095991	128109251
ENSG00000184650	17	8243182	8249364
ENSG00000216819	6	3177278	3179998
ENSG00000267546	17	74541750	74553765
ENSG00000255767	2	3579574	3595547
ENSG00000114988	2	97371666	97405801
ENSG00000238978	14	82928432	82928532
ENSG00000205583	7	74988448	75024657
ENSG00000254140	14	106067809	106071694
ENSG00000188338	3	50242679	50258411
ENSG00000258743	14	83108964	83173169
ENSG00000272933	10	104402549	104403897
ENSG00000230269	6	3182978	3195990
ENSG00000182742	17	46652875	46657473
ENSG00000267543	17	74546033	74546908
ENSG00000272601	7	128106617	128109225
ENSG00000183530	22	32072242	32146126
ENSG00000268208	14	78227711	78228033
ENSG00000253364	14	106110833	106115394
ENSG00000105948	7	138818490	138876732
ENSG00000198150	17	8261731	8263538
ENSG00000273270	7	128164070	128171123
ENSG00000272320	6	3311896	3313884
ENSG00000224870	1	1334902	1337426
ENSG00000259032	14	83159048	83159399
ENSG00000187049	11	61159159	61166335
ENSG00000252994	10	104563686	104563788
ENSG00000253755	14	106130970	106136180
ENSG00000228793	6	3594481	3624981
ENSG00000258683	14	83254822	83262565
ENSG00000171865	2	3592383	3606206
ENSG00000203886	10	104592478	104594273
ENSG00000184349	5	106712590	107006596
ENSG00000104055	15	43524793	43559055
ENSG00000240766	3	111395583	111396280
ENSG00000184619	17	8271955	8280029
ENSG00000258600	14	83483450	83484488
ENSG00000239439	3	111749778	111750496
ENSG00000258426	14	83484545	83505946
ENSG00000213061	10	104597768	104605230
ENSG00000115364	2	75873909	75917977
ENSG00000143006	1	53925072	53933161
ENSG00000252369	14	83514923	83514984
ENSG00000213140	14	106138645	106139651
ENSG00000196976	X	153706028	153707596
ENSG00000187990	6	26216428	26216872
ENSG00000238561	14	84216728	84216845
ENSG00000207940	3	111831648	111831745
ENSG00000236937	10	104605352	104605707
ENSG00000258549	14	84271840	84271984
ENSG00000048544	6	42174539	42185603
ENSG00000263809	17	8271956	8286505
ENSG00000138744	4	76831809	76862204
ENSG00000201080	10	104628178	104628276
ENSG00000169217	16	30362087	30366682
ENSG00000258532	14	84373216	84381394
ENSG00000120075	17	46668619	46671323
ENSG00000235266	10	104647631	104647945
ENSG00000083635	13	45513384	45563618
ENSG00000257233	HSCHR6_MHC_APD	32679935	32683691
ENSG00000165131	7	142636440	142637955
ENSG00000272912	10	104674342	104675161
ENSG00000066027	1	212458879	212535200
ENSG00000107341	9	33817565	33920402
ENSG00000187010	1	25598884	25656936
ENSG00000237827	10	104884774	104885173
ENSG00000172264	20	13976015	16033842
ENSG00000272386	17	74547434	74547832
ENSG00000063761	14	78266426	78401355
ENSG00000261488	3	111852270	111854206
ENSG00000233192	HSCHR6_MHC_APD	32694039	32700103
ENSG00000213277	10	104935311	104935851
ENSG00000244144	3	111904327	111904845
ENSG00000146247	6	79645584	79787953
ENSG00000239482	3	112021325	112051638
ENSG00000242485	1	1337288	1342693
ENSG00000163597	17	74553848	74561430
ENSG00000004848	X	25021811	25034065
ENSG00000161970	17	8280838	8286531
ENSG00000166689	11	16799842	17035990
ENSG00000108511	17	46671639	46682354
ENSG00000174332	1	53971910	54199877
ENSG00000173890	3	169755717	169803191
ENSG00000196263	19	57019212	57041590
ENSG00000257964	12	49970623	49971288
ENSG00000199237	12	49986887	49986996
ENSG00000185252	22	20748405	20762745
ENSG00000133114	13	45563687	45607746
ENSG00000258284	12	49987874	49988041
ENSG00000176774	X	26156460	26158852
ENSG00000257243	12	49988931	49989471
ENSG00000258112	12	75651415	75652414
ENSG00000269205	16	2031633	2032918
ENSG00000258104	12	50013117	50013395
ENSG00000257823	12	75699232	75700137
ENSG00000257570	12	50103020	50103119
ENSG00000176746	X	26210557	26213763
ENSG00000257497	12	75877904	75883600
ENSG00000127884	10	135175984	135187193
ENSG00000243081	3	112115494	112127981
ENSG00000257730	12	50164743	50164919
ENSG00000242525	3	112243034	112244048
ENSG00000173692	2	231921578	232037541
ENSG00000272761	3	112315641	112320749
ENSG00000160179	21	43619799	43717354
ENSG00000258057	12	50222325	50234926
ENSG00000188408	X	26234286	26236387
ENSG00000230675	HSCHR6_MHC_APD	32708756	32716212
ENSG00000242308	3	112415755	112416553
ENSG00000240893	3	112455294	112468166
ENSG00000125952	14	65472892	65569413
ENSG00000175514	11	67218772	67220200
ENSG00000204386	6	31825436	31830683
ENSG00000068137	17	40819932	40829048
ENSG00000182500	12	122064455	122080583
ENSG00000145743	5	107194736	107717799
ENSG00000080573	19	10070237	10121147
ENSG00000189186	X	27608499	27766908
ENSG00000031081	3	119013220	119139561
ENSG00000119862	2	64681103	64688515
ENSG00000124827	6	10873456	10882174
ENSG00000175544	11	67219877	67226699
ENSG00000224916	19	45445495	45452822
ENSG00000059728	2	70124820	70170077
ENSG00000177689	X	27826107	27841131
ENSG00000256771	19	19976695	20005483
ENSG00000171863	2	3622795	3628509
ENSG00000166569	18	56942388	56985881
ENSG00000135679	12	69201956	69239214
ENSG00000243612	HSCHR6_MHC_APD	32764306	32768591
ENSG00000226372	X	27996110	27999566
ENSG00000259414	15	23388289	23392657
ENSG00000124789	6	17615269	17706656
ENSG00000259233	15	23417958	23421818
ENSG00000188342	13	45694650	45858237
ENSG00000267467	19	45445495	45452820
ENSG00000166997	7	99717236	99723134
ENSG00000114107	3	138213186	138313380
ENSG00000155755	2	202484907	202508293
ENSG00000257253	12	50254990	50259528
ENSG00000242041	12	50256956	50257286
ENSG00000065600	1	212537273	212588243
ENSG00000175676	15	23435096	23448420
ENSG00000169306	X	28605516	29974840
ENSG00000136518	3	179280668	179306196
ENSG00000227357	HSCHR6_MHC_SSTO	32509573	32524536
ENSG00000258135	12	50302665	50305646
ENSG00000184635	19	20011722	20046384
ENSG00000127554	16	2034208	2037750
ENSG00000258619	14	32710730	32712299
ENSG00000074695	18	56995055	57027194
ENSG00000235098	1	1353800	1357149
ENSG00000183918	X	123480194	123507005
ENSG00000259086	14	32741061	32741510
ENSG00000103647	15	68871308	69020145
ENSG00000258580	14	32842543	32887180
ENSG00000234906	19	45449243	45452822
ENSG00000139292	12	71833550	71980090
ENSG00000265770	14	32911547	32911843
ENSG00000196141	2	201170604	201346986
ENSG00000259045	14	32953304	32954006
ENSG00000005436	2	75879126	75938115
ENSG00000265244	14	34446516	34446597
ENSG00000124496	6	42192669	42419789
ENSG00000258897	14	34509303	34528506
ENSG00000109689	4	26859300	27027003
ENSG00000223593	14	34885893	34886808
ENSG00000242770	3	112521325	112531666
ENSG00000129003	15	62144588	62352672
ENSG00000268461	19	20047769	20048639
ENSG00000237450	14	34955185	34955653
ENSG00000268857	2	157352597	157352655
ENSG00000188483	9	131937835	131940540
ENSG00000180332	13	45766988	45775175
ENSG00000163154	1	151129105	151132225
ENSG00000272844	3	112709294	112710000
ENSG00000267114	19	45453301	45457264
ENSG00000259002	14	35011023	35011650
ENSG00000204713	6	28870779	28891766
ENSG00000258612	14	35013705	35015183
ENSG00000260027	17	46684594	46710934
ENSG00000137269	6	53659295	53788919
ENSG00000099399	X	30233677	30238206
ENSG00000206596	14	35015920	35016083
ENSG00000206588	14	35025432	35025595
ENSG00000139160	12	31800094	31826048
ENSG00000127561	16	2039661	2044276
ENSG00000259135	14	35025980	35030504
ENSG00000198798	X	30248553	30255607
ENSG00000136542	2	158114110	158170723
ENSG00000240463	14	35037895	35038335
ENSG00000253003	14	35145097	35145200
ENSG00000225967	HSCHR6_MHC_APD	32773366	32790162
ENSG00000241582	14	35163376	35163850
ENSG00000228080	HSCHR6_MHC_SSTO	32637568	32670792
ENSG00000154262	17	67074843	67138029
ENSG00000243824	14	35209542	35210039
ENSG00000240057	3	112738379	112902148
ENSG00000120289	X	30260057	30262293
ENSG00000263691	14	35270737	35270791
ENSG00000149532	11	61170121	61197503
ENSG00000117691	1	212606229	212619714
ENSG00000242962	15	23443616	23443894
ENSG00000182324	19	48958766	48969367
ENSG00000251726	14	35314506	35314566
ENSG00000148335	9	132371163	132398209
ENSG00000238347	15	23444768	23444850
ENSG00000258738	14	35343549	35345665
ENSG00000197124	19	20107867	20150315
ENSG00000259325	15	23466152	23471888
ENSG00000172663	11	67231824	67236743
ENSG00000259401	15	23499526	23501360
ENSG00000258704	14	35390064	35451738
ENSG00000214107	X	30261847	30270155
ENSG00000139613	12	56556767	56583351
ENSG00000077232	2	183580999	183659191
ENSG00000259145	15	23572032	23579274
ENSG00000268465	19	48969094	48975688
ENSG00000058804	1	54231133	54304533
ENSG00000230493	17	19122674	19125839
ENSG00000214309	7	99724317	99726118
ENSG00000140350	15	69070874	69113236
ENSG00000182646	X	52976462	53024651
ENSG00000196405	14	100437786	100610573
ENSG00000104853	19	45457842	45496599
ENSG00000107890	10	27280843	27389421
ENSG00000169297	X	30322323	30327715
ENSG00000169981	3	44690219	44702283
ENSG00000260399	15	23583132	23586995
ENSG00000114735	3	50606583	50622366
ENSG00000242502	15	23608428	23608706
ENSG00000238737	15	23609591	23609673
ENSG00000261418	15	23675986	23680359
ENSG00000188191	7	588834	767287
ENSG00000163156	1	151129140	151142773
ENSG00000265673	15	23807209	23807278
ENSG00000179058	9	132374504	132383055
ENSG00000188186	7	99746530	99753567
ENSG00000133112	13	45911008	45915505
ENSG00000260978	15	23812411	23814804
ENSG00000179449	15	23888695	23890979
ENSG00000120280	X	30576941	30595961
ENSG00000198246	10	73079015	73123142
ENSG00000197603	5	37106330	37249530
ENSG00000108641	17	19240867	19281495
ENSG00000164896	7	150773711	150777953
ENSG00000159495	15	43568478	43594453
ENSG00000258077	12	75956982	76377795
ENSG00000213988	19	20188803	20237885
ENSG00000215252	15	34817408	34880704
ENSG00000206476	HSCHR6_MHC_QBL	30865607	30883835
ENSG00000105443	19	48972289	48985571
ENSG00000198301	4	76862103	76912115
ENSG00000162772	1	212738676	212794119
ENSG00000070961	12	89981828	90103077
ENSG00000257777	12	75993827	75995331
ENSG00000167962	16	2047655	2059824
ENSG00000258245	12	76082574	76082876
ENSG00000251893	12	76082932	76083084
ENSG00000229256	10	104975466	104976557
ENSG00000148331	9	132399171	132404444
ENSG00000212413	10	105072193	105072325
ENSG00000231975	HSCHR6_MHC_DBB	31478678	31480193
ENSG00000221767	10	105154010	105154158
ENSG00000273485	10	105209953	105210609
ENSG00000234699	10	105212603	105222452
ENSG00000137073	9	33921691	34048947
ENSG00000215644	17	79762008	79771889
ENSG00000160180	21	43731777	43735761
ENSG00000145592	5	40825364	40835437
ENSG00000114737	3	50643921	50649262
ENSG00000244486	22	20778874	20792146
ENSG00000235222	HSCHR6_MHC_COX	31695173	31717835
ENSG00000235155	HSCHR6_MHC_DBB	33222842	33224527
ENSG00000183287	18	57098172	57364612
ENSG00000196653	3	44754135	44765323
ENSG00000205116	1	1361508	1363167
ENSG00000145782	5	115163893	115177555
ENSG00000158480	20	48519928	48532080
ENSG00000056097	5	32354456	32444867
ENSG00000179403	1	1370241	1378262
ENSG00000160181	21	43766466	43771237
ENSG00000181019	16	69740899	69760854
ENSG00000266839	17	20226314	20226650
ENSG00000139714	12	122089024	122110537
ENSG00000151743	12	31824071	31882108
ENSG00000201138	7	75010915	75011015
ENSG00000198814	X	30671476	30748725
ENSG00000146722	7	75021229	75024708
ENSG00000206616	15	24022584	24022690
ENSG00000169221	16	30368423	30381585
ENSG00000261622	15	24157556	24186863
ENSG00000125848	20	14303634	14318262
ENSG00000226916	HSCHR6_MHC_DBB	33224810	33235233
ENSG00000260232	15	24220319	24248582
ENSG00000167157	9	132427920	132484875
ENSG00000186446	3	44771088	44778575
ENSG00000260551	15	24407901	24415095
ENSG00000160182	21	43782391	43786703
ENSG00000230669	HSCHR6_MHC_APD	32792101	32796087
ENSG00000223705	7	75039605	75046066
ENSG00000132357	5	40841286	40860275
ENSG00000162771	1	212797789	212800120
ENSG00000114738	3	50648951	50686720
ENSG00000168806	15	43619974	43622803
ENSG00000148344	9	132500610	132515326
ENSG00000169026	4	675618	683230
ENSG00000258493	14	35390071	35390212
ENSG00000124226	20	48552948	48570429
ENSG00000123685	1	212859760	212873327
ENSG00000215915	1	1385069	1405538
ENSG00000164818	7	766338	829190
ENSG00000204946	7	148959262	148994393
ENSG00000258023	HSCHR6_MHC_SSTO	32656765	32656819
ENSG00000164708	7	44102326	44105186
ENSG00000233828	5	86512423	86534822
ENSG00000155052	2	124782864	125672864
ENSG00000168803	15	43622872	43646096
ENSG00000136816	9	132565432	132573560
ENSG00000183971	16	2059927	2070756
ENSG00000228474	2	27293340	27294641
ENSG00000163155	1	151132224	151138424
ENSG00000253701	14	106170301	106170939
ENSG00000264024	14	106178260	106178329
ENSG00000112493	HSCHR6_MHC_COX	33189081	33203772
ENSG00000253692	14	106185955	106188864
ENSG00000260780	15	24451931	24471001
ENSG00000099910	22	20783528	20850170
ENSG00000270371	14	106251842	106252168
ENSG00000261621	15	24480225	24521976
ENSG00000256229	19	20278037	20311299
ENSG00000265612	14	106323682	106323741
ENSG00000266706	14	106323742	106323801
ENSG00000265517	14	106323912	106323971
ENSG00000260959	15	24483292	24485339
ENSG00000264473	14	106324334	106324411
ENSG00000261598	15	24544896	24545785
ENSG00000263751	14	106324504	106324581
ENSG00000116016	2	46520806	46613836
ENSG00000083168	8	41786997	41909508
ENSG00000266408	14	106324723	106324792
ENSG00000196867	19	57050317	57068169
ENSG00000264781	14	106325653	106325722
ENSG00000260760	15	24686274	24693114
ENSG00000160183	21	43791999	43816955
ENSG00000265714	14	106325958	106326024
ENSG00000237111	14	106329626	106329675
ENSG00000237547	14	106331003	106331062
ENSG00000122678	7	44111846	44122139
ENSG00000136827	9	132575223	132586413
ENSG00000217128	5	130977407	131132710
ENSG00000168811	3	159706537	159713806
ENSG00000257771	12	50305736	50324103
ENSG00000160072	1	1407143	1433228
ENSG00000196453	7	149128454	149158214
ENSG00000117697	1	212899495	212965124
ENSG00000180438	3	13978756	14124311
ENSG00000259905	15	24738284	24897277
ENSG00000237440	19	20718631	20748615
ENSG00000170209	11	113258513	113271140
ENSG00000107736	10	73156691	73575702
ENSG00000110171	11	6469843	6495689
ENSG00000159248	15	35043233	35047166
ENSG00000122986	12	111065646	111142755
ENSG00000113327	5	161494546	161582542
ENSG00000180209	16	30382255	30389312
ENSG00000065054	16	2075357	2089027
ENSG00000197977	6	10980992	11044547
ENSG00000242711	HSCHR6_MHC_APD	32795520	32830948
ENSG00000141682	18	57567180	57571538
ENSG00000110700	11	17095936	17099334
ENSG00000227335	14	106331834	106331888
ENSG00000188171	19	20802867	20844402
ENSG00000089177	20	16252749	16554078
ENSG00000159251	15	35080297	35088340
ENSG00000244620	14	106355942	106362435
ENSG00000174032	13	45967451	45992590
ENSG00000124216	20	48599536	48605423
ENSG00000254279	14	106411066	106411245
ENSG00000112936	5	40909354	40983041
ENSG00000233988	14	106435819	106438358
ENSG00000221971	7	46039220	46040377
ENSG00000166603	18	58038564	58040001
ENSG00000225200	14	106444607	106445233
ENSG00000224547	7	46184535	46185286
ENSG00000163528	3	14153580	14166370
ENSG00000229459	7	46300662	46334067
ENSG00000197016	19	57078880	57100279
ENSG00000237760	7	46341718	46383219
ENSG00000242588	7	128171752	128269512
ENSG00000240355	7	46516055	46517538
ENSG00000230680	7	46517420	46521176
ENSG00000224519	7	46674212	46674544
ENSG00000124208	20	48697661	48770174
ENSG00000184895	Y	2654896	2655740
ENSG00000132581	17	26975374	26989207
ENSG00000242948	7	46820971	46823041
ENSG00000176142	3	119148347	119187677
ENSG00000145736	5	70330784	70363516
ENSG00000180035	16	30389427	30411429
ENSG00000163157	1	151142462	151148760
ENSG00000136819	9	132589569	132598142
ENSG00000232072	7	46930223	47089276
ENSG00000118004	2	3642426	3692048
ENSG00000160229	19	20959110	20991922
ENSG00000021645	14	78708734	80330762
ENSG00000158428	2	219221579	219232822
ENSG00000149295	11	113280318	113346413
ENSG00000213280	7	128210295	128210742
ENSG00000223829	7	47009300	47067079
ENSG00000223189	7	128267226	128267329
ENSG00000101542	18	59000815	59223006
ENSG00000227450	17	36905613	36906969
ENSG00000148832	10	135192695	135205198
ENSG00000243302	7	128291239	128292388
ENSG00000229192	7	47040218	47118726
ENSG00000230624	HSCHR6_MHC_DBB	31480180	31496536
ENSG00000173889	3	169804520	169899537
ENSG00000242107	3	159733811	159749210
ENSG00000185619	4	699537	764428
ENSG00000187391	7	77646393	79082890
ENSG00000232062	HSCHR6_MHC_SSTO	32697728	32726026
ENSG00000120068	17	46688739	46692478
ENSG00000242552	7	47065726	47066168
ENSG00000108294	17	36908989	36920484
ENSG00000257588	12	50345295	50356707
ENSG00000180044	3	159943423	159945999
ENSG00000227816	HSCHR6_MHC_APD	32796593	32805362
ENSG00000214754	7	47092391	47093272
ENSG00000141101	16	69775770	69788843
ENSG00000258762	14	84639185	84639950
ENSG00000197951	19	57106632	57137849
ENSG00000243483	3	112760237	112760661
ENSG00000213600	3	50277054	50277416
ENSG00000244687	20	48697661	48732496
ENSG00000253780	14	106467677	106467967
ENSG00000248710	3	159945241	160167617
ENSG00000241219	3	112769759	112782290
ENSG00000258923	14	84640135	84641854
ENSG00000238593	3	112811291	112811372
ENSG00000253076	3	112856813	112856888
ENSG00000230454	3	50297735	50300790
ENSG00000243795	3	112861197	112886666
ENSG00000011405	11	17099277	17229530
ENSG00000183580	5	15500305	15939900
ENSG00000240751	3	113079114	113080166
ENSG00000170876	3	14166440	14185179
ENSG00000181220	7	149169885	149194908
ENSG00000163807	3	44779153	44803154
ENSG00000170689	17	46698518	46703839
ENSG00000236078	7	47661537	47669491
ENSG00000180096	16	30389454	30407312
ENSG00000146666	7	47801074	47806370
ENSG00000268182	19	57154513	57167134
ENSG00000145715	5	86563705	86687748
ENSG00000110711	11	67250512	67258574
ENSG00000136152	13	46039060	46110765
ENSG00000148848	10	127700950	128077024
ENSG00000230715	7	128292895	128293719
ENSG00000100150	22	32149944	32303012
ENSG00000127903	19	57174020	57183151
ENSG00000229413	7	128293740	128293989
ENSG00000129824	Y	2709527	2800041
ENSG00000021776	15	35147732	35262040
ENSG00000226557	10	60896385	60897942
ENSG00000243679	7	128294023	128294776
ENSG00000188735	12	122150658	122220907
ENSG00000243849	3	113122838	113152839
ENSG00000115138	2	25383722	25391772
ENSG00000236556	10	61041907	61042595
ENSG00000271529	7	128296016	128298845
ENSG00000235469	10	61311162	61311636
ENSG00000271553	7	128307097	128308210
ENSG00000231939	HSCHR6_MHC_SSTO	32715138	32722385
ENSG00000235140	10	61348908	61371006
ENSG00000189051	17	8294022	8301144
ENSG00000241493	7	128309141	128309946
ENSG00000204709	6	28911654	28912314
ENSG00000258088	12	76087790	76092596
ENSG00000168274	6	26217165	26217711
ENSG00000203705	1	212965170	212989968
ENSG00000253387	14	106495898	106495996
ENSG00000227877	10	61496753	61513203
ENSG00000264062	12	76118233	76118321
ENSG00000070718	8	42010464	42029191
ENSG00000157625	X	30845559	30993201
ENSG00000258091	12	76319993	76320247
ENSG00000176714	2	27848506	27851879
ENSG00000065057	16	2089816	2097867
ENSG00000243420	12	76351614	76351910
ENSG00000009694	X	123509753	124097666
ENSG00000197993	7	142638201	142659768
ENSG00000140265	15	43650370	43663223
ENSG00000257329	12	76358220	76360842
ENSG00000197935	6	28962562	28973093
ENSG00000198923	12	76357812	76358780
ENSG00000119844	2	64751465	64820139
ENSG00000196966	6	26225383	26225844
ENSG00000257453	12	76424274	76425158
ENSG00000179295	12	112856155	112947717
ENSG00000257839	12	76426438	76427677
ENSG00000165632	10	7860467	8058590
ENSG00000270810	7	128327342	128327926
ENSG00000058799	1	54317392	54356407
ENSG00000257941	12	76451318	76451895
ENSG00000271344	7	128330505	128331771
ENSG00000272042	Y	27605054	27605329
ENSG00000114770	3	183637722	183735803
ENSG00000258304	12	76509491	76509880
ENSG00000252471	Y	27606157	27606239
ENSG00000225507	7	47996390	47996915
ENSG00000239722	7	128333504	128333978
ENSG00000257872	12	76531205	76532390
ENSG00000228173	7	48700171	48702901
ENSG00000172294	Y	27624416	27632852
ENSG00000198876	9	34086385	34127397
ENSG00000225705	7	48886022	48892494
ENSG00000201041	7	128337493	128337610
ENSG00000136878	9	132596977	132644107
ENSG00000252866	7	128337764	128337798
ENSG00000018280	2	219246752	219261617
ENSG00000104856	19	45504688	45541452
ENSG00000244218	7	128401391	128401625
ENSG00000242902	7	128490216	128502680
ENSG00000169807	Y	24217903	24242154
ENSG00000257378	12	50348422	50349908
ENSG00000124575	6	26234440	26235216
ENSG00000224531	6	11094266	11138964
ENSG00000132446	X	31089360	31090170
ENSG00000198327	6	26240561	26240976
ENSG00000166579	17	8316449	8393729
ENSG00000269699	19	57285920	57352097
ENSG00000238615	15	25138894	25138995
ENSG00000241061	15	25154076	25154972
ENSG00000184194	X	53078273	53109797
ENSG00000187714	10	50818347	50820765
ENSG00000166682	11	113558272	113577095
ENSG00000252858	12	76533347	76533451
ENSG00000242088	15	25156021	25156272
ENSG00000240450	Y	27629055	27632852
ENSG00000105750	19	21106028	21133503
ENSG00000257219	12	76653619	76698911
ENSG00000136732	2	127413509	127454246
ENSG00000176641	18	59475296	59561480
ENSG00000183137	6	109416313	109485135
ENSG00000235346	HSCHR6_MHC_DBB	29791968	29796126
ENSG00000178645	10	50887697	50918307
ENSG00000160185	21	43824008	43867791
ENSG00000142235	19	48988528	49016446
ENSG00000146826	7	99752043	99756338
ENSG00000178217	10	82297658	82406316
ENSG00000145362	4	113739265	114304896
ENSG00000080511	19	10123925	10132955
ENSG00000153165	2	107021446	107084832
ENSG00000163159	1	151142463	151167797
ENSG00000163808	3	44803209	44914868
ENSG00000184205	X	53111549	53117722
ENSG00000261865	HSCHR19LRC_LRC_S_CTG1	55379765	55379871
ENSG00000139725	12	122215664	122241309
ENSG00000224078	15	25223730	25664609
ENSG00000198522	2	27851114	27874375
ENSG00000223273	12	76709531	76709828
ENSG00000257526	12	76956074	77009211
ENSG00000132254	11	6496910	6502666
ENSG00000164828	7	855528	936072
ENSG00000213272	12	76993451	76994250
ENSG00000068885	3	159974774	160117668
ENSG00000118620	19	21203426	21242856
ENSG00000110697	11	67259239	67273734
ENSG00000177879	5	115177178	115249778
ENSG00000088002	19	49055332	49102682
ENSG00000271142	12	77013166	77013823
ENSG00000243071	12	77054185	77054664
ENSG00000185633	12	57628686	57634498
ENSG00000242092	HSCHR6_MHC_APD	32885993	32904491
ENSG00000212997	8	95558771	95560630
ENSG00000125633	2	118673054	118771709
ENSG00000137822	15	43661419	43699293
ENSG00000177300	4	184239220	184241927
ENSG00000232352	3	50304073	50304803
ENSG00000033170	14	65877310	66210839
ENSG00000113905	3	186378005	186396029
ENSG00000198157	X	80369200	80457441
ENSG00000185758	4	184242917	184243579
ENSG00000165006	9	34179003	34252521
ENSG00000130813	19	10196798	10203928
ENSG00000165837	13	46108657	46189874
ENSG00000239453	3	113307595	113309036
ENSG00000108239	10	96162261	96295687
ENSG00000218823	7	4897364	4901625
ENSG00000268328	2	70129482	70129841
ENSG00000110955	12	57031959	57039798
ENSG00000081059	5	133450402	133487556
ENSG00000265253	3	113313723	113313789
ENSG00000168564	4	184365744	184369351
ENSG00000241529	3	113351551	113351827
ENSG00000108272	17	34948228	34957235
ENSG00000169800	Y	24314689	24329129
ENSG00000244617	2	70187226	70189397
ENSG00000239280	3	113459670	113460101
ENSG00000258484	15	69110560	69239150
ENSG00000105523	19	49104067	49118111
ENSG00000136297	7	4945620	4998844
ENSG00000169564	2	70314585	70316332
ENSG00000232682	10	61815632	61820501
ENSG00000202190	10	61841499	61841612
ENSG00000122872	10	62444263	62444967
ENSG00000164897	7	150778167	150780633
ENSG00000254271	10	62494100	62501586
ENSG00000223107	10	62672523	62672685
ENSG00000159182	17	46799084	46799884
ENSG00000227244	10	62776033	62786178
ENSG00000237233	10	63212397	63241714
ENSG00000256591	11	61196692	61253294
ENSG00000168556	4	184426147	184432249
ENSG00000272592	10	63444650	63445146
ENSG00000242659	3	113465719	113466255
ENSG00000240776	3	113569084	113569578
ENSG00000233643	10	63541503	63581004
ENSG00000241889	3	113604145	113604878
ENSG00000259012	14	84642763	84643432
ENSG00000272368	12	50505980	50559203
ENSG00000221272	10	63686695	63686777
ENSG00000221094	10	63875974	63876060
ENSG00000197444	10	50942689	50970425
ENSG00000257298	12	50579363	50585146
ENSG00000234756	10	64049280	64063792
ENSG00000251895	14	85206286	85206396
ENSG00000240940	10	64109768	64110048
ENSG00000104413	8	95653302	95719694
ENSG00000263920	10	64417945	64418012
ENSG00000144747	3	69068978	69101484
ENSG00000258506	14	85417618	85417717
ENSG00000234489	10	64500968	64501145
ENSG00000183654	5	16067248	16180871
ENSG00000174015	13	46276446	46288694
ENSG00000271712	14	85464622	85465640
ENSG00000238280	10	64553322	64565647
ENSG00000160188	21	43892596	43916464
ENSG00000199446	10	64869899	64870006
ENSG00000224301	10	64883698	64885297
ENSG00000166974	18	32556892	32723434
ENSG00000211452	1	54356912	54376759
ENSG00000204704	6	29011990	29013017
ENSG00000234369	10	64981915	64982805
ENSG00000270421	10	65118505	65118864
ENSG00000086827	11	113603909	113644533
ENSG00000185523	1	213003483	213020991
ENSG00000221063	10	65132717	65132808
ENSG00000204703	6	29053985	29055090
ENSG00000182552	4	184560788	184580378
ENSG00000235816	10	65187057	65187713
ENSG00000179965	16	30418618	30440920
ENSG00000257531	12	50611445	50612126
ENSG00000250038	4	28363901	28404486
ENSG00000215475	13	46354405	46425871
ENSG00000204702	6	29068386	29069658
ENSG00000187239	9	132649466	132805473
ENSG00000272767	10	65224989	65226323
ENSG00000012171	3	50304990	50314977
ENSG00000224412	10	65249221	65249398
ENSG00000050405	12	50569571	50677329
ENSG00000115998	2	70377012	70475747
ENSG00000244476	6	11102722	11111965
ENSG00000204701	6	29079668	29080603
ENSG00000232075	10	65394077	65394587
ENSG00000272968	7	5023349	5112852
ENSG00000167985	11	61197514	61215001
ENSG00000270352	10	65417834	65418281
ENSG00000185482	12	57637236	57644976
ENSG00000228566	10	65424424	65750328
ENSG00000242361	HSCHR6_MHC_APD	32899979	32904491
ENSG00000257256	12	50613387	50623767
ENSG00000221604	12	50627925	50627995
ENSG00000212496	12	50650021	50650127
ENSG00000138080	2	27301435	27309271
ENSG00000169851	4	30722037	31148422
ENSG00000162769	1	213031597	213072705
ENSG00000199961	17	74557191	74557274
ENSG00000070081	11	17229700	17371521
ENSG00000158806	8	21881636	21894408
ENSG00000146587	7	5085452	5109119
ENSG00000267078	17	74565874	74567322
ENSG00000204385	6	31830969	31846823
ENSG00000267084	17	74591666	74591854
ENSG00000114019	3	134074716	134094321
ENSG00000199735	17	74652402	74652504
ENSG00000130812	19	10203014	10213472
ENSG00000261335	17	74668024	74669740
ENSG00000212418	17	74699714	74699809
ENSG00000207556	17	74732532	74732630
ENSG00000113328	5	162864575	162873157
ENSG00000200257	17	74748994	74749097
ENSG00000267065	17	74795126	74802035
ENSG00000123200	13	46528600	46626894
ENSG00000267535	17	74846258	74857918
ENSG00000186638	9	34252379	34329198
ENSG00000113889	3	186435065	186461743
ENSG00000111859	6	11183531	11382581
ENSG00000267568	17	74946399	74965238
ENSG00000241045	12	77115314	77116066
ENSG00000258090	12	77150971	77151694
ENSG00000160190	21	43916118	44001550
ENSG00000198373	16	69796209	69975644
ENSG00000240849	20	48697663	48770335
ENSG00000104859	19	45542298	45574214
ENSG00000257910	12	77271973	77274132
ENSG00000267521	17	74953105	74954304
ENSG00000257199	12	77377859	77378449
ENSG00000203318	17	75076718	75076850
ENSG00000203317	17	75077629	75077716
ENSG00000238769	12	77556706	77556805
ENSG00000257677	12	77613383	77622473
ENSG00000234912	17	75082798	75091068
ENSG00000135253	7	128502505	128550773
ENSG00000196209	20	1451386	1472233
ENSG00000242073	7	75103973	75115385
ENSG00000179958	16	30434940	30441396
ENSG00000170092	7	75123401	75133628
ENSG00000198146	15	35270542	35280488
ENSG00000224782	HSCHR6_MHC_DBB	33235008	33244107
ENSG00000171495	5	40998119	41071444
ENSG00000099917	22	20850200	20941919
ENSG00000228607	11	113650469	113651222
ENSG00000081870	1	54382247	54411602
ENSG00000197563	18	59710800	59854351
ENSG00000047365	4	35949843	36246131
ENSG00000188375	12	31944123	31945175
ENSG00000212768	15	35270552	35272268
ENSG00000176204	2	76974845	77820445
ENSG00000235844	HSCHR6_MHC_APD	33015768	33031962
ENSG00000087191	17	61904512	61909379
ENSG00000255346	15	69222864	69355083
ENSG00000159184	17	46802125	46806540
ENSG00000127957	7	75132254	75157478
ENSG00000183726	1	25664408	25688852
ENSG00000240375	3	113638069	113639047
ENSG00000164978	9	34329504	34343709
ENSG00000229165	7	48942152	48943487
ENSG00000239304	Y	27632787	27633469
ENSG00000134146	15	35509546	35838394
ENSG00000273394	3	113665852	113666417
ENSG00000185737	10	83635070	84746935
ENSG00000243207	19	10216899	10225456
ENSG00000233619	Y	27633431	27633809
ENSG00000157954	7	5229819	5273457
ENSG00000270880	3	113702884	113703502
ENSG00000218305	7	48959361	48965612
ENSG00000266339	17	20244056	20244356
ENSG00000174718	12	32112304	32146039
ENSG00000151422	5	108083523	108532542
ENSG00000240912	3	113822096	113822475
ENSG00000124578	6	26246886	26247259
ENSG00000214832	17	20278682	20280153
ENSG00000234686	7	49269733	49294412
ENSG00000146147	6	53794780	54131078
ENSG00000241490	3	113933160	113955051
ENSG00000203433	12	50678449	50678545
ENSG00000203432	12	50683977	50684073
ENSG00000270763	7	49298089	49299442
ENSG00000203431	12	50684744	50684840
ENSG00000223893	7	49981847	49984036
ENSG00000143494	1	213123862	213165379
ENSG00000197092	Y	27641798	27648105
ENSG00000189423	17	20318860	20334321
ENSG00000228005	7	50181136	50182419
ENSG00000168993	4	778745	819986
ENSG00000268800	5	162866447	162873821
ENSG00000231681	7	50241835	50243914
ENSG00000173545	5	16451628	16465901
ENSG00000235620	7	50314386	50315218
ENSG00000198300	19	57321445	57352096
ENSG00000200815	7	50503078	50503184
ENSG00000091009	5	145583113	145718814
ENSG00000226122	7	50599457	50611161
ENSG00000170584	5	162873532	162887146
ENSG00000024048	6	42531800	42661242
ENSG00000164976	9	34366668	34376851
ENSG00000166260	17	53029263	53046146
ENSG00000168538	4	184580420	184634745
ENSG00000125900	20	1514897	1539489
ENSG00000237911	17	20319105	20320010
ENSG00000270704	15	25230011	25230320
ENSG00000259044	14	85669193	85705818
ENSG00000205217	17	20320741	20322363
ENSG00000239014	15	25232072	25232142
ENSG00000252529	14	85738276	85738405
ENSG00000271347	15	25236633	25236900
ENSG00000258902	14	85828801	85983278
ENSG00000272846	15	25264182	25299063
ENSG00000265556	17	20336519	20337598
ENSG00000198354	X	125298337	125300080
ENSG00000111752	12	9066492	9094063
ENSG00000236693	HSCHR6_MHC_APD	33027107	33038372
ENSG00000080618	13	46627321	46679211
ENSG00000258814	14	85853619	85855109
ENSG00000197785	1	1447531	1470067
ENSG00000230528	17	20339650	20350557
ENSG00000259107	14	85860223	85886418
ENSG00000235470	10	105239360	105277150
ENSG00000170703	17	46839597	46894576
ENSG00000143398	1	151170425	151222012
ENSG00000172216	20	48807376	48809212
ENSG00000130810	19	10216965	10225414
ENSG00000203430	12	50688917	50689013
ENSG00000198889	X	125683369	125686834
ENSG00000205562	14	85991477	85996332
ENSG00000226431	10	105308832	105310721
ENSG00000177202	19	49110000	49110970
ENSG00000203428	12	50695577	50695673
ENSG00000273108	10	105368376	105369807
ENSG00000203427	12	50697570	50697669
ENSG00000182173	17	73512141	73520820
ENSG00000258733	14	86401054	86596117
ENSG00000203426	12	50698425	50698530
ENSG00000183631	X	125953747	125955769
ENSG00000164972	9	34379017	34397830
ENSG00000243587	6	109487036	109592217
ENSG00000196082	12	50706112	50706217
ENSG00000222503	10	105432916	105433023
ENSG00000203425	12	50706430	50706526
ENSG00000260461	10	105637132	105639519
ENSG00000203424	12	50707798	50707894
ENSG00000260861	20	1520790	1600655
ENSG00000136541	2	158175137	158184225
ENSG00000229586	17	20384643	20387304
ENSG00000258912	14	86481030	86529304
ENSG00000203423	12	50710006	50710100
ENSG00000197093	7	99756867	99766373
ENSG00000203422	12	50710653	50710749
ENSG00000116212	1	54411750	54433841
ENSG00000263976	17	20394636	20394756
ENSG00000123165	X	127184943	127186382
ENSG00000258994	14	86798720	86867629
ENSG00000203421	12	50711462	50711558
ENSG00000244266	12	50759435	50759869
ENSG00000230088	17	20396947	20397468
ENSG00000257647	15	25272883	25277194
ENSG00000266754	10	105734277	105734572
ENSG00000229253	HSCHR6_MHC_COX	33203791	33207330
ENSG00000257151	15	25277020	25281637
ENSG00000216083	10	105807847	105807944
ENSG00000148358	9	132815705	132902448
ENSG00000270246	15	25287065	25287575
ENSG00000268640	12	147052	147377
ENSG00000207063	15	25296624	25296718
ENSG00000091106	2	32449522	32490923
ENSG00000186812	18	32820994	32847097
ENSG00000138030	2	27309615	27323640
ENSG00000231121	12	77718421	77966055
ENSG00000133612	7	150782918	150841523
ENSG00000268626	17	72346906	72348271
ENSG00000196396	20	49126891	49201299
ENSG00000163389	3	119187785	119213555
ENSG00000257835	12	77773600	77784644
ENSG00000067646	Y	2803112	2850547
ENSG00000204347	17	72352555	72358085
ENSG00000203316	17	75083297	75083384
ENSG00000101307	20	1544167	1600707
ENSG00000213135	17	75085986	75087063
ENSG00000007171	17	26083792	26127525
ENSG00000203315	17	75087901	75088024
ENSG00000139351	12	102122426	102133250
ENSG00000258066	12	78169563	78177356
ENSG00000120645	12	175931	287626
ENSG00000063177	19	49118585	49122793
ENSG00000203314	17	75099519	75099654
ENSG00000198947	X	31115794	33357558
ENSG00000132286	11	6502677	6505909
ENSG00000225646	17	75104708	75104798
ENSG00000139718	12	122242086	122270562
ENSG00000178950	4	843064	926161
ENSG00000258225	12	78445961	78485517
ENSG00000161920	17	4634723	4636905
ENSG00000228733	17	75108843	75108930
ENSG00000222808	17	75148643	75148756
ENSG00000141720	17	36921942	36956379
ENSG00000262870	17	75195032	75195625
ENSG00000263718	17	75253819	75277979
ENSG00000257008	17	72363546	72368761
ENSG00000177733	5	137087075	137090039
ENSG00000102038	X	128580480	128657477
ENSG00000163705	3	10123001	10149915
ENSG00000265121	17	75260262	75260858
ENSG00000269676	12	133049334	133050726
ENSG00000266998	17	75369900	75373318
ENSG00000264060	17	75393066	75393136
ENSG00000200651	17	75438191	75438295
ENSG00000267263	17	75465150	75467127
ENSG00000152256	2	173420101	173489823
ENSG00000207136	12	51027056	51027159
ENSG00000267016	17	75465244	75468852
ENSG00000200183	12	51050756	51050861
ENSG00000257220	12	78524117	78524784
ENSG00000267665	17	75523080	75532674
ENSG00000260789	HG998_2_PATCH	139235598	139267507
ENSG00000207001	15	25299357	25299451
ENSG00000258220	12	78720460	78753526
ENSG00000256316	6	26250370	26250835
ENSG00000207014	15	25302007	25302101
ENSG00000207191	15	25307480	25307574
ENSG00000136167	13	46700055	46786006
ENSG00000207442	15	25310173	25310268
ENSG00000207133	15	25312935	25313029
ENSG00000118418	6	79910962	79944406
ENSG00000151746	12	32259769	32536567
ENSG00000258084	12	78746299	78876799
ENSG00000207093	15	25315579	25315673
ENSG00000235583	Y	27658448	27673933
ENSG00000206727	15	25318254	25318348
ENSG00000112787	12	133066137	133161774
ENSG00000120729	5	137203480	137223540
ENSG00000179918	16	30454952	30457502
ENSG00000254053	14	106501831	106502091
ENSG00000267506	17	75543022	75559325
ENSG00000200661	15	25319261	25319362
ENSG00000254999	3	10157276	10168874
ENSG00000206609	15	25321076	25321167
ENSG00000253763	14	106511782	106512231
ENSG00000154153	5	16473147	16617167
ENSG00000207197	15	25322198	25322289
ENSG00000207137	15	25324205	25324296
ENSG00000254117	14	106559546	106559975
ENSG00000267466	17	75559450	75564777
ENSG00000206621	15	25325289	25325380
ENSG00000048028	11	113668596	113746292
ENSG00000254215	14	106576803	106577069
ENSG00000267790	17	75718954	75724641
ENSG00000207174	15	25326434	25326525
ENSG00000254174	14	106579014	106579303
ENSG00000207263	15	25327915	25328006
ENSG00000238898	17	75916180	75916340
ENSG00000267463	17	76062339	76062842
ENSG00000206656	15	25328735	25328826
ENSG00000162148	11	61248592	61258403
ENSG00000253412	14	106598995	106599285
ENSG00000265264	11	6502715	6530208
ENSG00000197459	6	26251879	26252303
ENSG00000206688	15	25330532	25330623
ENSG00000238658	17	76063028	76063134
ENSG00000128254	22	32329507	32341504
ENSG00000253709	14	106602580	106602820
ENSG00000207460	15	25331674	25331765
ENSG00000224512	17	76101532	76102949
ENSG00000174606	1	213165524	213189168
ENSG00000225663	17	79780287	79791178
ENSG00000072571	5	162887209	162918947
ENSG00000253458	14	106620270	106620489
ENSG00000254210	14	106627589	106627721
ENSG00000172057	17	38077294	38083854
ENSG00000240487	3	113950245	113951868
ENSG00000256018	6	26271146	26271612
ENSG00000177425	12	79968759	80084877
ENSG00000227046	HSCHR6_MHC_COX	33207945	33218656
ENSG00000259976	3	114033348	114035026
ENSG00000186073	15	36871812	37102449
ENSG00000119772	2	25455845	25565459
ENSG00000198961	5	108670410	108745695
ENSG00000134086	3	10182692	10193904
ENSG00000257217	HSCHR6_MHC_APD	33028357	33030736
ENSG00000207770	3	114035322	114035416
ENSG00000273250	HSCHR6_MHC_APD	28743697	28743804
ENSG00000262075	HG998_2_PATCH	139230205	139235225
ENSG00000237823	Y	27710269	27712180
ENSG00000272603	HSCHR6_MHC_APD	28751414	28751785
ENSG00000273197	HSCHR6_MHC_APD	28763753	28763816
ENSG00000241560	3	114070658	114107825
ENSG00000272793	HSCHR6_MHC_APD	28805650	28806787
ENSG00000203985	1	54474412	54483856
ENSG00000164970	9	34398182	34458568
ENSG00000272857	HSCHR6_MHC_APD	28827406	28831131
ENSG00000128245	22	32340447	32353590
ENSG00000235067	HSCHR6_MHC_DBB	30678239	30683464
ENSG00000272613	HSCHR6_MHC_APD	28829197	28829828
ENSG00000088538	3	50712672	51421629
ENSG00000089012	20	1609798	1638425
ENSG00000168242	6	26273144	26273622
ENSG00000236614	HSCHR6_MHC_APD	28856613	28857687
ENSG00000042062	20	49202645	49308065
ENSG00000234411	HSCHR6_MHC_APD	28864311	28865103
ENSG00000242290	3	114172440	114238979
ENSG00000229709	Y	27725937	27734591
ENSG00000205090	1	1470554	1475833
ENSG00000264025	HSCHR6_MHC_APD	28883427	28883526
ENSG00000241295	3	114403427	114406456
ENSG00000224642	HSCHR6_MHC_APD	28953985	28955266
ENSG00000241408	HSCHR6_MHC_APD	28954582	28956357
ENSG00000204282	17	76103479	76107880
ENSG00000264623	3	114462292	114462372
ENSG00000236070	HSCHR6_MHC_APD	28994502	28995429
ENSG00000129282	17	34958001	34965407
ENSG00000239946	3	114591961	114595361
ENSG00000158406	6	26281283	26285762
ENSG00000267679	17	76153484	76155216
ENSG00000268279	3	14176717	14189548
ENSG00000234305	HSCHR6_MHC_APD	29068770	29069708
ENSG00000134070	3	10206549	10285427
ENSG00000240002	3	114649388	114650296
ENSG00000267624	17	76207699	76207989
ENSG00000135272	7	114562209	114659256
ENSG00000267676	17	76244574	76250497
ENSG00000197651	12	91299399	91348953
ENSG00000133619	7	149411872	149431664
ENSG00000224229	HSCHR6_MHC_APD	29092026	29096724
ENSG00000242767	3	114819270	114821908
ENSG00000229040	HSCHR6_MHC_APD	29105693	29106629
ENSG00000204950	11	61276272	61278482
ENSG00000160075	1	1477053	1510249
ENSG00000106624	7	44143960	44154161
ENSG00000242880	3	114970043	115004194
ENSG00000226799	HSCHR6_MHC_APD	29234762	29234916
ENSG00000204277	17	76257430	76274573
ENSG00000237808	HSCHR6_MHC_COX	31544080	31548170
ENSG00000119938	10	93388199	93392811
ENSG00000211448	14	80663873	80854100
ENSG00000230754	HSCHR6_MHC_APD	29236293	29237252
ENSG00000005844	16	30483979	30534506
ENSG00000244157	3	114997972	114998707
ENSG00000125870	20	16710606	16722421
ENSG00000237690	HSCHR6_MHC_APD	29258560	29259502
ENSG00000188211	11	17373273	17398888
ENSG00000107485	10	8095567	8117161
ENSG00000267737	17	76311810	76343879
ENSG00000119820	2	32502979	32541663
ENSG00000232064	Y	27736470	27738492
ENSG00000266970	17	76356534	76369992
ENSG00000225609	Y	27764791	27766400
ENSG00000196979	9	132902889	132906498
ENSG00000200428	12	51137351	51137467
ENSG00000271018	12	51150675	51151216
ENSG00000100170	22	32439019	32509016
ENSG00000102178	X	153712056	153715009
ENSG00000271490	12	51200118	51200220
ENSG00000243075	12	51235283	51235612
ENSG00000271621	12	51241708	51242095
ENSG00000108296	17	36956687	36981734
ENSG00000199740	12	51333710	51333809
ENSG00000154767	3	14186647	14220283
ENSG00000107130	9	132934857	132999583
ENSG00000271596	12	51342900	51343167
ENSG00000272028	12	51407917	51408024
ENSG00000204700	6	29141311	29142351
ENSG00000199903	12	51431282	51431385
ENSG00000244540	12	51500600	51500927
ENSG00000269000	2	107099728	107103848
ENSG00000204695	6	29274403	29275519
ENSG00000179532	11	6518490	6614988
ENSG00000257246	12	51518411	51519164
ENSG00000112893	5	109025067	109205326
ENSG00000160352	19	21264965	21308073
ENSG00000200874	7	75142349	75142450
ENSG00000264312	7	75209959	75210221
ENSG00000243729	6	29323007	29399744
ENSG00000219039	7	75464981	75465459
ENSG00000265020	7	75544515	75544587
ENSG00000214822	17	20404826	20415670
ENSG00000011347	11	61282785	61348620
ENSG00000078795	5	137223657	137278436
ENSG00000257796	HSCHR6_MHC_APD	29267101	29267640
ENSG00000198053	20	1875154	1920543
ENSG00000083782	12	91357456	91398803
ENSG00000235090	7	75552073	75552761
ENSG00000077150	10	104153867	104162281
ENSG00000161921	17	4636821	4643217
ENSG00000242289	HSCHR6_MHC_APD	29390471	29399828
ENSG00000107854	10	93558069	93625033
ENSG00000201643	7	75573100	75573234
ENSG00000167797	11	67273968	67276120
ENSG00000229181	HSCHR6_MHC_APD	29412732	29417960
ENSG00000237421	HSCHR6_MHC_APD	29432454	29437664
ENSG00000229136	HSCHR6_MHC_APD	29442883	29443929
ENSG00000157014	3	10289707	10322902
ENSG00000144057	2	107418056	107503564
ENSG00000232974	HSCHR6_MHC_APD	29457130	29457535
ENSG00000260117	HG531_PATCH	115079988	115092796
ENSG00000237524	2	127656472	127659673
ENSG00000224753	HSCHR6_MHC_APD	29465368	29478414
ENSG00000260016	HG531_PATCH	115095034	115099423
ENSG00000063176	19	49122548	49133974
ENSG00000261069	15	25332808	25334043
ENSG00000260615	HG531_PATCH	115111642	115112112
ENSG00000268788	4	76871883	76878526
ENSG00000235788	HSCHR6_MHC_APD	29497284	29501432
ENSG00000207375	15	25336933	25337024
ENSG00000138755	4	76922428	76928641
ENSG00000207279	15	25339184	25339275
ENSG00000252326	15	25342810	25342901
ENSG00000103197	16	2097466	2138716
ENSG00000251815	15	25344646	25344741
ENSG00000143954	2	79252812	79255631
ENSG00000139330	12	91444268	91451760
ENSG00000251896	15	25346722	25346813
ENSG00000227576	HSCHR6_MHC_APD	29505568	29506651
ENSG00000207245	15	25351668	25351750
ENSG00000266925	17	20410726	20412244
ENSG00000226896	HSCHR6_MHC_APD	29521110	29522057
ENSG00000186814	18	32831032	32870196
ENSG00000252277	15	25353415	25353499
ENSG00000173988	13	46786083	46851501
ENSG00000270523	15	25376125	25376484
ENSG00000148357	9	133046882	133309510
ENSG00000229469	HSCHR6_MHC_APD	29541800	29542727
ENSG00000187848	12	133195366	133198972
ENSG00000212428	15	25404368	25404426
ENSG00000231645	17	20415873	20420792
ENSG00000126903	X	153715645	153719016
ENSG00000270814	15	25414484	25414823
ENSG00000116209	1	54497347	54519177
ENSG00000201831	15	25415870	25415951
ENSG00000225305	HSCHR6_MHC_APD	29545351	29545640
ENSG00000199712	15	25417782	25417863
ENSG00000196705	19	21324827	21373034
ENSG00000199970	15	25420074	25420155
ENSG00000200680	15	25421979	25422060
ENSG00000200503	15	25423885	25423966
ENSG00000265634	HSCHR6_MHC_APD	29550140	29550223
ENSG00000200812	15	25425644	25425725
ENSG00000215014	1	1510355	1511373
ENSG00000224053	HSCHR6_MHC_APD	29550399	29550916
ENSG00000164398	5	131142683	131347936
ENSG00000200726	15	25429453	25429534
ENSG00000133858	12	72003252	72061505
ENSG00000228594	1	1533392	1535476
ENSG00000199782	15	25430778	25430859
ENSG00000213420	7	99767229	99774995
ENSG00000067369	15	43699407	43802926
ENSG00000201943	15	25432683	25432763
ENSG00000236971	HSCHR6_MHC_APD	29603970	29604253
ENSG00000200486	15	25434561	25434642
ENSG00000199453	15	25436563	25436644
ENSG00000272410	3	10291056	10327480
ENSG00000136643	1	213224589	213448116
ENSG00000199960	15	25440068	25440148
ENSG00000205215	17	20422625	20432000
ENSG00000237825	HSCHR6_MHC_DBB	33237360	33245105
ENSG00000201679	15	25442723	25442803
ENSG00000200953	12	51550651	51550760
ENSG00000200757	15	25444595	25444676
ENSG00000122735	9	34457412	34520982
ENSG00000199824	12	51556684	51556790
ENSG00000201482	15	25446470	25446551
ENSG00000206465	HSCHR6_MHC_QBL	30888704	30889526
ENSG00000206507	HSCHR6_MHC_APD	29758890	29765609
ENSG00000271065	12	51815740	51818395
ENSG00000198336	17	45277812	45301045
ENSG00000200163	15	25448374	25448455
ENSG00000138604	15	69452923	69564556
ENSG00000199968	15	25449504	25449585
ENSG00000127955	7	79763271	79848718
ENSG00000201969	15	25451409	25451490
ENSG00000176679	Y	3447082	3448082
ENSG00000199833	15	25453230	25453310
ENSG00000131864	19	57630506	57643294
ENSG00000201326	15	25455065	25455146
ENSG00000182141	19	21473962	21512227
ENSG00000201331	15	25456943	25457024
ENSG00000200398	15	25458795	25458876
ENSG00000199489	15	25460688	25460769
ENSG00000148704	10	118888032	118897812
ENSG00000259061	14	87402984	87455469
ENSG00000201300	15	25465644	25465725
ENSG00000183309	8	144718183	144735900
ENSG00000200801	15	25467495	25467575
ENSG00000236225	HSCHR6_MHC_APD	29759783	29760757
ENSG00000258496	14	87717447	87718023
ENSG00000115760	2	32582096	32843966
ENSG00000257851	12	52106253	52107390
ENSG00000260122	12	52203489	52204384
ENSG00000258958	14	87790097	87798734
ENSG00000172466	18	32912176	32925446
ENSG00000260538	HSCHR6_MHC_APD	29768235	29770242
ENSG00000124171	20	49348081	49373332
ENSG00000261586	12	52211683	52213934
ENSG00000141946	19	57645464	57656570
ENSG00000258859	14	87819414	88039366
ENSG00000261308	12	52214243	52216199
ENSG00000260473	12	52217287	52229280
ENSG00000178562	2	204571198	204603635
ENSG00000173320	4	184774584	184944679
ENSG00000104368	8	42032236	42065242
ENSG00000101327	20	1959403	1974732
ENSG00000156219	4	76932337	77033955
ENSG00000172687	19	21541732	21562104
ENSG00000237554	HSCHR6_MHC_APD	29771014	29771810
ENSG00000254046	14	106631031	106631449
ENSG00000199704	15	25468393	25468474
ENSG00000235506	14	106636402	106637113
ENSG00000200987	15	25470350	25470431
ENSG00000266042	17	20429415	20429523
ENSG00000258873	19	57665389	57678811
ENSG00000202188	15	25472256	25472337
ENSG00000243870	17	76366935	76367216
ENSG00000235714	HSCHR6_MHC_APD	29780382	29780513
ENSG00000200949	15	25474114	25474195
ENSG00000260907	17	20433355	20434194
ENSG00000200063	17	76396016	76396144
ENSG00000228490	HSCHR6_MHC_APD	29793554	29794520
ENSG00000200593	15	25475985	25476066
ENSG00000137819	15	69591286	69700119
ENSG00000265916	17	20435561	20436194
ENSG00000199311	15	25477534	25477615
ENSG00000099715	Y	4868267	5610265
ENSG00000158815	8	21899909	21906320
ENSG00000231904	HSCHR6_MHC_APD	29794010	29796732
ENSG00000267432	17	76480964	76495428
ENSG00000187600	2	46656329	46711564
ENSG00000201992	15	25479394	25479475
ENSG00000264981	17	20446287	20447436
ENSG00000187699	2	190744335	191068210
ENSG00000187486	11	17407406	17410878
ENSG00000235203	17	20446794	20454276
ENSG00000267770	17	76518329	76518910
ENSG00000137177	6	17759414	17987854
ENSG00000170860	3	14219858	14242619
ENSG00000215428	9	133274029	133282639
ENSG00000243426	17	76528875	76529137
ENSG00000232988	HSCHR6_MHC_APD	29802806	29803937
ENSG00000257502	HSCHR6_MHC_SSTO	32795638	32801343
ENSG00000267123	17	76613471	76628139
ENSG00000235697	HSCHR6_MHC_APD	29812771	29813137
ENSG00000166263	17	53046088	53241646
ENSG00000224538	HSCHR6_MHC_APD	29814010	29814872
ENSG00000133026	17	8377523	8534079
ENSG00000231287	HSCHR6_MHC_APD	29832179	29833169
ENSG00000261149	HG946_PATCH	98475800	98500083
ENSG00000157017	3	10327359	10334631
ENSG00000233964	HSCHR6_MHC_APD	29832655	29835432
ENSG00000124243	20	49411431	49493714
ENSG00000229284	HSCHR6_MHC_QBL	30898353	30911572
ENSG00000231526	HSCHR6_MHC_SSTO	32799929	32805799
ENSG00000125834	20	2082257	2157684
ENSG00000196268	19	21579921	21610375
ENSG00000115165	2	158271131	158345473
ENSG00000227366	HSCHR6_MHC_APD	29838543	29838728
ENSG00000162998	2	183698002	183731890
ENSG00000083844	19	57702868	57724724
ENSG00000234831	HSCHR6_MHC_APD	29846341	29847333
ENSG00000259887	12	52242007	52246513
ENSG00000235144	HSCHR6_MHC_APD	29860828	29862802
ENSG00000186298	12	111157485	111180744
ENSG00000258021	12	52294349	52295120
ENSG00000138379	2	190920423	190927455
ENSG00000206992	12	52381441	52381547
ENSG00000235809	HSCHR6_MHC_APD	29897440	29897836
ENSG00000259884	12	52452243	52453287
ENSG00000175054	3	142168077	142297668
ENSG00000236203	HSCHR6_MHC_APD	29898668	29899545
ENSG00000257663	12	52470625	52475868
ENSG00000102445	13	46916139	47012325
ENSG00000186795	10	118957000	118969810
ENSG00000206463	HSCHR6_MHC_QBL	30941073	30947468
ENSG00000257542	12	52473480	52502045
ENSG00000003056	12	9092959	9102551
ENSG00000109111	17	26989109	27029697
ENSG00000236598	HSCHR6_MHC_APD	29905242	29966257
ENSG00000125780	20	2276647	2321724
ENSG00000165646	10	119000604	119038941
ENSG00000137251	6	54172657	54254950
ENSG00000226165	HSCHR6_MHC_SSTO	32814683	32822138
ENSG00000135535	6	109687717	109703762
ENSG00000144744	3	69103881	69129559
ENSG00000125879	20	16729003	16750707
ENSG00000269237	19	21587961	21674068
ENSG00000134780	11	61447905	61514473
ENSG00000164303	4	185009859	185142383
ENSG00000196862	2	108443388	108507297
ENSG00000202499	15	25481232	25481313
ENSG00000200638	15	25483133	25483214
ENSG00000159352	1	151227179	151239955
ENSG00000201907	15	25484985	25485066
ENSG00000200564	15	25486893	25486974
ENSG00000164638	7	5314000	5346501
ENSG00000272460	15	25488761	25488842
ENSG00000130707	9	133320316	133376661
ENSG00000197013	19	21679484	21739072
ENSG00000200478	15	25490625	25490706
ENSG00000201143	15	25492492	25492573
ENSG00000236046	7	50907060	50909689
ENSG00000089169	12	113008184	113336686
ENSG00000170684	19	45574758	45579846
ENSG00000202373	15	25494345	25494426
ENSG00000230882	7	75700787	75704281
ENSG00000228085	7	50911275	50911429
ENSG00000202261	15	25496006	25496087
ENSG00000244165	19	10222214	10226048
ENSG00000261023	HG946_PATCH	98507245	98642555
ENSG00000251798	7	75716762	75716865
ENSG00000212380	15	25509657	25509737
ENSG00000212528	15	25513613	25513698
ENSG00000228204	7	50934444	51090687
ENSG00000223798	HSCHR6_MHC_APD	29910349	29911344
ENSG00000227038	7	75719749	75738097
ENSG00000111670	12	102139275	102224716
ENSG00000201634	15	25514930	25515005
ENSG00000201133	7	51003047	51003190
ENSG00000239169	15	25523490	25523556
ENSG00000231490	7	51327126	51327864
ENSG00000261529	15	25590780	25592382
ENSG00000241778	7	75737752	75738081
ENSG00000228524	HSCHR6_MHC_APD	29910811	29914184
ENSG00000235731	15	25729978	25823938
ENSG00000238935	7	75742116	75742214
ENSG00000223628	15	25826116	25826269
ENSG00000227233	7	51449981	51452357
ENSG00000239457	HSCHR6_MHC_SSTO	32870615	32874900
ENSG00000142252	19	45582453	45594782
ENSG00000222123	15	25983655	25983767
ENSG00000251564	7	51452463	51452868
ENSG00000199214	15	26063130	26063217
ENSG00000208033	10	105978547	105978641
ENSG00000266517	15	26093894	26093972
ENSG00000228897	7	51454060	51454798
ENSG00000266852	10	106028080	106028177
ENSG00000259011	15	26110442	26122358
ENSG00000154493	10	128113566	128359079
ENSG00000132130	17	35294084	35301917
ENSG00000270075	10	106071899	106073639
ENSG00000168913	9	34521038	34523039
ENSG00000141150	17	34058668	34070540
ENSG00000228261	10	106083127	106086762
ENSG00000006071	11	17414432	17498449
ENSG00000206187	15	26147507	26298267
ENSG00000197020	19	21905568	21950430
ENSG00000258208	HSCHR6_MHC_QBL	30964801	30993617
ENSG00000262608	HG946_PATCH	98424030	98424136
ENSG00000058272	12	80167343	80329240
ENSG00000266022	HG946_PATCH	98510962	98511041
ENSG00000255913	HSCHR6_MHC_QBL	31021149	31025764
ENSG00000261990	HG946_PATCH	98514302	98514402
ENSG00000258191	HSCHR6_MHC_QBL	31028015	31031837
ENSG00000235372	HSCHR6_MHC_APD	29936292	29937582
ENSG00000206461	HSCHR6_MHC_QBL	31071421	31072757
ENSG00000111181	12	299243	323736
ENSG00000215621	17	79780293	79784533
ENSG00000266557	HSCHR6_MHC_APD	29993432	29993564
ENSG00000205856	22	32544993	32555309
ENSG00000235722	HSCHR6_MHC_APD	30016327	30019333
ENSG00000119969	10	96305547	96373662
ENSG00000265674	HSCHR6_MHC_APD	30037417	30037578
ENSG00000236798	HSCHR6_MHC_APD	30091368	30093191
ENSG00000031691	6	49431091	49460820
ENSG00000227080	7	51456127	51456811
ENSG00000229478	7	51667982	51668269
ENSG00000236729	HSCHR6_MHC_APD	30138607	30302143
ENSG00000206458	HSCHR6_MHC_QBL	31074948	31100262
ENSG00000267075	17	20448684	20453265
ENSG00000229403	7	51681947	51698566
ENSG00000101126	20	49505585	49547958
ENSG00000230339	17	20457450	20457693
ENSG00000166948	20	2361554	2413399
ENSG00000242650	7	51784354	51784615
ENSG00000272724	12	52478528	52486069
ENSG00000233960	7	52232931	52260609
ENSG00000263946	17	20458284	20462723
ENSG00000198521	19	21987752	22034927
ENSG00000017260	3	130569439	130735556
ENSG00000253028	7	52337133	52337265
ENSG00000179833	2	64858755	64978139
ENSG00000158158	2	97426639	97477628
ENSG00000163599	2	204732509	204738683
ENSG00000249434	HSCHR6_MHC_APD	30142869	30146845
ENSG00000269464	Y	5306691	5312605
ENSG00000238506	7	52391494	52391585
ENSG00000186470	6	26365387	26378546
ENSG00000234304	7	52959530	52965500
ENSG00000122756	9	34551430	34590121
ENSG00000172901	5	115298151	115363316
ENSG00000132139	17	34071530	34079897
ENSG00000204913	17	38097727	38101000
ENSG00000158104	12	122277433	122301502
ENSG00000168757	Y	6114264	6117060
ENSG00000213549	7	75742344	75742718
ENSG00000235727	HSCHR6_MHC_APD	30266817	30303159
ENSG00000224273	7	75747043	75761505
ENSG00000153113	5	95860971	96115299
ENSG00000228829	7	75803051	75806523
ENSG00000139329	12	91496406	91505608
ENSG00000116205	1	54519260	54578192
ENSG00000231233	10	106111349	106113333
ENSG00000117707	1	214156524	214214595
ENSG00000128253	22	32586422	32600718
ENSG00000238620	10	106159563	106159661
ENSG00000007047	19	45582546	45808541
ENSG00000263569	7	75918108	75918371
ENSG00000135636	2	71680852	71913898
ENSG00000225768	10	106234697	106240032
ENSG00000213548	7	75991085	75991430
ENSG00000223970	7	53070113	53071122
ENSG00000233980	7	76099479	76100375
ENSG00000237761	10	106375860	106376731
ENSG00000250614	7	76103904	76108173
ENSG00000227344	7	53255081	53256631
ENSG00000226387	10	106424366	106425958
ENSG00000156162	8	95731931	95806064
ENSG00000237727	HSCHR6_MHC_COX	31570375	31572212
ENSG00000071889	X	153733350	153744566
ENSG00000258965	15	26173293	26173722
ENSG00000250778	7	76150928	76151391
ENSG00000168310	4	185308867	185395734
ENSG00000130811	19	10225693	10230596
ENSG00000271194	7	53383842	53384433
ENSG00000207068	10	107294417	107294523
ENSG00000199629	7	53433751	53433902
ENSG00000233477	10	107445141	107445623
ENSG00000238560	7	76152922	76153023
ENSG00000222154	7	53557841	53558132
ENSG00000212604	15	26254087	26254221
ENSG00000105146	19	57742377	57746916
ENSG00000230305	7	76153832	76162009
ENSG00000234105	7	53582685	53584809
ENSG00000258931	15	26295685	26297423
ENSG00000213260	10	107446080	107446809
ENSG00000228627	7	53626907	53635942
ENSG00000229466	10	107568533	107578955
ENSG00000185040	7	76163011	76170884
ENSG00000259150	15	26360960	26378184
ENSG00000188672	1	25688740	25756683
ENSG00000232326	HSCHR6_MHC_SSTO	32879675	32896470
ENSG00000229775	10	107900022	107948480
ENSG00000091010	5	145718587	145720083
ENSG00000232232	HSCHR6_MHC_APD	30327431	30327565
ENSG00000258374	HSCHR6_MHC_APD	30332249	30332336
ENSG00000229149	HSCHR6_MHC_APD	30335294	30335927
ENSG00000157322	16	69984810	69998141
ENSG00000223560	HSCHR6_MHC_APD	30339126	30340294
ENSG00000167914	17	38119226	38134019
ENSG00000257249	HSCHR6_MHC_APD	30340493	30340616
ENSG00000235160	15	26640219	26691921
ENSG00000137807	15	69706585	69740764
ENSG00000129270	17	34083268	34122711
ENSG00000257690	HSCHR6_MHC_APD	30344193	30344910
ENSG00000258149	HSCHR6_MHC_APD	30358535	30358619
ENSG00000235518	15	26902177	26903910
ENSG00000257535	HSCHR6_MHC_APD	30368502	30368589
ENSG00000135914	2	231972944	231989832
ENSG00000212670	1	54569968	54571750
ENSG00000131171	X	80457442	80554046
ENSG00000257901	HSCHR6_MHC_APD	30369017	30369104
ENSG00000252391	17	76692776	76692879
ENSG00000100191	22	32614465	32651328
ENSG00000242793	15	27096279	27096757
ENSG00000267355	17	76842035	76842950
ENSG00000236727	HSCHR6_MHC_APD	30390730	30395334
ENSG00000267601	17	76851560	76851926
ENSG00000157211	1	54598747	54619443
ENSG00000259122	15	27210064	27215532
ENSG00000203972	6	49467671	49494760
ENSG00000112164	6	39016574	39055519
ENSG00000131389	3	14444076	14530857
ENSG00000138028	2	27321757	27341995
ENSG00000257651	HSCHR6_MHC_APD	30403283	30403496
ENSG00000108604	17	61909444	61920425
ENSG00000258070	HSCHR6_MHC_APD	30432997	30433120
ENSG00000257686	HSCHR6_MHC_APD	30485727	30485799
ENSG00000256407	1	54606897	54665746
ENSG00000135218	7	79998891	80308593
ENSG00000215002	10	108309864	108310879
ENSG00000257659	HSCHR6_MHC_APD	30487452	30487536
ENSG00000258025	HSCHR6_MHC_APD	30488552	30488639
ENSG00000225382	HSCHR6_MHC_APD	30492289	30495243
ENSG00000185448	X	34147869	34150447
ENSG00000200626	10	108729779	108729908
ENSG00000257416	HSCHR6_MHC_APD	30506512	30507598
ENSG00000248835	1	54635333	54637997
ENSG00000258243	HSCHR6_MHC_APD	30508918	30509042
ENSG00000257945	HSCHR6_MHC_APD	30514699	30514919
ENSG00000147027	X	34645181	34675405
ENSG00000157020	3	10334815	10362862
ENSG00000258094	HSCHR6_MHC_APD	30515142	30515229
ENSG00000197261	6	49518113	49529620
ENSG00000257693	HSCHR6_MHC_APD	30525031	30525152
ENSG00000206460	HSCHR6_MHC_QBL	31075288	31080647
ENSG00000128276	22	32750872	32757148
ENSG00000236100	HSCHR6_MHC_APD	30672830	30673559
ENSG00000231860	HSCHR6_MHC_APD	30679091	30689207
ENSG00000143499	1	214454445	214510474
ENSG00000125835	20	2442280	2451499
ENSG00000237108	HSCHR6_MHC_APD	31006269	31011068
ENSG00000253883	14	106653371	106653661
ENSG00000228147	HSCHR6_MHC_APD	31033296	31038966
ENSG00000271201	14	106663246	106665214
ENSG00000189132	X	34960913	34963034
ENSG00000113649	5	145826874	145891524
ENSG00000221180	14	106663421	106663529
ENSG00000200079	10	109221318	109221427
ENSG00000206459	HSCHR6_MHC_QBL	31097761	31099575
ENSG00000253996	14	106669468	106669951
ENSG00000258103	HSCHR6_MHC_APD	31039064	31039247
ENSG00000107164	9	133454352	133513739
ENSG00000164967	9	34610483	34612101
ENSG00000266548	HSCHR6_MHC_APD	31475776	31475877
ENSG00000253957	14	106714360	106714821
ENSG00000141497	17	4643319	4649411
ENSG00000230616	HSCHR6_MHC_APD	31498549	31499360
ENSG00000000419	20	49551404	49575092
ENSG00000253345	14	106719955	106720219
ENSG00000215883	1	54638009	54665709
ENSG00000254045	14	106721281	106721308
ENSG00000205628	7	53723202	53879624
ENSG00000196767	X	82763269	82764775
ENSG00000229981	10	109517591	109871360
ENSG00000238275	14	106743406	106744252
ENSG00000189023	X	35816459	35821852
ENSG00000205853	22	32755893	32778039
ENSG00000135931	2	232063260	232239548
ENSG00000222355	7	53843829	53844017
ENSG00000229084	14	106744269	106744975
ENSG00000204371	6	31847536	31865464
ENSG00000270535	Y	27809047	27809373
ENSG00000271306	7	53847476	53847956
ENSG00000233965	HSCHR6_MHC_APD	31507182	31507761
ENSG00000232418	7	53854860	53854991
ENSG00000183035	X	83116154	83141705
ENSG00000232671	1	151252500	151254405
ENSG00000235454	7	53929926	53931032
ENSG00000265849	HSCHR6_MHC_APD	31515442	31515517
ENSG00000225287	Y	27821207	27843493
ENSG00000259207	17	45331212	45421658
ENSG00000238131	7	53994369	54015437
ENSG00000160321	19	22115760	22193751
ENSG00000238126	HSCHR6_MHC_APD	31590211	31590484
ENSG00000231427	7	54398390	54417542
ENSG00000253441	14	106745623	106746073
ENSG00000266231	HSCHR6_MHC_APD	31736082	31736184
ENSG00000124920	11	61520114	61555990
ENSG00000221995	17	27400537	27418537
ENSG00000236912	HSCHR6_MHC_APD	31743441	31744719
ENSG00000264393	HSCHR6_MHC_APD	31757947	31758035
ENSG00000253367	14	106750162	106750402
ENSG00000122126	X	128673826	128726538
ENSG00000238354	7	54427585	54427688
ENSG00000263864	HSCHR6_MHC_APD	31814397	31814459
ENSG00000225256	Y	27845598	27848709
ENSG00000205485	7	76178677	76257299
ENSG00000213673	7	54487137	54488021
ENSG00000266300	HSCHR6_MHC_APD	31816211	31816277
ENSG00000253462	14	106765678	106765927
ENSG00000232266	HSCHR6_MHC_APD	31862895	31863188
ENSG00000165164	X	35937851	36008269
ENSG00000213609	10	65662211	65663005
ENSG00000253482	14	106770914	106771238
ENSG00000266653	HSCHR6_MHC_APD	32057628	32057748
ENSG00000224223	7	54624663	54639419
ENSG00000136141	13	47127303	47327175
ENSG00000254326	14	106774086	106774499
ENSG00000223856	Y	27856055	27859704
ENSG00000105967	7	115575202	115799950
ENSG00000234216	HSCHR6_MHC_APD	32304328	32305287
