ENSG00000266551	1	24855945	24856204
ENSG00000265471	X	132425321	132425399
ENSG00000236900	10	76104308	76104563
ENSG00000215190	6	58272352	58287779
ENSG00000227525	12	19241974	19242825
ENSG00000225087	1	73214604	73364823
ENSG00000254365	5	166714325	166721278
ENSG00000202239	21	47945531	47945635
ENSG00000224300	11	5036368	5037309
ENSG00000235736	1	168732603	168743728
ENSG00000250705	5	87898598	87898935
ENSG00000264443	1	24865292	24882515
ENSG00000243095	8	39015057	39016220
ENSG00000228217	1	118320709	118321128
ENSG00000212094	1	222186349	222186432
ENSG00000224988	9	132645972	132646449
ENSG00000272283	21	47955709	47956003
ENSG00000254297	5	166723239	166730377
ENSG00000184221	21	34442450	34444726
ENSG00000230578	X	154578066	154579111
ENSG00000214629	10	76131293	76132174
ENSG00000226241	X	102342126	102344205
ENSG00000227016	1	73230714	73245974
ENSG00000232679	1	222215047	222238105
ENSG00000230982	21	48073470	48073934
ENSG00000225826	1	168756177	168762124
ENSG00000250868	Y	19880862	19889280
ENSG00000222209	1	118806995	118807112
ENSG00000253527	5	166733278	166736875
ENSG00000233978	2	43268332	43270921
ENSG00000229009	4	68857402	68881486
ENSG00000161573	17	34303529	34308532
ENSG00000230261	11	5058243	5059181
ENSG00000226126	1	119156956	119158269
ENSG00000239041	2	173556027	173556130
ENSG00000227312	1	24890118	24890465
ENSG00000207087	2	43318526	43318632
ENSG00000245864	5	87972036	88018648
ENSG00000229636	1	73570475	73571965
ENSG00000254187	5	167080233	167087486
ENSG00000206765	X	132665751	132665854
ENSG00000232292	2	173758491	173759111
ENSG00000095574	10	124750322	124768333
ENSG00000231561	19	43158352	43173228
ENSG00000236230	1	222262511	222560776
ENSG00000213731	10	76183193	76183772
ENSG00000230587	2	43324884	43329829
ENSG00000227008	X	132804999	132805414
ENSG00000211951	14	106757650	106758116
ENSG00000250377	5	87988462	87989789
ENSG00000271755	6	27371789	27374743
ENSG00000074771	6	155716504	155777037
ENSG00000212932	21	48110676	48111157
ENSG00000260563	17	80251592	80252786
ENSG00000229612	1	168867374	168867677
ENSG00000221190	X	154612749	154612847
ENSG00000265709	2	173926460	173926540
ENSG00000254629	11	83501020	83502621
ENSG00000237856	2	123822897	123825298
ENSG00000239106	1	24951902	24952004
ENSG00000123009	12	120719940	120720632
ENSG00000215096	8	64321622	64322015
ENSG00000214366	8	14166542	14167181
ENSG00000238986	1	24993474	24993578
ENSG00000237154	6	27375476	27375775
ENSG00000227613	1	222435175	222436138
ENSG00000238133	2	174031174	174146764
ENSG00000253160	8	39167428	39167962
ENSG00000250257	11	83525614	83526306
ENSG00000238482	1	25104364	25104470
ENSG00000260011	17	80338986	80340566
ENSG00000236621	11	5090802	5091691
ENSG00000272144	5	43061497	43062543
ENSG00000250555	5	87988468	87988676
ENSG00000232342	10	76265890	76290311
ENSG00000236222	HSCHR6_MHC_MCF	33417262	33427651
ENSG00000221603	X	154687178	154687276
ENSG00000203601	1	168873143	169056243
ENSG00000226540	6	135940303	135941309
ENSG00000229162	1	25287836	25289588
ENSG00000251825	1	73657287	73657538
ENSG00000229911	1	119255622	119256301
ENSG00000106144	7	142985308	143004789
ENSG00000211495	X	132880775	132880873
ENSG00000234936	2	43456712	43460533
ENSG00000062096	X	2959512	3030767
ENSG00000164237	5	10275987	10308138
ENSG00000253894	8	64378407	64388040
ENSG00000230684	9	132695815	132698820
ENSG00000237354	11	5097360	5098296
ENSG00000264838	11	83940603	83940692
ENSG00000226643	1	222626082	222628047
ENSG00000155918	6	150339470	150346668
ENSG00000226253	10	76287342	76287705
ENSG00000270666	6	27482818	27483053
ENSG00000264812	17	80358579	80359258
ENSG00000164022	4	107236701	107270383
ENSG00000261025	1	25294914	25297356
ENSG00000233973	1	73771853	73820934
ENSG00000254713	11	84256174	84257889
ENSG00000243167	19	43174157	43174968
ENSG00000249779	5	43206811	43207913
ENSG00000213063	1	168907705	168908161
ENSG00000206756	10	76311150	76311251
ENSG00000147799	8	145754563	145911194
ENSG00000264371	1	25349994	25350077
ENSG00000270755	9	132806992	132807360
ENSG00000271710	10	76401168	76401534
ENSG00000201239	17	80375102	80375197
ENSG00000218347	6	27490855	27492118
ENSG00000234419	1	222641436	222644224
ENSG00000226172	1	119542967	119544015
ENSG00000223555	Y	19894090	19896695
ENSG00000214626	10	76414714	76415889
ENSG00000233755	1	25370198	25439611
ENSG00000252804	2	43635446	43635551
ENSG00000265458	17	80412149	80416397
ENSG00000231735	2	174162357	174163240
ENSG00000229086	21	34537776	34542541
ENSG00000207411	2	43848017	43848123
ENSG00000213525	10	76504144	76504465
ENSG00000239216	1	119543241	119544028
ENSG00000236391	2	174202947	174220936
ENSG00000122783	7	134777115	134855547
ENSG00000224533	X	154695631	154841277
ENSG00000249888	5	43225608	43225915
ENSG00000202538	12	120729566	120729706
ENSG00000255221	11	104963196	104972158
ENSG00000223188	9	132883085	132883191
ENSG00000248309	5	88179145	88762215
ENSG00000224238	1	119590028	119607408
ENSG00000222399	1	222676974	222677077
ENSG00000252987	1	169036502	169036602
ENSG00000233419	1	25451544	25451945
ENSG00000264169	9	133275653	133275950
ENSG00000223658	2	43902292	43903461
ENSG00000235521	Y	19900195	19901364
ENSG00000207428	4	68869613	68869719
ENSG00000223575	1	119627621	119628577
ENSG00000237707	1	169073362	169074145
ENSG00000266445	17	80434473	80435800
ENSG00000225265	1	222763167	222766374
ENSG00000219738	6	27528601	27529523
ENSG00000227725	4	68904262	68905368
ENSG00000167601	19	41725108	41767671
ENSG00000133318	11	63448918	63527363
ENSG00000249096	4	185286336	185303460
ENSG00000240174	11	84351036	84351608
ENSG00000213148	2	174296077	174296540
ENSG00000186076	12	94034598	94035362
ENSG00000236804	1	119669162	119669914
ENSG00000231953	1	25534630	25535360
ENSG00000233534	6	135950543	135951406
ENSG00000235575	1	169279903	169291717
ENSG00000226157	11	5113906	5114841
ENSG00000253583	8	64498558	64501966
ENSG00000223479	1	74100899	74180897
ENSG00000272432	1	25574328	25574812
ENSG00000238298	9	133325241	133325342
ENSG00000254787	11	84431869	84511744
ENSG00000206671	6	27564191	27564296
ENSG00000236832	2	174342724	174343128
ENSG00000070047	11	576486	612222
ENSG00000234437	1	169411876	169429690
ENSG00000238648	6	27599188	27599311
ENSG00000217482	6	135957224	135957851
ENSG00000261349	1	25592593	25593627
ENSG00000232172	9	133527186	133527770
ENSG00000238092	19	43285358	43290747
ENSG00000200601	1	74215200	74215306
ENSG00000141084	16	67757005	67840555
ENSG00000216676	6	27620381	27620604
ENSG00000255555	11	84647733	84666749
ENSG00000157593	6	44221833	44225291
ENSG00000224183	1	25620655	25621134
ENSG00000252005	1	74349396	74349505
ENSG00000013523	14	77253588	77292589
ENSG00000226131	2	174350593	174351090
ENSG00000215127	4	68926312	68929015
ENSG00000225096	6	58291908	58298496
ENSG00000225393	X	154697947	154716707
ENSG00000196115	8	39172110	39274897
ENSG00000237324	1	74807263	74844486
ENSG00000255396	11	84708270	84708812
ENSG00000252358	8	64521912	64522158
ENSG00000231365	1	119683019	119818596
ENSG00000242692	17	10162079	10162549
ENSG00000235720	7	63353664	63355019
ENSG00000251878	4	185353120	185353203
ENSG00000255501	11	105008448	105010453
ENSG00000203560	11	5125383	5126314
ENSG00000237016	2	174439838	174441069
ENSG00000214563	6	58293965	58294939
ENSG00000263106	HSCHR19LRC_LRC_T_CTG1	55316415	55316521
ENSG00000216915	6	27704779	27706273
ENSG00000233894	1	74933879	74935227
ENSG00000259984	1	25662920	25663956
ENSG00000234604	1	169443298	169443397
ENSG00000270426	4	185393078	185393763
ENSG00000253554	8	64599737	65281115
ENSG00000226581	7	63361201	63378372
ENSG00000128833	15	52484519	52587995
ENSG00000213305	11	84731829	84732699
ENSG00000252515	1	25667462	25667525
ENSG00000250426	4	69048010	69078188
ENSG00000186886	11	55493594	55494634
ENSG00000224797	9	133600173	133600437
ENSG00000213062	1	169455380	169456846
ENSG00000271646	4	185395956	185398458
ENSG00000238889	1	25672765	25672868
ENSG00000225877	19	43326015	43331030
ENSG00000229399	1	222814756	222815200
ENSG00000254684	11	85047119	85047616
ENSG00000234497	1	75055419	75087403
ENSG00000263891	7	63361446	63361511
ENSG00000258274	12	94101567	94131599
ENSG00000238084	1	25725203	25725771
ENSG00000273388	17	10195137	10221243
ENSG00000216687	6	58397998	58399412
ENSG00000236378	6	136128286	136129604
ENSG00000226342	7	63369344	63370831
ENSG00000264067	17	10223709	10244775
ENSG00000230704	1	169732070	169733789
ENSG00000151929	10	121410882	121437331
ENSG00000138395	2	202655184	202760273
ENSG00000254897	11	85163326	85164742
ENSG00000271538	4	185427614	185458708
ENSG00000238921	6	136235893	136235985
ENSG00000248257	19	43343520	43359870
ENSG00000200355	3	172489067	172489195
ENSG00000218069	6	27748398	27748890
ENSG00000181837	11	55522452	55523433
ENSG00000237617	2	174570676	174570876
ENSG00000222121	6	136298949	136299041
ENSG00000264978	12	94224852	94225146
ENSG00000201458	3	172514219	172514348
ENSG00000272864	1	75164453	75165017
ENSG00000272750	1	222832209	222834854
ENSG00000214561	6	58446019	58447307
ENSG00000227910	7	63385165	63386684
ENSG00000272736	17	10286449	10441179
ENSG00000266468	1	25732722	25732780
ENSG00000258303	12	94229943	94231814
ENSG00000270460	2	174675804	174676120
ENSG00000239494	1	169828897	169829193
ENSG00000249056	4	185480329	185480937
ENSG00000107819	10	102790991	102800998
ENSG00000213111	6	136355169	136356293
ENSG00000263877	1	222881579	222881873
ENSG00000237801	X	155058248	155059239
ENSG00000206583	11	85220982	85221088
ENSG00000225643	1	25907969	25916847
ENSG00000243051	1	169927085	169927387
ENSG00000234415	2	174736381	174737193
ENSG00000141458	18	21086148	21166862
ENSG00000257283	12	94288741	94337379
ENSG00000229943	1	75428998	75430802
ENSG00000250026	4	69049802	69093787
ENSG00000217862	6	27774853	27775117
ENSG00000236658	9	133809238	133820907
ENSG00000255019	11	55554440	55555381
ENSG00000255005	11	85627545	85634725
ENSG00000254233	4	185505247	185546184
ENSG00000235378	1	169959208	169959337
ENSG00000227056	1	119761937	119762719
ENSG00000261213	1	75588203	75589612
ENSG00000233478	1	25971035	25985602
ENSG00000252582	9	133896555	133896693
ENSG00000133574	7	150264365	150271041
ENSG00000271382	12	94338817	94341589
ENSG00000254479	11	85645780	85646706
ENSG00000228459	X	3189861	3202694
ENSG00000224638	2	174745593	174764156
ENSG00000236897	11	5127292	5128760
ENSG00000224127	1	75593515	75598743
ENSG00000265017	7	63387214	63387279
ENSG00000203260	1	169990599	169991390
ENSG00000186124	11	55623068	55623988
ENSG00000132622	20	3713314	3733758
ENSG00000237040	X	155105299	155105548
ENSG00000217646	6	27831840	27832179
ENSG00000213645	7	63391519	63392346
ENSG00000228172	1	26143240	26146263
ENSG00000238679	1	119801664	119801764
ENSG00000272975	17	10286461	10527203
ENSG00000232959	1	169993218	169993824
ENSG00000232740	2	123823727	123831057
ENSG00000271151	2	174833079	174834146
ENSG00000238666	11	85805234	85805337
ENSG00000252622	9	134002377	134002478
ENSG00000228410	X	155208657	155208990
ENSG00000224149	1	75595659	75598261
ENSG00000249138	4	185719450	185720200
ENSG00000227712	1	119802888	119869926
ENSG00000125637	2	113914902	113966973
ENSG00000200877	11	85864269	85864376
ENSG00000255204	11	55631408	55648719
ENSG00000224896	1	170084777	170085717
ENSG00000253357	5	167148368	167156129
ENSG00000228106	1	222988364	223010726
ENSG00000223484	X	155215035	155215914
ENSG00000254699	11	85903829	85904524
ENSG00000206999	1	75648730	75648832
ENSG00000227844	6	136364990	136393965
ENSG00000221741	5	167297550	167297670
ENSG00000238610	6	27865282	27865344
ENSG00000223633	6	58488888	58513860
ENSG00000139496	13	25875662	25923938
ENSG00000224493	1	75987247	75987916
ENSG00000273258	2	174876584	174877703
ENSG00000227349	19	43453655	43454539
ENSG00000251230	4	185765739	185776905
ENSG00000226708	2	124200842	124202021
ENSG00000254502	11	85906174	85907308
ENSG00000253762	8	64617314	64664235
ENSG00000168126	6	27905243	27906181
ENSG00000263390	1	170120519	170120603
ENSG00000220030	6	61996403	61996816
ENSG00000260868	2	174890008	174891891
ENSG00000232650	1	119870799	119898805
ENSG00000252338	1	76003700	76003804
ENSG00000214970	17	10482357	10526353
ENSG00000253660	5	167364722	167380474
ENSG00000213579	1	76047784	76048240
ENSG00000254783	11	85994969	85995710
ENSG00000233985	1	170143544	170210428
ENSG00000235414	2	174907736	174908608
ENSG00000250950	4	120377505	120378432
ENSG00000221606	6	62056770	62056882
ENSG00000272478	1	26158404	26158625
ENSG00000221689	2	124439683	124439791
ENSG00000236932	19	43540021	43545400
ENSG00000250686	6	62340138	62390954
ENSG00000236528	1	26186104	26189911
ENSG00000253947	5	167392192	167394091
ENSG00000221245	4	120490854	120490980
ENSG00000270799	2	175036619	175037453
ENSG00000256844	12	19260788	19261117
ENSG00000255499	11	55633185	55633296
ENSG00000213494	17	34310327	34329100
ENSG00000236986	9	134008252	134042892
ENSG00000230863	1	76107031	76107772
ENSG00000255222	11	86005802	86006618
ENSG00000270726	X	155233883	155255299
ENSG00000259695	15	102121096	102121759
ENSG00000266698	4	185772167	185772264
ENSG00000198933	17	45771447	45789416
ENSG00000243770	2	175104870	175105146
ENSG00000207302	1	26203987	26204096
ENSG00000238051	1	170180151	170180598
ENSG00000235640	2	124452878	124454972
ENSG00000194297	1	119874020	119874148
ENSG00000171435	12	117890817	118406788
ENSG00000250772	4	120720244	120725670
ENSG00000254547	11	55635045	55642013
ENSG00000253284	12	19300008	19307593
ENSG00000201088	2	175129606	175129709
ENSG00000229786	1	26213851	26214101
ENSG00000239856	11	86035056	86035351
ENSG00000178193	1	76175688	76189696
ENSG00000230529	19	43600608	43601512
ENSG00000216859	6	63170845	63171408
ENSG00000230921	1	119911569	119912954
ENSG00000101825	X	3226606	3264682
ENSG00000182566	19	7793843	7798792
ENSG00000249173	4	185815025	185820608
ENSG00000227180	2	175164052	175165684
ENSG00000254733	11	86142632	86333909
ENSG00000223624	1	26215461	26215600
ENSG00000240993	12	19329225	19329523
ENSG00000214374	6	27932953	27933292
ENSG00000252614	15	102188409	102188515
ENSG00000263199	17	52780297	52780791
ENSG00000237596	6	136415853	136546733
ENSG00000261433	17	10561859	10562399
ENSG00000243854	12	19456414	19456710
ENSG00000134987	5	110427414	110466200
ENSG00000181227	1	76209103	76210461
ENSG00000232780	1	119977079	119977703
ENSG00000264780	10	35930100	35930180
ENSG00000238502	15	102223718	102223819
ENSG00000255909	12	19566087	19566395
ENSG00000254727	11	86143140	86143617
ENSG00000237804	2	175174743	175175702
ENSG00000264021	1	26232853	26232945
ENSG00000226646	10	35986228	35986965
ENSG00000224286	1	170240744	170253349
ENSG00000227606	19	43657431	43665014
ENSG00000114416	3	180585929	180700541
ENSG00000250642	4	69148179	69151677
ENSG00000227806	11	55670817	55671754
ENSG00000259660	15	102291235	102334505
ENSG00000266763	1	26238240	26238313
ENSG00000216629	6	27944928	27945853
ENSG00000207237	1	26290688	26290791
ENSG00000263125	17	52831526	52832010
ENSG00000241104	19	43715943	43752798
ENSG00000216519	6	136639099	136639374
ENSG00000253065	5	167460096	167460210
ENSG00000251147	4	185832043	185832506
ENSG00000231453	2	175190755	175195371
ENSG00000203858	1	119981624	119988709
ENSG00000252190	1	26332497	26332621
ENSG00000251809	17	52848310	52848638
ENSG00000272612	HSCHR6_MHC_QBL	28743697	28743804
ENSG00000253925	5	167512334	167614724
ENSG00000227313	10	36185802	36187891
ENSG00000217067	6	63257332	63258177
ENSG00000206620	1	76252757	76252835
ENSG00000152380	5	79783788	79838382
ENSG00000252691	1	26332707	26332790
ENSG00000263458	4	185859537	185859594
ENSG00000261589	17	53246184	53250993
ENSG00000252085	3	15278507	15278600
ENSG00000226967	1	170338364	170339508
ENSG00000265320	1	26398069	26398168
ENSG00000207241	1	76253574	76253657
ENSG00000113369	5	90664541	90679176
ENSG00000255416	11	55715596	55716400
ENSG00000227475	10	36378014	36378317
ENSG00000254731	11	86414141	86425134
ENSG00000159110	21	34602206	34637980
ENSG00000273323	HSCHR6_MHC_QBL	28751414	28751785
ENSG00000205208	4	159587831	159593407
ENSG00000201487	1	76255162	76255233
ENSG00000224660	3	15295691	15306000
ENSG00000250183	4	120858712	120885053
ENSG00000263384	1	170339354	170339436
ENSG00000236782	1	26496438	26498312
ENSG00000266832	1	76308317	76308402
ENSG00000236626	10	36721810	36723412
ENSG00000255250	11	86438397	86476307
ENSG00000239054	1	223085186	223085289
ENSG00000226853	2	175352117	175353114
ENSG00000225605	1	76477009	76485041
ENSG00000248517	4	185910151	185926340
ENSG00000263096	17	53348865	53351014
ENSG00000254807	11	55724692	55725106
ENSG00000234523	1	223119067	223119242
ENSG00000231407	1	170429594	170501788
ENSG00000143368	1	149895209	149900236
ENSG00000217539	6	27978501	27980133
ENSG00000259236	15	102311961	102322192
ENSG00000272748	10	76581368	76581888
ENSG00000227738	2	124519747	124520647
ENSG00000271318	11	86532185	86532770
ENSG00000272776	HSCHR6_MHC_QBL	28763753	28763816
ENSG00000262079	17	53403118	53405152
ENSG00000236846	1	223317391	223318296
ENSG00000236123	19	43783085	43788470
ENSG00000234149	10	76762813	76784932
ENSG00000238891	3	15358127	15358229
ENSG00000262566	6	63321058	63321232
ENSG00000260418	6	136656852	136657225
ENSG00000211952	14	106780513	106781017
ENSG00000248639	4	69158845	69160082
ENSG00000214880	11	55746179	55753881
ENSG00000197882	11	86543582	86544491
ENSG00000201162	3	15381256	15381362
ENSG00000261021	HG544_PATCH	17619361	17620211
ENSG00000216072	6	63393083	63393173
ENSG00000226601	1	223354486	223361496
ENSG00000230027	1	76507376	76531913
ENSG00000107077	9	6720863	7175648
ENSG00000250754	4	185973050	186028402
ENSG00000199851	6	27983346	27983553
ENSG00000235595	1	120004652	120005644
ENSG00000264410	6	63436740	63436829
ENSG00000220660	6	136685267	136686217
ENSG00000226427	3	15416880	15417152
ENSG00000251789	1	223547164	223547266
ENSG00000133561	7	150322463	150329473
ENSG00000179997	2	175366680	175367043
ENSG00000262685	HG544_PATCH	17683283	17685877
ENSG00000266682	6	63692989	63693075
ENSG00000183943	X	3522411	3631649
ENSG00000217315	6	28001725	28002633
ENSG00000223905	1	76819268	76819931
ENSG00000258086	12	54747576	54860769
ENSG00000230681	19	43807323	43808675
ENSG00000235428	1	223741977	223742862
ENSG00000217477	6	63902977	63903535
ENSG00000262522	HG544_PATCH	17721187	17721296
ENSG00000250392	4	120860695	120885448
ENSG00000225545	1	170556390	170557377
ENSG00000249531	4	69166043	69168177
ENSG00000231412	19	43833447	43835582
ENSG00000211953	14	106791005	106791536
ENSG00000261500	HG544_PATCH	17737708	17742231
ENSG00000206926	3	15474617	15474723
ENSG00000187481	1	120009844	120016426
ENSG00000269895	11	86544110	86548657
ENSG00000262338	HG544_PATCH	17887106	17887192
ENSG00000235303	1	170567995	170616480
ENSG00000272396	19	43864837	43873122
ENSG00000227002	1	223831812	223832085
ENSG00000200553	4	120868286	120868387
ENSG00000224336	Y	9374241	9384693
ENSG00000187763	6	28014212	28015145
ENSG00000272855	1	77102562	77103024
ENSG00000271811	1	170636522	170638566
ENSG00000260985	HG544_PATCH	17904886	17907470
ENSG00000236155	1	26536232	26556331
ENSG00000253825	4	120956188	120961770
ENSG00000182365	11	55782493	55783433
ENSG00000248122	4	69170061	69170657
ENSG00000219940	6	63937390	63937648
ENSG00000236449	2	175411869	175639555
ENSG00000148356	9	130213765	130265780
ENSG00000246851	9	134065297	134069592
ENSG00000215924	1	171010488	171010581
ENSG00000204933	19	43876894	43883276
ENSG00000253978	5	167656588	167659362
ENSG00000226415	1	77165474	77166223
ENSG00000255203	11	86568101	86568989
ENSG00000233260	X	132896823	132897710
ENSG00000226552	1	171052706	171054346
ENSG00000231475	14	106805209	106805716
ENSG00000249786	3	15477678	15493109
ENSG00000250938	4	120988113	121337921
ENSG00000152578	11	105480721	105852819
ENSG00000049089	1	40766159	40783488
ENSG00000162840	4	69242041	69242226
ENSG00000218520	6	63938992	63940015
ENSG00000135905	2	225629807	225907162
ENSG00000272907	HSCHR6_MHC_QBL	28805650	28806787
ENSG00000206965	2	175422694	175422800
ENSG00000130935	17	65713949	65740647
ENSG00000263530	2	211036020	211036115
ENSG00000182175	15	93586636	93632433
ENSG00000232068	X	133123470	133124113
ENSG00000253861	5	167979282	167980732
ENSG00000255471	11	86603256	86636079
ENSG00000218617	6	64102127	64102511
ENSG00000212398	1	223877753	223877816
ENSG00000211955	14	106815722	106816253
ENSG00000264686	1	77183825	77183926
ENSG00000237798	2	175439955	175452454
ENSG00000184741	11	55821840	55822779
ENSG00000231294	2	211036242	211095107
ENSG00000200572	X	133276258	133276370
ENSG00000272629	HSCHR6_MHC_QBL	28827406	28831131
ENSG00000269177	19	44057597	44059646
ENSG00000199921	1	77218820	77218925
ENSG00000227621	1	224044281	224045089
ENSG00000224908	X	133300712	133300962
ENSG00000218274	6	64104912	64107011
ENSG00000240927	15	102313442	102313716
ENSG00000228771	X	52613039	52615362
ENSG00000199203	2	211130687	211130798
ENSG00000237552	1	77223809	77244952
ENSG00000223118	2	124626833	124627147
ENSG00000235655	2	175584505	175585526
ENSG00000273122	HSCHR6_MHC_QBL	28829197	28829828
ENSG00000269583	19	44078790	44079770
ENSG00000226987	9	134116074	134117111
ENSG00000232459	15	102368944	102369882
ENSG00000207572	X	133303408	133303482
ENSG00000228400	2	124774435	124782750
ENSG00000257477	12	54822087	54823187
ENSG00000246523	11	86666661	86712001
ENSG00000216613	6	136740985	136741563
ENSG00000181780	11	55838506	55839525
ENSG00000234281	2	211189483	211333970
ENSG00000221720	1	77473429	77473500
ENSG00000188460	1	224051428	224052553
ENSG00000171503	4	159593277	159630775
ENSG00000208034	X	133303568	133303642
ENSG00000182477	6	28021006	28021943
ENSG00000263573	3	15537746	15537815
ENSG00000270733	1	26589532	26589889
ENSG00000185319	X	52627544	52632339
ENSG00000113441	5	96271098	96373219
ENSG00000199035	5	167987897	167987982
ENSG00000257824	12	54936895	54937889
ENSG00000221390	1	171070869	171070947
ENSG00000230498	1	77533605	77544167
ENSG00000249520	4	185986135	185986477
ENSG00000211956	14	106829594	106830076
ENSG00000218048	6	64150671	64153485
ENSG00000207812	X	133303701	133303797
ENSG00000241064	3	15548132	15548412
ENSG00000214344	15	102382322	102390527
ENSG00000238046	2	125438299	125438493
ENSG00000229570	1	120038459	120039464
ENSG00000264354	3	15738805	15738878
ENSG00000229714	HSCHR6_MHC_QBL	28856613	28857687
ENSG00000254748	11	86735625	86736819
ENSG00000225243	1	171168383	171196927
ENSG00000207710	X	133303839	133303907
ENSG00000225538	11	55850277	55851215
ENSG00000273290	17	10575791	10579323
ENSG00000233771	1	224135307	224138118
ENSG00000225854	1	26653179	26653524
ENSG00000270409	3	15773759	15774977
ENSG00000211957	14	106845323	106845789
ENSG00000239594	X	133304064	133304146
ENSG00000226084	1	77594768	77595384
ENSG00000237104	2	175647774	175652656
ENSG00000253734	8	64681988	64698058
ENSG00000183704	Y	13496241	13524717
ENSG00000272645	1	224139096	224141141
ENSG00000207602	X	133304228	133304308
ENSG00000263388	17	10584051	10587305
ENSG00000254524	11	55864720	55864860
ENSG00000263740	3	15780022	15780315
ENSG00000232664	X	133338383	133339946
ENSG00000225121	6	64190039	64191781
ENSG00000212157	1	224163848	224163951
ENSG00000201425	2	175842531	175842625
ENSG00000231424	1	171216719	171220933
ENSG00000265619	4	186043476	186043576
ENSG00000211958	14	106866406	106866934
ENSG00000198517	7	1570350	1582679
ENSG00000264176	17	10619319	10619828
ENSG00000207815	3	15915278	15915356
ENSG00000253231	8	65244484	65244709
ENSG00000212167	2	175886942	175887047
ENSG00000257109	15	102416167	102417104
ENSG00000232372	1	224170456	224175856
ENSG00000226443	1	120076372	120077369
ENSG00000206692	1	171223045	171223161
ENSG00000250410	4	186291879	186312082
ENSG00000272244	X	133348416	133348694
ENSG00000254843	11	86805776	86807627
ENSG00000199827	2	175894497	175894605
ENSG00000255140	11	55884115	55884732
ENSG00000224728	3	15919554	15921078
ENSG00000214961	X	133406317	133407688
ENSG00000265143	1	26674956	26675210
ENSG00000230547	1	171240093	171240729
ENSG00000227187	2	175898506	175898920
ENSG00000131019	6	150384286	150390231
ENSG00000271074	2	211969658	211970456
ENSG00000228187	1	77660510	77661080
ENSG00000187191	Y	26909216	26959626
ENSG00000223583	1	26781144	26781678
ENSG00000207231	4	186337127	186337240
ENSG00000257780	12	55001971	55004246
ENSG00000251962	X	133537328	133537412
ENSG00000231017	2	212163666	212163914
ENSG00000220721	6	28041094	28042011
ENSG00000266510	2	175899245	175899318
ENSG00000225891	1	26789247	26793773
ENSG00000235284	9	134361052	134361137
ENSG00000233099	1	77811731	77815270
ENSG00000218424	6	136797000	136797288
ENSG00000227559	HSCHR6_MHC_QBL	28864311	28865103
ENSG00000255701	3	16269421	16269957
ENSG00000226107	X	133656732	133657020
ENSG00000225704	1	171314228	171314459
ENSG00000215973	2	176032361	176032437
ENSG00000243000	1	224183597	224191356
ENSG00000254377	8	65285885	65296344
ENSG00000263400	17	10633094	10718481
ENSG00000254848	11	55900142	55900970
ENSG00000221664	1	77857107	77857213
ENSG00000213287	11	86969893	86970301
ENSG00000229750	2	176032632	176033250
ENSG00000205664	X	3735569	3761898
ENSG00000213312	6	64258613	64259413
ENSG00000251767	1	77886010	77886071
ENSG00000151475	4	128651533	128695448
ENSG00000224129	1	26845845	26846741
ENSG00000237918	HSCHR6_MHC_SSTO	31720531	31722583
ENSG00000270739	3	16316567	16318139
ENSG00000268062	1	171314244	171314446
ENSG00000251785	1	78080554	78080637
ENSG00000200121	2	176041227	176041318
ENSG00000231587	9	134365873	134365958
ENSG00000249798	1	120081132	120088536
ENSG00000233110	4	186509063	186515157
ENSG00000243594	HSCHR6_MHC_QBL	32740623	32776073
ENSG00000109452	4	142944313	143768585
ENSG00000270510	11	87034751	87035401
ENSG00000243437	1	78111009	78111301
ENSG00000233131	2	176048943	176049335
ENSG00000199585	2	212400378	212400494
ENSG00000238705	1	26881033	26881084
ENSG00000254582	11	87040449	87041094
ENSG00000271964	3	16355946	16356494
ENSG00000254947	11	55909992	55910863
ENSG00000232672	1	78239550	78240549
ENSG00000266680	6	64280910	64282313
ENSG00000232631	2	212641931	212642581
ENSG00000206346	HSCHR6_MHC_QBL	31927979	31930461
ENSG00000243905	1	26919737	26920037
ENSG00000244564	3	64430907	64440508
ENSG00000272498	3	16380815	16381378
ENSG00000176868	9	134374796	134375537
ENSG00000239428	1	171361368	171361929
ENSG00000262651	6	64322666	64322808
ENSG00000252802	1	26920431	26920532
ENSG00000272009	6	28046570	28048908
ENSG00000229066	2	176121978	176319368
ENSG00000185495	1	224183659	224198309
ENSG00000255391	11	87191778	87192339
ENSG00000229247	1	26966868	26967105
ENSG00000265795	HSCHR6_MHC_QBL	28883426	28883525
ENSG00000272529	3	16386633	16387947
ENSG00000212340	3	64497431	64497533
ENSG00000213309	6	64325732	64326266
ENSG00000235902	4	186587039	186596571
ENSG00000271765	6	136866330	136866630
ENSG00000221347	2	176195101	176195200
ENSG00000202082	1	171387783	171387889
ENSG00000223976	2	176707615	176708030
ENSG00000272189	6	136871799	136873692
ENSG00000269391	3	16572278	16573309
ENSG00000223015	11	87317675	87317777
ENSG00000230289	9	134391945	134397616
ENSG00000234333	1	171413838	171414102
ENSG00000239873	1	120101378	120102397
ENSG00000235541	HSCHR6_MHC_QBL	28936910	28938240
ENSG00000255217	11	55932976	55933397
ENSG00000172534	X	153213004	153237258
ENSG00000198056	12	57125380	57146157
ENSG00000199235	11	87359381	87359441
ENSG00000235047	2	176762064	176768960
ENSG00000218813	6	64507082	64507924
ENSG00000238316	1	26968777	26968880
ENSG00000236007	2	212642998	212644488
ENSG00000222849	1	78245589	78245684
ENSG00000263182	1	224196429	224198314
ENSG00000233570	3	16577827	16582880
ENSG00000172922	11	65482367	65488418
ENSG00000255183	11	87429246	87430303
ENSG00000235069	1	26973938	26974172
ENSG00000229779	2	176769099	176770230
ENSG00000219201	1	78276507	78277621
ENSG00000241158	3	64547014	64573878
ENSG00000230213	11	55955855	55956727
ENSG00000229930	1	224218406	224222758
ENSG00000234263	6	136950310	136969137
ENSG00000240853	9	134600556	134600854
ENSG00000264034	3	16661028	16661125
ENSG00000232839	HSCHR6_MHC_DBB	30284507	30304844
ENSG00000238859	1	171451046	171451148
ENSG00000260063	1	27018623	27020622
ENSG00000254650	11	87525927	87527049
ENSG00000216193	2	176973371	176973458
ENSG00000203855	1	120106689	120114734
ENSG00000212242	6	136951381	136951493
ENSG00000219891	6	28058932	28061442
ENSG00000239373	1	171461550	171461858
ENSG00000229271	3	16729493	16738986
ENSG00000207497	4	186631027	186631121
ENSG00000213604	11	55972601	55973101
ENSG00000201807	6	137176836	137176969
ENSG00000266138	1	27090115	27090393
ENSG00000234631	10	115674530	115676949
ENSG00000201126	1	171488955	171489052
ENSG00000235149	4	186839294	186840614
ENSG00000233173	7	63394827	63395709
ENSG00000237380	2	176986339	177001826
ENSG00000241188	1	27141313	27141601
ENSG00000252484	1	224294984	224295243
ENSG00000224039	3	16734252	16735709
ENSG00000146416	6	143381633	143661441
ENSG00000231018	9	134657957	134658200
ENSG00000213109	6	137221371	137222667
ENSG00000233328	1	171639657	171640079
ENSG00000235613	1	78312795	78314487
ENSG00000255461	11	56064017	56064947
ENSG00000207816	8	65291706	65291814
ENSG00000236345	6	64516729	64532535
ENSG00000122188	1	203734304	203745361
ENSG00000226698	1	27202624	27204736
ENSG00000264866	HSCHR6_MHC_QBL	28945253	28945548
ENSG00000129071	3	129149787	129158878
ENSG00000236773	1	224363178	224363408
ENSG00000197185	X	52635582	52640808
ENSG00000043591	10	115803806	115806667
ENSG00000239034	4	186867237	186867340
ENSG00000185203	X	155244288	155246502
ENSG00000264818	3	16974688	16974752
ENSG00000219653	6	64567334	64567662
ENSG00000172746	1	27306656	27307466
ENSG00000225368	HSCHR6_MHC_QBL	28953980	28955261
ENSG00000255022	11	87527116	87527416
ENSG00000231264	7	63398283	63398887
ENSG00000201898	1	224367343	224367469
ENSG00000232015	1	78319040	78319578
ENSG00000219392	6	28083406	28084329
ENSG00000188846	3	40498783	40503861
ENSG00000226441	3	17084234	17085684
ENSG00000232628	1	224396449	224400981
ENSG00000230364	1	171652268	171653578
ENSG00000222727	4	186947610	186947740
ENSG00000254794	11	87628840	87628891
ENSG00000207247	6	137255903	137256004
ENSG00000254722	11	56098823	56099964
ENSG00000212395	9	134658247	134658345
ENSG00000253013	4	187051175	187051309
ENSG00000253750	8	65466793	65467032
ENSG00000230350	6	137295067	137295354
ENSG00000155368	2	120124497	120130126
ENSG00000228660	7	63423809	63424501
ENSG00000255516	11	87783274	87795278
ENSG00000250327	4	187079050	187079997
ENSG00000091129	7	107788068	108097161
ENSG00000255134	11	56102618	56103544
ENSG00000232120	6	65087688	65122672
ENSG00000237101	1	224407315	224415745
ENSG00000224064	1	27310119	27310515
ENSG00000232261	1	171720683	171721165
ENSG00000252351	11	131255144	131255258
ENSG00000252976	3	17177142	17177214
ENSG00000253800	8	65483470	65483889
ENSG00000240244	1	120138790	120139802
ENSG00000243286	HSCHR6_MHC_QBL	28954577	28956313
ENSG00000231780	3	17374618	17374923
ENSG00000236687	9	134691579	134696375
ENSG00000217811	6	65341098	65341575
ENSG00000221782	2	213290987	213291084
ENSG00000242208	11	56124804	56125697
ENSG00000251008	4	187092017	187092411
ENSG00000237654	11	131372653	131410761
ENSG00000235927	1	78347033	78355224
ENSG00000164855	7	1581871	1600457
ENSG00000221406	1	224444706	224444843
ENSG00000255102	11	87794942	87831315
ENSG00000230639	7	63426212	63426502
ENSG00000273118	2	213446081	213886269
ENSG00000237979	2	65728127	65729272
ENSG00000237043	HSCHR6_MHC_QBL	28994457	28995384
ENSG00000164904	5	125877533	125931110
ENSG00000225294	1	27312388	27312831
ENSG00000176232	7	63440763	63441855
ENSG00000207744	2	177015031	177015140
ENSG00000230940	9	134907273	134952977
ENSG00000229742	1	224485348	224486302
ENSG00000255241	11	87831759	87849003
ENSG00000114374	Y	14813160	14972764
ENSG00000233913	5	168043317	168044059
ENSG00000243828	6	65438730	65443730
ENSG00000221388	2	213628294	213628399
ENSG00000272729	2	177028892	177030444
ENSG00000260941	1	120140325	120141894
ENSG00000241149	7	63465954	63476508
ENSG00000254903	11	56149111	56150065
ENSG00000225391	6	137303302	137314371
ENSG00000234308	2	213660055	213683986
ENSG00000206690	11	87833163	87833273
ENSG00000251165	4	187207248	187422151
ENSG00000229985	1	27503242	27503768
ENSG00000273338	1	78470030	78470238
ENSG00000271459	1	171724943	171725463
ENSG00000011485	19	46850251	46896238
ENSG00000266581	11	87909670	87909761
ENSG00000223739	2	65738905	65739210
ENSG00000198857	1	120143963	120151873
ENSG00000092758	20	61447596	61472511
ENSG00000236741	1	171731214	171731664
ENSG00000228564	7	63488230	63490483
ENSG00000249489	11	88141347	88142391
ENSG00000221105	9	135090138	135090262
ENSG00000206887	1	224493082	224493185
ENSG00000270815	2	125536031	125536217
ENSG00000174456	12	110465872	110511491
ENSG00000243029	2	65772537	65772830
ENSG00000221312	6	65684286	65684385
ENSG00000213561	1	78509067	78509832
ENSG00000235399	6	137316307	137320641
ENSG00000252674	2	125690492	125690597
ENSG00000238856	1	224524493	224524591
ENSG00000256352	6	65720260	65720336
ENSG00000251900	2	65782566	65782668
ENSG00000231254	2	213696885	213697669
ENSG00000254192	5	168081518	168094766
ENSG00000266618	1	224585929	224586013
ENSG00000265864	16	2819873	2819950
ENSG00000252476	6	137861537	137861608
ENSG00000235725	2	65816700	65867311
ENSG00000214973	1	27527325	27527964
ENSG00000269293	6	28089573	28105071
ENSG00000221719	16	2846409	2846533
ENSG00000177548	16	28915742	28947847
ENSG00000150051	10	27961804	28034989
ENSG00000255466	11	56161205	56162124
ENSG00000214558	6	66011354	66014960
ENSG00000214652	7	63505821	63545179
ENSG00000229991	1	224762136	224763091
ENSG00000236082	11	131416556	131443494
ENSG00000224189	2	177037923	177053686
ENSG00000213108	6	137865034	137865509
ENSG00000252521	9	135297028	135297077
ENSG00000206726	2	125746796	125746902
ENSG00000253060	1	171737210	171737315
ENSG00000214533	2	65893829	65894871
ENSG00000225159	1	27533421	27534287
ENSG00000201853	2	125886409	125886490
ENSG00000224795	11	131532025	131533477
ENSG00000215148	16	2848486	2855148
ENSG00000213060	1	171772657	171773079
ENSG00000265187	6	66176897	66176982
ENSG00000224992	9	135644840	135645599
ENSG00000255082	11	88237744	88257222
ENSG00000235491	2	126468546	126523419
ENSG00000233384	1	224802998	224803922
ENSG00000220483	6	66498310	66499180
ENSG00000251958	1	78554672	78554767
ENSG00000227440	3	172546526	172546966
ENSG00000146938	X	5758678	6146904
ENSG00000271624	11	131640689	131641532
ENSG00000254042	5	168133572	168147889
ENSG00000265899	2	65894390	65894480
ENSG00000213560	1	78557183	78557738
ENSG00000181395	11	56180220	56181144
ENSG00000258993	14	53489773	53490315
ENSG00000261839	6	28104627	28107456
ENSG00000225990	1	27537756	27537975
ENSG00000272177	2	65958810	65960175
ENSG00000233859	6	66546823	66547947
ENSG00000238117	11	131747574	131767002
ENSG00000234247	1	224848875	224849588
ENSG00000234433	HSCHR6_MHC_SSTO	31723322	31735062
ENSG00000223558	7	63545938	63546954
ENSG00000251723	9	135729205	135729269
ENSG00000230533	6	137994597	137995691
ENSG00000258985	14	53503473	53504969
ENSG00000230416	11	56216144	56217068
ENSG00000207113	11	88345973	88346079
ENSG00000202263	1	78560491	78560599
ENSG00000221524	2	66268384	66268524
ENSG00000266552	14	53619767	53619833
ENSG00000224700	11	131850990	131854555
ENSG00000221130	11	88845878	88845992
ENSG00000227293	2	66462509	66463345
ENSG00000233333	1	78636165	78636921
ENSG00000258731	14	53620072	53624246
ENSG00000252134	1	171783652	171783766
ENSG00000115806	2	171784974	171823639
ENSG00000263816	9	135821094	135821158
ENSG00000268412	2	26251074	26251481
ENSG00000226314	6	28129559	28137372
ENSG00000224410	2	126580685	126580892
ENSG00000215864	1	120377388	120387779
ENSG00000197692	11	89026913	89027414
ENSG00000238262	11	132154196	132154975
ENSG00000224311	1	27555597	27560843
ENSG00000224600	1	171793750	171794101
ENSG00000220412	6	138026560	138028338
ENSG00000078902	11	1295601	1330884
ENSG00000222591	2	66466632	66466786
ENSG00000237501	3	172548771	172549019
ENSG00000218890	6	66803324	66804802
ENSG00000229400	1	224905206	224918364
ENSG00000237413	1	78695283	78835149
ENSG00000262154	16	2872660	2872994
ENSG00000252703	11	132395703	132395781
ENSG00000252098	1	27581955	27582058
ENSG00000225815	2	66554481	66556116
ENSG00000221281	6	67069318	67069392
ENSG00000233800	9	135822456	135826943
ENSG00000243659	1	27637731	27638329
ENSG00000255371	11	132729140	132729972
ENSG00000239141	3	172692932	172693032
ENSG00000270521	6	67420135	67420720
ENSG00000237356	14	53635772	54153976
ENSG00000200795	12	120730900	120731040
ENSG00000251933	1	224910169	224910243
ENSG00000067177	X	71798664	71934167
ENSG00000233540	1	171833327	171833827
ENSG00000238949	6	67438736	67438797
ENSG00000179178	1	43735665	43739673
ENSG00000237473	3	172871527	173054755
ENSG00000224458	7	63560683	63611099
ENSG00000235195	HSCHR6_MHC_QBL	29039603	29040378
ENSG00000225334	1	224954602	224961043
ENSG00000207739	5	168195151	168195260
ENSG00000254896	11	133229924	133235975
ENSG00000269027	5	35051012	35051198
ENSG00000266073	6	67859402	67859492
ENSG00000207949	1	172107938	172108047
ENSG00000226813	2	126867676	126875562
ENSG00000212229	6	67920301	67920373
ENSG00000206888	1	27651710	27651816
ENSG00000172460	16	2889569	2892745
ENSG00000238693	11	133306833	133306934
ENSG00000216097	6	138038085	138038179
ENSG00000234476	1	225634945	225653045
ENSG00000241254	2	66554481	66555973
ENSG00000230630	1	172109461	172113934
ENSG00000105656	19	18553473	18632937
ENSG00000237645	3	173362021	173362501
ENSG00000271111	6	68166239	68167143
ENSG00000241547	1	27651820	27652287
ENSG00000226795	HSCHR6_MHC_QBL	29044352	29044947
ENSG00000238504	11	133372772	133372851
ENSG00000227556	1	78782841	78782947
ENSG00000225680	14	54066550	54080744
ENSG00000164164	4	146031990	146101313
ENSG00000202345	5	168218503	168218615
ENSG00000227205	1	120395939	120396371
ENSG00000250219	4	121012201	121013437
ENSG00000234956	6	138051307	138060120
ENSG00000255258	11	133653566	133680271
ENSG00000264525	2	66585381	66585460
ENSG00000248965	5	168420005	168422682
ENSG00000227496	1	225888306	225939945
ENSG00000212308	1	78840849	78840953
ENSG00000226132	14	54079442	54080123
ENSG00000232164	2	66610438	66619582
ENSG00000208024	1	172113675	172113784
ENSG00000251965	6	68177124	68177201
ENSG00000231207	1	27715972	27716649
ENSG00000198825	10	121485609	121588652
ENSG00000238015	1	79131957	79132380
ENSG00000206523	HSCHR6_MHC_QBL	29068729	29069667
ENSG00000235269	14	54235660	54317600
ENSG00000234907	9	135837898	135838054
ENSG00000201015	6	68256544	68256647
ENSG00000228213	3	173628288	173638586
ENSG00000252354	1	172317283	172317357
ENSG00000226349	1	225898670	225923976
ENSG00000213153	11	133734772	133735522
ENSG00000206672	6	68335249	68335357
ENSG00000238558	9	135839119	135839180
ENSG00000202306	14	93863485	93863580
ENSG00000171497	4	159630286	159644548
ENSG00000226446	1	120428927	120429550
ENSG00000206684	1	172335680	172335786
ENSG00000235774	2	127066087	127101569
ENSG00000225184	HSCHR6_MHC_QBL	29091993	29096691
ENSG00000227706	6	68597538	68599231
ENSG00000252720	14	93903746	93903856
ENSG00000231922	14	54383988	54384471
ENSG00000226819	2	66653867	66660602
ENSG00000251943	1	172582568	172582674
ENSG00000254470	11	65543364	65548273
ENSG00000221683	1	79152745	79152845
ENSG00000241169	1	27783709	27786093
ENSG00000264919	11	133768399	133768476
ENSG00000225665	4	121263211	121263802
ENSG00000223306	1	225928977	225929084
ENSG00000229785	1	172717700	172718642
ENSG00000235400	1	79214758	79216344
ENSG00000233506	HSCHR6_MHC_QBL	29105660	29106596
ENSG00000164070	4	128702976	128761888
ENSG00000237429	1	27852316	27857072
ENSG00000234112	1	225990850	225991150
ENSG00000264674	11	133826696	133826764
ENSG00000258584	14	94371076	94393412
ENSG00000133519	22	23732793	23744913
ENSG00000213332	4	187249870	187250755
ENSG00000252982	3	173775431	173775654
ENSG00000255406	11	133896882	133898013
ENSG00000235912	1	27975930	27976121
ENSG00000230787	1	79520630	79521740
ENSG00000266431	14	54415145	54415202
ENSG00000224228	1	172745045	173033155
ENSG00000232601	3	174020734	174021077
ENSG00000218297	HSCHR6_MHC_QBL	29149307	29150242
ENSG00000270509	6	68643377	68644574
ENSG00000230749	2	66666220	66667444
ENSG00000242861	1	226028584	226034223
ENSG00000207300	6	138105511	138105623
ENSG00000196205	9	135894816	135896553
ENSG00000224004	14	54457819	54458713
ENSG00000233975	1	27986839	27989233
ENSG00000261662	1	120451878	120453236
ENSG00000227177	1	172855087	172855398
ENSG00000266388	1	79600818	79600911
ENSG00000248322	1	226124111	226125257
ENSG00000223504	6	68765243	68770394
ENSG00000213169	3	174095034	174095795
ENSG00000235011	1	79789454	79790548
ENSG00000244522	2	66666575	66668968
ENSG00000273406	1	120619223	120619698
ENSG00000212387	4	187422263	187422369
ENSG00000084733	2	26256976	26360323
ENSG00000204241	11	133902167	133916744
ENSG00000224000	1	172876040	172876824
ENSG00000232676	1	79986765	79987888
ENSG00000227309	3	17506642	17507002
ENSG00000141577	17	79163393	79196799
ENSG00000249409	4	121560245	121571951
ENSG00000252382	4	187778529	187778610
ENSG00000237499	6	138144810	138189370
ENSG00000249624	21	34619079	34655517
ENSG00000225886	1	27995979	27996787
ENSG00000258753	14	54937427	54937936
ENSG00000226497	6	68936864	69039791
ENSG00000248222	5	168440232	168465003
ENSG00000253020	3	174349613	174349892
ENSG00000271841	3	17706455	17706517
ENSG00000213032	1	226151879	226152128
ENSG00000265549	HSCHR6_MHC_QBL	29169591	29169657
ENSG00000103707	15	65294845	65321977
ENSG00000207149	1	120669562	120669662
ENSG00000172818	11	65554493	65564690
ENSG00000230497	3	174777151	174777821
ENSG00000233133	3	17747550	17747725
ENSG00000250829	4	187812123	187813520
ENSG00000252019	14	55325933	55326048
ENSG00000206767	1	28002114	28002220
ENSG00000273131	1	120693320	120697146
ENSG00000266675	6	69203331	69203418
ENSG00000225541	7	22611226	22701411
ENSG00000226363	2	177042445	177043736
ENSG00000216901	6	28143966	28144452
ENSG00000230849	1	173110239	173111489
ENSG00000272562	1	226248413	226249577
ENSG00000254752	11	56246968	56247903
ENSG00000232046	2	66801162	66957289
ENSG00000213383	3	17913221	17914090
ENSG00000265432	14	55344831	55344911
ENSG00000212359	4	121731624	121731724
ENSG00000226662	1	28013321	28013982
ENSG00000218834	6	69308096	69308285
ENSG00000235756	1	80557788	80558922
ENSG00000214286	3	17918947	17919661
ENSG00000235401	HSCHR6_MHC_QBL	29183059	29184002
ENSG00000251609	4	121816649	121818238
ENSG00000236933	1	120835810	120838343
ENSG00000265768	14	94414572	94414648
ENSG00000230292	3	174797097	174833032
ENSG00000258872	14	55351567	55352931
ENSG00000225518	1	226271340	226277993
ENSG00000260322	1	80580628	80582603
ENSG00000232949	7	22629324	22631241
ENSG00000226238	3	18031515	18037036
ENSG00000254411	11	56263236	56263888
ENSG00000230910	6	69339854	69344919
ENSG00000218175	2	177065636	177065980
ENSG00000236407	1	80749037	80749655
ENSG00000272477	3	18450172	18451127
ENSG00000272218	4	187813706	187814137
ENSG00000207095	1	28020242	28020346
ENSG00000238033	7	22689579	22705152
ENSG00000270598	1	226314879	226315047
ENSG00000117419	1	44686742	44820932
ENSG00000261109	HG104_HG975_PATCH	144997317	145058904
ENSG00000227193	1	120876495	120905159
ENSG00000226375	1	173143439	173144642
ENSG00000231344	1	28065602	28065950
ENSG00000266033	1	80795064	80795173
ENSG00000249539	4	187821694	187821992
ENSG00000029363	6	136578001	136610989
ENSG00000254490	11	56267776	56268747
ENSG00000230384	2	177106839	177107721
ENSG00000234478	1	226335704	226342772
ENSG00000223006	4	121982327	121982633
ENSG00000225598	1	80839049	80840306
ENSG00000224392	HSCHR6_MHC_QBL	29197050	29197980
ENSG00000175699	14	94463616	94478040
ENSG00000268993	1	120880883	120881270
ENSG00000226779	3	174952651	174988885
ENSG00000237260	2	177203365	177203805
ENSG00000250344	4	121992584	122001631
ENSG00000230833	1	28066465	28067140
ENSG00000218016	6	28155828	28157210
ENSG00000251817	1	173250216	173250309
ENSG00000254660	11	56277049	56277671
ENSG00000265498	6	69924622	69924702
ENSG00000155066	2	95940201	95957056
ENSG00000267942	12	66291518	66317967
ENSG00000265186	2	177246960	177247060
ENSG00000264974	3	175087329	175087410
ENSG00000223570	1	226376571	226376922
ENSG00000213559	1	80916768	80917689
ENSG00000232751	1	173320828	173321143
ENSG00000265362	6	70331265	70331364
ENSG00000249742	4	187900644	187943127
ENSG00000269971	1	28100369	28100552
ENSG00000271302	4	122039454	122039889
ENSG00000221304	2	177248155	177248304
ENSG00000233924	14	55471531	55472405
ENSG00000199792	3	175115036	175115137
ENSG00000254648	11	133905727	133907002
ENSG00000252183	4	122113952	122114058
ENSG00000219085	6	70415179	70416052
ENSG00000270031	1	28146494	28146852
ENSG00000226004	6	138264216	138266939
ENSG00000229434	2	177370973	177372430
ENSG00000213244	1	120904675	120905090
ENSG00000201648	3	175327267	175327401
ENSG00000207148	4	122250224	122250325
ENSG00000251547	HSCHR6_MHC_QBL	29384951	29385897
ENSG00000258050	14	55663445	55665731
ENSG00000248409	22	23734958	23736026
ENSG00000254603	11	56279711	56280647
ENSG00000243646	21	34638663	34669539
ENSG00000236241	3	175392875	175394589
ENSG00000231615	1	173331536	173332872
ENSG00000223062	1	28151049	28151154
ENSG00000238545	1	226491963	226492064
ENSG00000213480	4	122290588	122291500
ENSG00000254481	11	133993723	133994224
ENSG00000187187	19	40490041	40523514
ENSG00000227062	1	80929986	80930403
ENSG00000252947	1	28160912	28161077
ENSG00000271180	14	55707340	55707798
ENSG00000139233	12	66516842	66524548
ENSG00000239094	1	226503762	226503865
ENSG00000058673	1	203764782	203823252
ENSG00000229922	6	138266503	138293659
ENSG00000250971	4	187981253	187982084
ENSG00000241684	3	64670585	64997143
ENSG00000219881	6	70455763	70456743
ENSG00000234928	22	23775751	23777258
ENSG00000236231	2	177389607	177396411
ENSG00000227050	1	28265386	28286704
ENSG00000203739	1	173386932	173430501
ENSG00000223345	1	120906028	120915073
ENSG00000236994	1	226505716	226506394
ENSG00000254616	11	134042990	134043575
ENSG00000185701	11	56294044	56294979
ENSG00000237179	2	66924257	66930359
ENSG00000240130	HSCHR6_MHC_QBL	29390278	29399635
ENSG00000214192	3	175436019	175436458
ENSG00000255348	11	134048719	134056061
ENSG00000272551	2	177476165	177476977
ENSG00000264927	4	122323742	122323826
ENSG00000249747	4	188123140	188130500
ENSG00000270287	1	226599316	226599836
ENSG00000176933	6	28185421	28186655
ENSG00000219463	6	138316407	138317284
ENSG00000224062	4	122372696	122373122
ENSG00000216365	6	70808282	70808568
ENSG00000271842	3	175457059	175457164
ENSG00000250566	4	69375159	69383365
ENSG00000238231	1	28316669	28317035
ENSG00000229965	1	226626265	226627045
ENSG00000198585	3	131100515	131107674
ENSG00000234108	1	80961588	80961918
ENSG00000201452	3	175485346	175485449
ENSG00000254442	11	134186676	134186982
ENSG00000163364	2	177494317	177502659
ENSG00000234998	1	120906609	120935761
ENSG00000227755	22	23788785	23803020
ENSG00000261501	4	122791738	122794003
ENSG00000253313	1	43747554	43751288
ENSG00000269983	5	69745463	69746180
ENSG00000170264	2	62051989	62081278
ENSG00000225552	3	175490933	175494121
ENSG00000238272	1	173524390	173581911
ENSG00000243149	3	65160633	65179174
ENSG00000233029	1	120925634	120933000
ENSG00000224044	HSCHR6_MHC_QBL	29432261	29437471
ENSG00000253809	6	70932461	70951859
ENSG00000237868	4	122998995	122999473
ENSG00000232113	1	173604912	173606273
ENSG00000224071	2	67047816	67049702
ENSG00000249472	4	69480137	69480731
ENSG00000240750	1	28358397	28358691
ENSG00000230806	1	121102017	121140666
ENSG00000255545	11	134306367	134375555
ENSG00000177291	10	35894338	35897863
ENSG00000237643	6	71104590	71109120
ENSG00000238430	1	173629236	173629339
ENSG00000218499	6	138714510	138714681
ENSG00000178248	22	23804273	23829167
ENSG00000228589	1	28421582	28422933
ENSG00000223282	1	226633638	226633993
ENSG00000236655	2	127069043	127069504
ENSG00000223126	12	94402515	94402823
ENSG00000225591	1	173710813	173711067
ENSG00000251101	4	69481111	69481855
ENSG00000250658	4	188225237	188230836
ENSG00000177770	1	226680889	226681190
ENSG00000224326	1	81000663	81050048
ENSG00000241037	4	123008661	123008966
ENSG00000257360	12	94533853	94535113
ENSG00000215878	6	138723722	138724697
ENSG00000250687	5	69758071	69775042
ENSG00000251074	4	69492565	69494617
ENSG00000177873	3	40518604	40531727
ENSG00000198729	6	150464212	150571493
ENSG00000228943	1	28436250	28436809
ENSG00000271462	12	19571861	19572095
ENSG00000166693	11	56364902	56365838
ENSG00000200674	1	173760686	173761025
ENSG00000227859	HSCHR6_MHC_QBL	29442690	29443736
ENSG00000234184	1	81001440	81112473
ENSG00000273193	3	175527552	175528340
ENSG00000252357	1	173777627	173777760
ENSG00000171943	1	121107124	121129949
ENSG00000197062	6	28234788	28245974
ENSG00000228382	1	226844341	226862768
ENSG00000260217	3	175656717	175658825
ENSG00000250042	4	188291802	188293075
ENSG00000270084	1	173832386	173833079
ENSG00000224349	6	71122531	71123653
ENSG00000132932	13	25946209	26599989
ENSG00000200247	12	19598883	19598989
ENSG00000073861	17	45810610	45823485
ENSG00000266555	6	138756350	138756431
ENSG00000230362	3	175695285	175696358
ENSG00000255172	11	56387255	56388286
ENSG00000214812	1	28446960	28447832
ENSG00000245205	12	19609178	19610582
ENSG00000229439	HSCHR6_MHC_QBL	29456937	29457342
ENSG00000216802	6	138971363	138972110
ENSG00000224577	2	177502438	177520686
ENSG00000228548	1	226856598	226864046
ENSG00000227937	1	81546475	81546856
ENSG00000248635	4	69570318	69578216
ENSG00000238386	6	71222997	71223059
ENSG00000179428	7	22765014	22767239
ENSG00000258413	14	55729485	55738793
ENSG00000230355	2	67108219	67108354
ENSG00000229752	1	81563952	81564690
ENSG00000271967	6	71306141	71306683
ENSG00000253005	1	28469248	28469352
ENSG00000250620	4	188334718	188336851
ENSG00000225413	22	23854681	23855789
ENSG00000238183	1	226969202	226969445
ENSG00000232389	6	71317937	71319037
ENSG00000252429	1	28470667	28470728
ENSG00000228803	7	22787294	22788423
ENSG00000254573	11	134433290	134442950
ENSG00000235089	1	81674253	81674895
ENSG00000230525	2	67131568	67198594
ENSG00000251643	4	188362831	188365452
ENSG00000169059	X	6451659	6453159
ENSG00000172757	11	65590493	65629497
ENSG00000270605	1	28566020	28567964
ENSG00000224277	22	23909251	23915694
ENSG00000218870	6	71373205	71373982
ENSG00000152582	5	35617946	35814713
ENSG00000232902	HSCHR6_MHC_QBL	29465175	29478221
ENSG00000206297	HSCHR6_MHC_QBL	32741696	32750465
ENSG00000252027	2	177529404	177529494
ENSG00000228525	1	227145770	227145968
ENSG00000225177	6	139013685	139018425
ENSG00000271398	1	28573655	28574079
ENSG00000250376	4	69650336	69653192
ENSG00000240328	12	19661838	19662179
ENSG00000254989	11	134541320	134541918
ENSG00000049618	6	157099063	157531913
ENSG00000234513	7	22813265	22813612
ENSG00000237075	5	69783429	69786959
ENSG00000206779	1	28749066	28749166
ENSG00000251490	4	188437307	188438362
ENSG00000230552	2	177588996	177684038
ENSG00000200885	12	19877369	19877533
ENSG00000229820	1	28780052	28780445
ENSG00000255344	11	134584436	134585816
ENSG00000223026	1	81717474	81717781
ENSG00000255910	12	19928385	20162871
ENSG00000262395	17	53531407	53535811
ENSG00000266714	17	73584139	73622929
ENSG00000233706	1	227179841	227180907
ENSG00000272733	22	23923067	23926046
ENSG00000224494	1	81892141	81893290
ENSG00000232688	2	67148642	67149589
ENSG00000168066	11	64532078	64546258
ENSG00000170827	9	135957926	135962742
ENSG00000074370	17	3827169	3867736
ENSG00000256849	12	20094455	20095952
ENSG00000221216	1	28807874	28807992
ENSG00000251226	11	134605490	134633704
ENSG00000261873	17	53545427	53588299
ENSG00000250590	4	188454032	188593795
ENSG00000228649	7	22893797	22901021
ENSG00000211683	22	23972805	23981128
ENSG00000242125	1	28832492	28837404
ENSG00000236319	17	53604325	53638938
ENSG00000227186	10	76783233	76784009
ENSG00000187942	1	22138758	22151714
ENSG00000228625	1	227366034	227371145
ENSG00000106560	7	150382785	150390729
ENSG00000253333	5	69790927	69796730
ENSG00000227288	1	81967479	81969153
ENSG00000225415	6	139143884	139145015
ENSG00000228729	1	227421970	227423056
ENSG00000237882	10	76849006	76849483
ENSG00000262803	6	71403542	71404322
ENSG00000223859	2	67267678	67269098
ENSG00000237053	2	177669715	177671065
ENSG00000177283	10	35927177	35930362
ENSG00000255327	11	134820602	134821462
ENSG00000227960	1	81970784	81971981
ENSG00000251236	4	69679713	69680445
ENSG00000262135	17	53628292	53629010
ENSG00000052795	4	159690290	159829201
ENSG00000251424	4	69699931	69700086
ENSG00000236636	1	227452477	227452908
ENSG00000223777	2	177674154	177674587
ENSG00000205565	5	69803906	69808422
ENSG00000234953	1	81979565	82023387
ENSG00000200087	1	28835071	28835274
ENSG00000228315	22	23980674	24059543
ENSG00000200107	17	53629171	53629281
ENSG00000232437	10	76884975	76885620
ENSG00000217767	6	71444206	71444665
ENSG00000269996	1	121133256	121134581
ENSG00000238821	1	28843988	28844087
ENSG00000227098	2	177710721	177714156
ENSG00000262052	17	53920038	53950300
ENSG00000211959	14	106877619	106878126
ENSG00000234277	1	227581292	227618736
ENSG00000228144	12	66517697	66563765
ENSG00000249235	4	69727050	69727328
ENSG00000227082	1	121138614	121204983
ENSG00000231468	1	28852830	28853739
ENSG00000206856	6	139180164	139180270
ENSG00000255512	11	134931675	134945793
ENSG00000260584	16	32128021	32128318
ENSG00000266236	17	80439974	80441264
ENSG00000219669	6	71785267	71786078
ENSG00000226687	HSCHR6_MHC_QBL	29497090	29501238
ENSG00000220600	6	139200036	139200544
ENSG00000238657	9	135968439	135968538
ENSG00000263325	16	2907899	2909727
ENSG00000213236	2	127315012	127315739
ENSG00000221345	6	71836597	71836808
ENSG00000235885	2	67313578	67523207
ENSG00000231429	1	121154579	121171134
ENSG00000260847	16	32199654	32204851
ENSG00000264277	17	54132148	54132247
ENSG00000242598	1	82022806	82023517
ENSG00000206866	2	177794713	177794818
ENSG00000251529	4	69743344	69745849
ENSG00000218350	6	71874779	71875473
ENSG00000273398	2	68358370	68488362
ENSG00000228826	1	121236177	121252181
ENSG00000265136	17	80534492	80535267
ENSG00000261882	17	54445424	54445576
ENSG00000080189	20	44978167	44993043
ENSG00000232864	1	227598318	227599020
ENSG00000263280	16	2916349	2917619
ENSG00000066056	1	43766664	43788779
ENSG00000232216	14	106926188	106926724
ENSG00000260649	16	32200583	32200802
ENSG00000233432	1	121244142	121245689
ENSG00000236501	2	177855236	178029244
ENSG00000100814	14	20779527	20801471
ENSG00000236676	1	82051626	82091398
ENSG00000262959	16	2972663	2973203
ENSG00000221740	7	22896232	22896305
ENSG00000242757	1	227618227	227618677
ENSG00000272583	1	121260164	121260627
ENSG00000109083	17	26655352	26662515
ENSG00000207180	6	71892315	71892421
ENSG00000262482	16	2989715	3004277
ENSG00000211961	14	106962931	106963424
ENSG00000234683	1	82061842	82062191
ENSG00000262652	17	80535899	80536492
ENSG00000260540	16	32211223	32214143
ENSG00000119440	9	136100292	136103993
ENSG00000248547	4	69749603	69750158
ENSG00000251746	2	178003427	178003525
ENSG00000170903	11	105866350	105893130
ENSG00000226329	7	22903493	22920969
ENSG00000224894	HSCHR6_MHC_QBL	29505444	29506234
ENSG00000229337	2	178020350	178077390
ENSG00000196302	5	69812214	69851093
ENSG00000231752	1	121261143	121310591
ENSG00000153684	15	28623767	28637170
ENSG00000229272	10	120763048	120763396
ENSG00000231973	HSCHR6_MHC_QBL	29520916	29521863
ENSG00000264871	3	65218575	65218658
ENSG00000262152	16	3038962	3044510
ENSG00000197208	5	131630136	131679899
ENSG00000238403	17	80540381	80540476
ENSG00000226273	2	178042423	178042983
ENSG00000270059	3	65344943	65345392
ENSG00000248613	4	69766369	69766628
ENSG00000196542	3	161062580	161090668
ENSG00000215925	10	120765302	120765411
ENSG00000262147	17	80545189	80546287
ENSG00000215875	1	82187378	82188753
ENSG00000250918	5	69825198	69826377
ENSG00000130021	X	6966961	7066231
ENSG00000224834	1	227621765	227622047
ENSG00000207468	10	120819523	120819650
ENSG00000201102	2	178059711	178059823
ENSG00000235128	2	127437198	127437996
ENSG00000199677	5	132328791	132328892
ENSG00000249642	4	188534919	188581523
ENSG00000261845	17	80560865	80562054
ENSG00000224503	3	65573177	65573725
ENSG00000206963	2	127460415	127460518
ENSG00000142166	21	34696734	34732168
ENSG00000222588	10	120820495	120820623
ENSG00000213069	2	178062713	178063275
ENSG00000248648	5	132338811	132339057
ENSG00000254440	6	138537129	138539627
ENSG00000272626	4	69766726	69772701
ENSG00000237193	1	227669954	227670155
ENSG00000266107	17	80626109	80626183
ENSG00000238788	2	127774997	127775058
ENSG00000231329	6	139465341	139560442
ENSG00000271343	10	120852652	120852853
ENSG00000263721	2	178077454	178077527
ENSG00000249985	4	69773636	69773752
ENSG00000260634	2	127781828	127783299
ENSG00000263063	17	80671784	80674131
ENSG00000225808	2	178093919	178094234
ENSG00000251616	5	132446747	132450167
ENSG00000235630	HSCHR6_MHC_QBL	29541620	29542547
ENSG00000260163	2	127782787	127787262
ENSG00000265443	17	29053323	29054582
ENSG00000265396	2	178120673	178120738
ENSG00000197989	1	28905050	28909495
ENSG00000232295	6	71931160	72037931
ENSG00000224857	1	121315744	121322322
ENSG00000273445	2	87777014	87777553
ENSG00000263603	17	29056487	29058220
ENSG00000237469	1	227680730	227682843
ENSG00000196177	10	124768495	124817827
ENSG00000222043	2	178129087	178130243
ENSG00000263321	17	80687040	80692019
ENSG00000237630	2	127927587	127927807
ENSG00000233290	1	82680904	82726817
ENSG00000253366	5	70046954	70149508
ENSG00000198242	17	27046411	27051377
ENSG00000260344	16	32224701	32224824
ENSG00000198277	4	69780640	69790459
ENSG00000262410	17	80702944	80703585
ENSG00000214354	2	87865347	87866283
ENSG00000248245	5	132496130	132560105
ENSG00000249162	4	188667248	188669353
ENSG00000264383	17	80735830	80735915
ENSG00000265791	17	29108511	29109239
ENSG00000260575	16	32261941	32265743
ENSG00000234353	22	23980679	23982949
ENSG00000230817	1	83368866	83632498
ENSG00000226789	2	128004834	128007658
ENSG00000155011	4	107842959	108204963
ENSG00000115946	2	68384976	68403370
ENSG00000265461	17	80736353	80736450
ENSG00000213331	4	188891427	188892438
ENSG00000227552	1	142553293	142559170
ENSG00000272446	6	139480294	139566661
ENSG00000266490	17	29119390	29119851
ENSG00000213963	2	178148236	178257419
ENSG00000263098	17	80753362	80753971
ENSG00000260402	16	32274148	32276835
ENSG00000270097	16	3049903	3050390
ENSG00000111445	12	118451393	118470935
ENSG00000229737	HSCHR6_MHC_QBL	29545170	29545459
ENSG00000109065	17	72766686	72772506
ENSG00000244723	22	23991400	23995521
ENSG00000233798	1	142569266	142588233
ENSG00000262663	17	80876158	80876661
ENSG00000101220	20	3734155	3749034
ENSG00000213301	2	105387740	105388343
ENSG00000167930	16	284545	319942
ENSG00000270168	16	3051301	3052017
ENSG00000242439	17	29157919	29158336
ENSG00000236268	1	83439565	83451891
ENSG00000270326	6	28287437	28287629
ENSG00000262339	17	80936401	80939614
ENSG00000198589	4	151185594	151936879
ENSG00000248704	7	63564471	63565673
ENSG00000259822	16	32290187	32290436
ENSG00000234792	X	52641706	52642573
ENSG00000099968	22	18111621	18213388
ENSG00000262362	16	3053432	3055102
ENSG00000241011	4	189027712	189028068
ENSG00000226571	6	139592499	139608444
ENSG00000230880	1	142618769	142729975
ENSG00000251498	4	69838717	69841711
ENSG00000272079	16	3056121	3057386
ENSG00000201085	4	189042685	189042788
ENSG00000223884	2	7202858	7218011
ENSG00000273000	22	23995047	24059534
ENSG00000235827	1	227693883	227695993
ENSG00000231364	1	83911736	83920454
ENSG00000266132	HSCHR6_MHC_QBL	29549960	29550043
ENSG00000251877	6	28378047	28378233
ENSG00000261127	16	32300868	32321876
ENSG00000205890	16	3082482	3089134
ENSG00000247130	4	189061976	189064533
ENSG00000231162	6	28414750	28415584
ENSG00000248315	7	63565670	63565954
ENSG00000234741	1	173833038	173838020
ENSG00000206519	HSCHR6_MHC_QBL	29550219	29550736
ENSG00000260516	16	32368302	32375016
ENSG00000159588	1	46085716	46089729
ENSG00000233008	1	84041459	84326706
ENSG00000219262	6	28423425	28423918
ENSG00000265507	2	87929274	87929353
ENSG00000230052	7	63566032	63566373
ENSG00000218565	6	139659155	139660717
ENSG00000157965	X	52651985	52662998
ENSG00000233385	7	63566443	63567197
ENSG00000201026	5	2184824	2184934
ENSG00000248370	4	189081219	189082293
ENSG00000249735	4	69850727	69854251
ENSG00000225933	2	87954409	87954762
ENSG00000259757	5	2736776	2737873
ENSG00000240611	5	132507910	132508745
ENSG00000234528	HSCHR6_MHC_QBL	29603761	29604044
ENSG00000268673	19	15871185	15881638
ENSG00000230906	2	67314145	67485098
ENSG00000246350	6	28555155	28559524
ENSG00000154832	18	47808713	47814674
ENSG00000165813	10	115880621	115933979
ENSG00000155957	12	66517709	66563852
ENSG00000249478	5	132579456	132584473
ENSG00000249541	5	2787565	2788663
ENSG00000161574	17	34310692	34328660
ENSG00000237076	1	84255963	84267148
ENSG00000203849	1	142620645	142729967
ENSG00000271825	2	178165328	178166734
ENSG00000267235	19	15932606	15934607
ENSG00000271996	2	178171101	178175300
ENSG00000269966	6	72004876	72127139
ENSG00000223231	1	84259560	84259653
ENSG00000260327	16	32390392	32391370
ENSG00000237178	2	178209171	178209564
ENSG00000257315	1	203765437	203769686
ENSG00000271440	6	28601158	28601371
ENSG00000233061	1	84444801	84449983
ENSG00000262543	6	138699042	138704212
ENSG00000250277	4	69862653	69863427
ENSG00000263626	10	76944716	76944816
ENSG00000238295	2	178210586	178210689
ENSG00000238099	6	139791301	139794192
ENSG00000223145	2	7281358	7281675
ENSG00000272278	6	28615974	28616042
ENSG00000228956	3	18486516	18959184
ENSG00000227271	10	77029150	77029303
ENSG00000229486	1	84481548	84484054
ENSG00000237655	2	178467817	178483300
ENSG00000230597	6	72038645	72039509
ENSG00000248137	5	2831135	2835253
ENSG00000235570	6	28616063	28616843
ENSG00000233639	2	105424030	105469641
ENSG00000219806	6	139935575	139936341
ENSG00000235692	HSCHR6_MHC_MCF	33427426	33436525
ENSG00000242169	4	189270530	189271178
ENSG00000175164	9	136125788	136150617
ENSG00000267308	19	15937855	15946663
ENSG00000272002	2	7401002	7401635
ENSG00000229941	2	178563157	178588017
ENSG00000248880	4	189308625	189310820
ENSG00000227711	1	227698297	227708178
ENSG00000237425	6	28699794	28700681
ENSG00000251685	4	69870574	69886132
ENSG00000226051	10	77029577	77133258
ENSG00000205695	6	139981065	139982650
ENSG00000105701	19	18642561	18654887
ENSG00000233237	6	72054047	72130472
ENSG00000266657	1	142653525	142653607
ENSG00000260866	16	32399456	32447521
ENSG00000182004	1	203830731	203839678
ENSG00000214049	19	15939771	15947130
ENSG00000271576	1	84542014	84543614
ENSG00000239012	1	142653718	142653799
ENSG00000250831	5	88762354	88765856
ENSG00000202264	1	227748882	227749001
ENSG00000248736	5	2965120	2967742
ENSG00000265466	1	142656062	142656144
ENSG00000221191	6	28743693	28743800
ENSG00000249378	4	189321890	189602205
ENSG00000051620	6	138724668	138743334
ENSG00000213540	1	84551424	84551916
ENSG00000225934	1	227786125	227786795
ENSG00000227035	7	63567200	63567950
ENSG00000225015	1	142660017	142660749
ENSG00000235559	6	28751410	28751781
ENSG00000009765	6	150690028	150727105
ENSG00000236664	2	178817838	178876716
ENSG00000265715	1	142667289	142667363
ENSG00000226970	1	84710017	84710260
ENSG00000145495	5	10353815	10440500
ENSG00000172803	11	65601112	65624367
ENSG00000265764	6	28763749	28763812
ENSG00000265216	1	227832981	227833067
ENSG00000213962	2	178862000	178863497
ENSG00000233218	1	142688379	142688925
ENSG00000225173	6	28805646	28806783
ENSG00000215812	1	227884593	227894412
ENSG00000213774	2	7464879	7465193
ENSG00000242676	1	142697653	142729971
ENSG00000231426	6	140175987	140181288
ENSG00000221539	1	28905261	28905334
ENSG00000229744	2	178882720	178883192
ENSG00000225595	6	28827402	28832407
ENSG00000260307	16	32450390	32452480
ENSG00000249808	5	3178209	3181346
ENSG00000199959	1	84743004	84743140
ENSG00000229388	1	28969740	28975093
ENSG00000182447	3	161214596	161221730
ENSG00000206788	2	178903629	178903731
ENSG00000267453	19	15962803	15975714
ENSG00000234231	2	88000503	88038766
ENSG00000177302	17	18174742	18218321
ENSG00000249909	2	178957230	178969197
ENSG00000250244	5	132592184	132611669
ENSG00000249237	1	84810361	84815622
ENSG00000230005	1	227931532	227934892
ENSG00000199450	8	117034911	117035004
ENSG00000100473	14	31343720	31364271
ENSG00000213203	7	150413645	150421372
ENSG00000101846	X	7137497	7272851
ENSG00000221793	8	117148998	117149139
ENSG00000213916	6	28829193	28829824
ENSG00000270103	1	28975112	28975245
ENSG00000264483	1	228129291	228129384
ENSG00000198169	8	145946298	145981802
ENSG00000264815	8	117299588	117299698
ENSG00000200153	16	70479196	70479302
ENSG00000253672	8	117414781	117415995
ENSG00000164123	4	159814286	159959912
ENSG00000221514	16	70563412	70563491
ENSG00000233003	1	228162980	228165894
ENSG00000273330	19	15982477	15982662
ENSG00000250409	5	132723465	132724241
ENSG00000252777	1	29016177	29016306
ENSG00000233366	6	28856609	28857683
ENSG00000221066	16	70571908	70572001
ENSG00000226852	1	29194087	29197779
ENSG00000253327	8	117886663	117889107
ENSG00000227241	2	178970364	178970480
ENSG00000221287	5	132763288	132763398
ENSG00000260023	16	70610204	70611571
ENSG00000225148	6	140177241	140198528
ENSG00000263545	5	132961536	132961639
ENSG00000260156	16	70780960	70781829
ENSG00000233427	1	29196995	29203848
ENSG00000234234	7	63568207	63568864
ENSG00000257634	12	55076757	55081218
ENSG00000264875	8	117886967	117887039
ENSG00000251243	5	133056186	133056625
ENSG00000223096	2	179007275	179007378
ENSG00000224157	6	28864307	28865099
ENSG00000142798	1	22148738	22263790
ENSG00000228371	HSCHR6_MHC_QBL	29675809	29676231
ENSG00000236013	6	140388572	140414858
ENSG00000240520	1	84831111	84863514
ENSG00000244226	3	65672976	65674143
ENSG00000244033	8	118030185	118030485
ENSG00000229727	2	7561392	7590385
ENSG00000260931	2	179265561	179267618
ENSG00000214353	16	70789001	70807154
ENSG00000185507	11	612553	615999
ENSG00000230446	1	142790233	142790520
ENSG00000185664	12	56347889	56367101
ENSG00000264944	1	228284964	228285042
ENSG00000148450	10	23384435	23410942
ENSG00000199756	1	29208238	29208347
ENSG00000238796	5	133186548	133186648
ENSG00000253271	8	118068057	118068384
ENSG00000261541	16	32465933	32470079
ENSG00000199094	6	72086663	72086734
ENSG00000224921	HSCHR6_MHC_QBL	29688220	29689210
ENSG00000249073	5	133249368	133252960
ENSG00000225616	1	29308790	29309120
ENSG00000267218	19	16013110	16014048
ENSG00000224566	1	228302698	228303174
ENSG00000146232	6	44225903	44233500
ENSG00000234700	7	63569003	63570525
ENSG00000207827	6	72113254	72113324
ENSG00000212240	6	28883422	28883521
ENSG00000223409	3	65829565	65830121
ENSG00000138801	4	108511433	108641608
ENSG00000228666	6	28936907	28938237
ENSG00000272610	3	65858490	65940233
ENSG00000223765	6	72160537	72168577
ENSG00000271737	5	133340838	133341253
ENSG00000176788	5	17065707	17276943
ENSG00000253622	8	118140694	118142538
ENSG00000206508	HSCHR6_MHC_QBL	29691842	29714292
ENSG00000236055	1	142790583	142791175
ENSG00000227625	1	228322486	228322693
ENSG00000206704	1	29312222	29312322
ENSG00000240175	3	65879491	65910972
ENSG00000269707	2	105469743	105542510
ENSG00000212099	6	72248587	72248679
ENSG00000240151	8	118176207	118176492
ENSG00000225750	1	29471006	29473506
ENSG00000166471	11	9302201	9336327
ENSG00000271128	5	133417605	133417731
ENSG00000219575	6	72260661	72261346
ENSG00000252852	8	118325767	118325900
ENSG00000014914	1	149900543	149908791
ENSG00000263426	6	28945252	28945547
ENSG00000223960	2	179278666	179304970
ENSG00000239587	2	105481865	105483954
ENSG00000267950	11	1295809	1296033
ENSG00000239917	8	118535510	118536300
ENSG00000269890	1	228458144	228462098
ENSG00000218014	6	72294424	72295609
ENSG00000227214	6	28953980	28955261
ENSG00000227637	1	29479001	29479503
ENSG00000267056	19	16021392	16022634
ENSG00000262890	16	70835986	70836743
ENSG00000115935	2	175424300	175547644
ENSG00000237934	1	29550445	29551328
ENSG00000269934	1	228462285	228463767
ENSG00000242206	8	119774095	119774440
ENSG00000244349	6	28954577	28956313
ENSG00000273345	5	133541305	133706735
ENSG00000170927	6	51480098	51952423
ENSG00000270110	1	228483612	228490699
ENSG00000114113	3	139171726	139199589
ENSG00000230255	1	142791488	142792556
ENSG00000267392	19	16090645	16109830
ENSG00000223677	6	28994457	28995384
ENSG00000252107	6	140479728	140479831
ENSG00000221725	16	70886601	70886717
ENSG00000118579	4	17616254	17635728
ENSG00000211530	6	72294792	72294904
ENSG00000207334	8	119988752	119988858
ENSG00000263514	6	140526389	140526463
ENSG00000251700	16	70902110	70902171
ENSG00000270104	1	228571815	228572717
ENSG00000202069	6	72362177	72362314
ENSG00000236909	6	29039601	29040376
ENSG00000254247	8	119994818	119995114
ENSG00000223316	16	70907087	70907216
ENSG00000221550	1	29580054	29580195
ENSG00000264447	6	72936410	72936533
ENSG00000221336	6	140981760	140981850
ENSG00000270094	1	228581991	228584668
ENSG00000229683	1	142799587	142799739
ENSG00000201968	3	126283408	126283521
ENSG00000264390	6	141004951	141005020
ENSG00000218732	6	73026302	73027139
ENSG00000230523	1	29656132	29676626
ENSG00000270858	12	55196530	55197373
ENSG00000259833	16	71114769	71127570
ENSG00000254278	8	120075181	120081021
ENSG00000206342	HSCHR6_MHC_QBL	31929344	31939616
ENSG00000248557	3	126343635	126344904
ENSG00000228364	6	29044350	29044945
ENSG00000217684	6	141082666	141083399
ENSG00000231563	1	228595082	228597395
ENSG00000255295	11	89231916	89232366
ENSG00000272578	22	24000281	24059543
ENSG00000266678	1	29758993	29759074
ENSG00000257870	12	55403530	55408031
ENSG00000259798	16	71147255	71147903
ENSG00000250523	4	189552078	189552901
ENSG00000217483	6	73232343	73232940
ENSG00000234978	1	142803224	142816004
ENSG00000225011	1	29814705	29823405
ENSG00000227206	6	29091987	29096685
ENSG00000230841	1	228636864	228637322
ENSG00000238082	2	179319443	179320155
ENSG00000255429	11	89279805	89322779
ENSG00000196534	12	55509317	55510257
ENSG00000261260	16	71335486	71336772
ENSG00000252275	4	189637819	189637879
ENSG00000229743	2	105481955	105489053
ENSG00000090659	19	7804879	7812464
ENSG00000198284	3	126379452	126390782
ENSG00000147676	8	120177273	120257913
ENSG00000203492	6	29105657	29106593
ENSG00000181514	6	73308179	73309362
ENSG00000180015	4	189659506	189660648
ENSG00000233844	6	73340223	73388282
ENSG00000257350	12	55516452	55517904
ENSG00000100095	22	26565440	26779562
ENSG00000250437	5	88877026	88973518
ENSG00000232745	1	142803532	142827235
ENSG00000239784	HSCHR6_MHC_QBL	29691910	29692380
ENSG00000221126	1	30117392	30117525
ENSG00000221237	16	71365092	71365202
ENSG00000228354	X	52684257	52686304
ENSG00000228176	1	30181698	30182394
ENSG00000261348	16	71444343	71460367
ENSG00000266180	6	73677410	73677476
ENSG00000249269	4	189678833	189700133
ENSG00000224509	2	105552869	105654954
ENSG00000234147	6	141167095	141174061
ENSG00000143842	1	204042243	204096863
ENSG00000266174	1	228649775	228649853
ENSG00000224233	6	29149287	29150222
ENSG00000214942	5	89196481	89200725
ENSG00000216548	6	141243594	141244047
ENSG00000222787	1	30357749	30357852
ENSG00000181201	1	228651804	228652327
ENSG00000262120	16	71454386	71455421
ENSG00000266751	5	133561448	133561543
ENSG00000232422	6	73696036	73697473
ENSG00000251197	HSCHR6_MHC_QBL	29706972	29714212
ENSG00000270927	1	30377712	30378204
ENSG00000263685	2	105609360	105609438
ENSG00000231182	1	142950985	142956716
ENSG00000222608	X	52694281	52694397
ENSG00000230598	6	29183013	29183956
ENSG00000122432	1	84971974	85031877
ENSG00000090402	3	164696686	164796283
ENSG00000225508	X	52701768	52706101
ENSG00000231851	2	105713510	105719402
ENSG00000259828	6	141768148	141772143
ENSG00000215811	1	228696356	228700006
ENSG00000265324	7	99184538	99184622
ENSG00000205494	11	5141849	5145743
ENSG00000222764	6	141807278	141807549
ENSG00000220515	6	73764820	73765580
ENSG00000232505	6	29191750	29258217
ENSG00000249265	5	89240727	89243390
ENSG00000109756	4	160025330	160281321
ENSG00000134612	11	89371683	89431886
ENSG00000232274	1	143118704	143211070
ENSG00000182583	X	7810303	7812184
ENSG00000264342	5	89312438	89312537
ENSG00000218351	6	141956787	141957640
ENSG00000233399	1	30486799	30510459
ENSG00000260734	16	71464165	71466185
ENSG00000244219	7	99195689	99208439
ENSG00000229154	6	73844526	73853237
ENSG00000213911	6	29197004	29197934
ENSG00000169126	10	28064115	28287977
ENSG00000270041	22	24080865	24081476
ENSG00000176752	11	5191581	5192526
ENSG00000237275	X	52716413	52716683
ENSG00000272973	22	24198614	24199226
ENSG00000204697	6	29230480	29231856
ENSG00000233372	1	30613110	30614454
ENSG00000234025	6	73867240	73867862
ENSG00000270177	5	133562101	133563518
ENSG00000236251	HSCHR6_MHC_COX	31764773	31770218
ENSG00000253972	8	120227351	120259088
ENSG00000223958	X	52736652	52738983
ENSG00000231251	1	30699370	30699462
ENSG00000244425	22	24221682	24221977
ENSG00000239615	5	133603112	133603547
ENSG00000236335	1	30882407	30884485
ENSG00000273295	22	24243619	24249255
ENSG00000251619	4	189697811	189706665
ENSG00000248559	5	133735186	133737612
ENSG00000139540	12	56623833	56631630
ENSG00000237298	2	179385910	179639402
ENSG00000248555	5	89454156	89585888
ENSG00000176748	11	5198944	5199891
ENSG00000196329	7	150419341	150447121
ENSG00000225282	22	24269087	24271761
ENSG00000231949	1	30888672	30893955
ENSG00000243648	5	133758529	133759026
ENSG00000250626	4	189698833	189717787
ENSG00000251360	6	73918806	73919803
ENSG00000242524	6	29236239	29237198
ENSG00000202056	1	228743494	228743602
ENSG00000199352	1	228746015	228746133
ENSG00000236780	2	67350489	67442451
ENSG00000226508	2	105760571	105761882
ENSG00000205396	19	16126097	16138272
ENSG00000206090	22	24282185	24284985
ENSG00000271875	9	136125788	136130950
ENSG00000082516	5	154266976	154317769
ENSG00000197171	6	29258488	29259430
ENSG00000201588	1	228748256	228748374
ENSG00000136830	9	130267618	130341268
ENSG00000250024	4	189911869	189923229
ENSG00000270983	6	142383854	142384190
ENSG00000248118	5	3417266	3536208
ENSG00000224091	11	5226271	5228538
ENSG00000186056	1	31191351	31199674
ENSG00000231271	22	24292105	24296229
ENSG00000251310	4	190114254	190126031
ENSG00000199337	1	228750497	228750615
ENSG00000262008	16	71476958	71477759
ENSG00000221031	11	5245678	5245869
ENSG00000263378	6	73972731	73972807
ENSG00000249877	4	190209831	190212490
ENSG00000206776	8	120400588	120400709
ENSG00000201843	9	136177953	136178046
ENSG00000197375	5	131705444	131731306
ENSG00000236822	6	142409370	142410356
ENSG00000230850	1	143119061	143233417
ENSG00000225190	17	43513266	43568115
ENSG00000253398	8	120432150	120474590
ENSG00000047662	4	17630929	17783135
ENSG00000228039	22	24305942	24306644
ENSG00000200381	1	228752738	228752856
ENSG00000236619	HSCHR6_MHC_QBL	29713532	29713756
ENSG00000229988	11	5263184	5264767
ENSG00000237494	6	142572984	142580769
ENSG00000229852	6	73972938	74011124
ENSG00000230056	6	29297403	29298838
ENSG00000204031	9	136184629	136185304
ENSG00000250564	5	133764742	133796306
ENSG00000254037	8	120492519	120493015
ENSG00000199396	1	228754979	228755097
ENSG00000247324	16	71496181	71499844
ENSG00000266843	6	142583780	142583871
ENSG00000205100	4	190394119	190396346
ENSG00000137038	9	7796490	7888380
ENSG00000236366	6	142847592	142959026
ENSG00000250994	5	133772402	133828210
ENSG00000253495	8	120630402	120630714
ENSG00000225797	6	29432373	29437583
ENSG00000200624	1	228757194	228757312
ENSG00000233138	6	143069580	143074896
ENSG00000159128	21	34775202	34851655
ENSG00000157778	7	1606966	1610641
ENSG00000196378	8	145998499	146012730
ENSG00000207222	5	133835869	133835975
ENSG00000201896	8	120724070	120724385
ENSG00000197284	5	70070478	70074135
ENSG00000202521	1	228759414	228759532
ENSG00000239626	6	74000126	74000985
ENSG00000265105	HSCHR6_MHC_QBL	29715613	29715714
ENSG00000244642	8	120874902	120875181
ENSG00000251169	5	133842243	133844920
ENSG00000145526	5	19473060	20575982
ENSG00000237851	6	143109260	143115223
ENSG00000006757	X	7866288	7895780
ENSG00000254335	5	70156112	70156406
ENSG00000186198	15	65337708	65345734
ENSG00000237724	HSCHR6_MHC_COX	31770617	31773099
ENSG00000249830	5	3452930	3461774
ENSG00000230164	6	29442802	29443848
ENSG00000230722	HSCHR6_MHC_QBL	29715969	29716389
ENSG00000264773	1	31212003	31212079
ENSG00000245330	8	120879659	120886728
ENSG00000200343	1	228761656	228761774
ENSG00000224460	6	143267184	143277835
ENSG00000201451	9	136204565	136204661
ENSG00000237291	1	143154493	143169717
ENSG00000213900	6	29457048	29457453
ENSG00000236605	2	67551759	67552436
ENSG00000272861	2	105865861	105866251
ENSG00000229607	1	31283225	31288400
ENSG00000265661	1	143163750	143163822
ENSG00000232618	6	143271348	143277783
ENSG00000201321	1	228763895	228764013
ENSG00000230064	9	136205827	136206302
ENSG00000232336	1	143188828	143189695
ENSG00000254353	5	70328995	70330227
ENSG00000240250	5	133853501	133853785
ENSG00000199910	1	228766137	228766255
ENSG00000202356	8	120903372	120903469
ENSG00000260520	16	71547766	71551752
ENSG00000234882	6	74001685	74003000
ENSG00000146122	6	39760142	39872648
ENSG00000250739	4	190580759	190582640
ENSG00000229274	6	29465286	29478333
ENSG00000223382	1	31297075	31307131
ENSG00000235319	2	105940667	105946986
ENSG00000221376	15	69617632	69617759
ENSG00000229017	6	143287558	143359214
ENSG00000226279	7	22921512	22922009
ENSG00000254343	8	121064419	121068440
ENSG00000260629	11	5265784	5266777
ENSG00000250716	5	3496343	3504118
ENSG00000223389	6	74032560	74033173
ENSG00000224173	2	67789199	67801176
ENSG00000199334	1	228768378	228768496
ENSG00000252972	15	69659924	69660020
ENSG00000260015	16	71573737	71575728
ENSG00000226840	6	74037247	74038740
ENSG00000259645	15	69683531	69684488
ENSG00000229604	2	88124461	88124662
ENSG00000207459	5	133970529	133970635
ENSG00000199270	1	228770618	228770736
ENSG00000252339	16	71597333	71597431
ENSG00000224582	6	29497197	29501345
ENSG00000197866	11	56396408	56397345
ENSG00000227145	4	123540138	123610311
ENSG00000224448	7	99235865	99236390
ENSG00000201298	5	134036862	134036968
ENSG00000227192	6	143360562	143363461
ENSG00000250290	8	121647798	121650444
ENSG00000260886	16	71599692	71612090
ENSG00000206611	9	136216251	136216325
ENSG00000222266	5	134051173	134051272
ENSG00000202526	1	228772843	228772961
ENSG00000225278	1	143211628	143240439
ENSG00000248850	3	126390949	126392066
ENSG00000259426	15	69689243	69707368
ENSG00000120805	12	101786898	101801598
ENSG00000225752	6	143415171	143420782
ENSG00000259603	5	3596325	3600302
ENSG00000243058	17	54650401	54650556
ENSG00000241179	5	134140468	134140822
ENSG00000222784	1	31316670	31316957
ENSG00000248318	8	121773493	121789072
ENSG00000206444	HSCHR6_MHC_QBL	29756044	29762764
ENSG00000201355	1	228775084	228775202
ENSG00000272994	2	105950484	105953932
ENSG00000235143	1	31331005	31333101
ENSG00000229093	11	5312991	5313610
ENSG00000231332	6	74079427	74097440
ENSG00000200831	9	136216950	136217023
ENSG00000260593	16	71657611	71660719
ENSG00000270892	5	134198781	134199123
ENSG00000254795	11	56400640	56401579
ENSG00000248962	5	4012822	4013763
ENSG00000235174	6	74082831	74082986
ENSG00000230847	5	70370052	70389020
ENSG00000272502	8	121824459	121825599
ENSG00000201925	1	228777315	228777433
ENSG00000260185	16	71688930	71698115
ENSG00000207395	15	69698780	69698891
ENSG00000217495	6	143619907	143620691
ENSG00000200154	1	31408535	31408620
ENSG00000249558	3	126485277	126486318
ENSG00000238273	2	105979495	105995296
ENSG00000229281	6	29505481	29506564
ENSG00000259191	15	69726805	69727459
ENSG00000263546	11	56405463	56405549
ENSG00000199301	16	71699994	71700100
ENSG00000202257	1	228779556	228779674
ENSG00000202107	1	31421964	31422049
ENSG00000225428	2	88268128	88268490
ENSG00000253619	8	121925305	122131994
ENSG00000224786	4	123651703	123653348
ENSG00000262951	17	54946308	54946925
ENSG00000237988	6	29520996	29521943
ENSG00000263666	16	71732470	71732604
ENSG00000232511	11	56436493	56437420
ENSG00000249994	5	4033826	4041877
ENSG00000224221	6	74100761	74101490
ENSG00000167459	19	16142117	16152926
ENSG00000200181	1	31441011	31441083
ENSG00000252093	8	122081628	122081814
ENSG00000115274	2	74682150	74688011
ENSG00000261513	16	71757083	71758133
ENSG00000200370	1	228781787	228781905
ENSG00000212556	3	126921215	126921316
ENSG00000271219	8	122125598	122126159
ENSG00000237329	1	31509581	31510087
ENSG00000167355	11	5326206	5526882
ENSG00000199744	9	136217311	136217383
ENSG00000244921	5	134258993	134259739
ENSG00000243016	3	126940037	126940724
ENSG00000200250	2	128074449	128074555
ENSG00000260612	16	71760878	71761895
ENSG00000232173	6	29541686	29542613
ENSG00000207119	15	69750281	69750488
ENSG00000221644	8	122198998	122199132
ENSG00000221255	2	7716972	7717102
ENSG00000259454	15	102427557	102427970
ENSG00000212469	17	54948531	54948637
ENSG00000236682	2	128146706	128158156
ENSG00000212237	1	228783659	228783779
ENSG00000238041	11	56457941	56458199
ENSG00000259215	15	69750861	69754145
ENSG00000250921	5	4135795	4143761
ENSG00000239872	8	122392377	122392705
ENSG00000114115	3	139236276	139258671
ENSG00000262408	17	54962000	54962180
ENSG00000183929	1	228744885	228788150
ENSG00000232768	1	31523719	31523881
ENSG00000249119	5	134259813	134260334
ENSG00000207619	5	168690605	168690698
ENSG00000262112	17	54966241	54969202
ENSG00000238464	6	74103636	74103736
ENSG00000259646	15	102443357	102443407
ENSG00000224501	HSCHR6_MHC_COX	31782890	31785413
ENSG00000119912	10	94211441	94333833
ENSG00000252542	9	136217702	136217767
ENSG00000105427	19	42891171	42894439
ENSG00000266346	6	74142707	74142807
ENSG00000205339	11	9406169	9469673
ENSG00000264075	2	128181113	128181194
ENSG00000254953	11	56503792	56503938
ENSG00000265238	17	54968631	54968716
ENSG00000103710	15	65345679	65369028
ENSG00000227609	6	29545236	29545525
ENSG00000216001	X	133674215	133674292
ENSG00000216642	6	143648412	143648792
ENSG00000235495	2	67792736	67911209
