ENSG00000265662	9	119861286	119861385
ENSG00000256134	12	16124824	16125543
ENSG00000228717	X	150394701	150396187
ENSG00000253310	14	107239994	107240279
ENSG00000258857	14	50863731	50865063
ENSG00000253539	8	100808843	100811415
ENSG00000265929	14	107259100	107259214
ENSG00000212433	8	10544079	10544197
ENSG00000165097	6	18155560	18224084
ENSG00000256238	12	16552208	16555340
ENSG00000224379	HSCHR6_MHC_COX	31118872	31124541
ENSG00000259113	14	50915525	50923460
ENSG00000211978	14	107259338	107259632
ENSG00000253912	8	100816387	100816569
ENSG00000248896	8	10586824	10628902
ENSG00000226555	Y	16750976	16752238
ENSG00000201573	14	50935115	50935216
ENSG00000230734	9	119942907	119943374
ENSG00000212414	8	101016811	101016877
ENSG00000258577	14	51038637	51038858
ENSG00000099246	10	27793197	27831143
ENSG00000174099	12	65672423	65882024
ENSG00000253674	14	107273842	107274110
ENSG00000163590	3	160473390	160796695
ENSG00000252565	8	10641565	10641629
ENSG00000215923	12	16562189	16562265
ENSG00000221753	8	101036210	101036312
ENSG00000207268	9	119943345	119943479
ENSG00000095564	10	93683526	93790082
ENSG00000253301	8	58055248	58152857
ENSG00000253695	8	10698086	10704011
ENSG00000256450	12	16666379	16667305
ENSG00000254284	14	107275873	107276304
ENSG00000202310	8	101171096	101171203
ENSG00000087494	12	28111017	28125638
ENSG00000229946	X	99141738	99142689
ENSG00000253299	8	101177454	101177706
ENSG00000253128	14	107281000	107281252
ENSG00000256564	12	16720345	16726874
ENSG00000207600	8	10892716	10892812
ENSG00000199667	8	101197366	101197467
ENSG00000262747	HG747_PATCH	66243690	66253272
ENSG00000107036	9	5629025	5776557
ENSG00000201140	9	119959397	119959699
ENSG00000255871	12	16846734	16848911
ENSG00000253217	8	101349823	101362935
ENSG00000252296	X	99355082	99355219
ENSG00000222413	9	120039264	120039565
ENSG00000188707	7	150026938	150029808
ENSG00000254839	8	10920157	10924599
ENSG00000253824	8	101393488	101426687
ENSG00000255740	12	16939696	16940779
ENSG00000224103	HSCHR6_MHC_COX	32954322	32970527
ENSG00000136697	2	113825547	113833427
ENSG00000253303	14	107287770	107288019
ENSG00000236988	X	99404781	99406338
ENSG00000233516	9	120224572	120228538
ENSG00000265599	8	101394991	101395073
ENSG00000183770	3	138663066	138665982
ENSG00000253842	8	101441062	101443225
ENSG00000269918	8	10962201	10964214
ENSG00000198879	10	7200586	7453450
ENSG00000221164	10	74885838	74885965
ENSG00000250482	5	31249986	31250307
ENSG00000233569	9	120410884	120419305
ENSG00000199201	10	74951981	74952083
ENSG00000270052	X	150666198	150666826
ENSG00000253666	8	101487903	101513376
ENSG00000207653	2	32757220	32757313
ENSG00000227382	10	74959584	74960983
ENSG00000214915	X	150684023	150684717
ENSG00000002549	4	17578815	17609595
ENSG00000222197	10	119117867	119117967
ENSG00000265057	2	32860322	32860398
ENSG00000230592	X	99410883	99411771
ENSG00000241253	HSCHR6_MHC_QBL	31903824	31910258
ENSG00000254364	8	101504756	101505941
ENSG00000258114	10	119184705	119249930
ENSG00000263154	17	79336072	79348014
ENSG00000206682	5	31505791	31505895
ENSG00000251013	8	101562952	101563941
ENSG00000184992	12	125478246	125515777
ENSG00000270157	7	141362722	141363646
ENSG00000199765	5	31595672	31595776
ENSG00000239429	X	150780136	150839668
ENSG00000214643	6	49913814	49917157
ENSG00000236756	10	75007118	75036742
ENSG00000230876	2	33050510	33151760
ENSG00000271696	7	57895015	57895957
ENSG00000226543	21	45275771	45276223
ENSG00000252642	3	124777148	124777282
ENSG00000255310	8	10965298	10967236
ENSG00000235133	9	120447532	120447866
ENSG00000106538	7	150035408	150038763
ENSG00000253740	8	101630809	101632221
ENSG00000199327	3	124837941	124838044
ENSG00000233918	7	61821869	61822186
ENSG00000230720	10	31012180	31012669
ENSG00000264986	3	124870309	124870396
ENSG00000169093	X	1522032	1572655
ENSG00000207443	7	62471841	62471947
ENSG00000177663	22	17565844	17596583
ENSG00000199598	21	45339676	45339782
ENSG00000242220	21	33948862	33959683
ENSG00000261295	X	99928327	99928978
ENSG00000227148	7	62505205	62514809
ENSG00000229847	10	119232726	119304579
ENSG00000229048	3	125029725	125030194
ENSG00000252606	21	45416203	45416301
ENSG00000252764	8	101695716	101695802
ENSG00000272914	10	31120757	31122316
ENSG00000201444	9	120470274	120470380
ENSG00000264991	8	101720106	101720191
ENSG00000228775	7	141404138	141438146
ENSG00000213440	21	45466228	45466922
ENSG00000223819	X	100055292	100055773
ENSG00000248624	5	31657325	31665174
ENSG00000227540	10	75012549	75014107
ENSG00000243508	3	125062929	125063641
ENSG00000233454	7	62517831	62520462
ENSG00000221527	8	101752030	101752155
ENSG00000264007	17	27948635	27949272
ENSG00000251847	9	120493653	120493749
ENSG00000202001	8	101767329	101767423
ENSG00000167100	17	48187404	48207246
ENSG00000237135	10	31207941	31210164
ENSG00000228512	9	120545726	120630349
ENSG00000242399	8	101788740	101789093
ENSG00000252953	3	125107778	125107841
ENSG00000265865	7	62528465	62528529
ENSG00000263370	17	27966645	27967843
ENSG00000248878	5	31725646	31726009
ENSG00000222795	8	101843956	101844088
ENSG00000254936	8	10980891	10983574
ENSG00000225331	21	45578623	45579959
ENSG00000238992	3	125164905	125165007
ENSG00000263578	10	31354880	31354976
ENSG00000233782	7	62547448	62548639
ENSG00000236854	2	33152194	33153472
ENSG00000222858	17	27968629	27968720
ENSG00000201800	3	125235823	125235930
ENSG00000212994	8	101907974	101908387
ENSG00000272381	10	31476812	31550839
ENSG00000270606	17	8463789	8464280
ENSG00000252965	3	125247088	125247193
ENSG00000220984	8	58096193	58096279
ENSG00000265625	17	27971814	27972865
ENSG00000231901	9	120602600	120659534
ENSG00000243072	3	125398417	125398625
ENSG00000206951	2	33170406	33170518
ENSG00000238116	X	100056177	100058049
ENSG00000234312	7	62574013	62575183
ENSG00000240764	5	140868808	140892546
ENSG00000260368	8	101925475	101926616
ENSG00000237604	21	45595372	45596336
ENSG00000252502	2	33216326	33216391
ENSG00000200356	10	75038820	75038926
ENSG00000242001	3	125400149	125400297
ENSG00000229967	X	151072903	151082440
ENSG00000223951	2	33281400	33288180
ENSG00000238983	10	75061539	75061642
ENSG00000254556	8	10994408	10996117
ENSG00000244604	17	8464548	8464894
ENSG00000207473	10	75106694	75106806
ENSG00000266857	3	125409100	125409187
ENSG00000212204	2	33510836	33510954
ENSG00000232124	21	45621173	45622579
ENSG00000240531	17	28043297	28043703
ENSG00000135919	2	224839829	224904036
ENSG00000177684	6	49927962	49931818
ENSG00000237036	10	31495207	31609376
ENSG00000152766	10	90581889	90611575
ENSG00000233144	10	75141191	75143254
ENSG00000231965	8	11032560	11033079
ENSG00000231523	7	62577879	62615312
ENSG00000242315	8	101970111	101970406
ENSG00000252246	2	33557965	33558074
ENSG00000234458	3	125422193	125423156
ENSG00000234782	9	120845142	120845660
ENSG00000227890	2	203044020	203044694
ENSG00000232698	21	45626408	45627282
ENSG00000250081	5	64782271	64782875
ENSG00000252736	8	101975163	101975271
ENSG00000237133	2	33780114	33788614
ENSG00000182923	3	134204585	134293859
ENSG00000202231	X	100077609	100077741
ENSG00000263657	17	28088121	28114854
ENSG00000248599	8	102064282	102088479
ENSG00000207352	5	64900488	64900588
ENSG00000144026	2	95813075	95831158
ENSG00000238038	2	33827108	33827353
ENSG00000239345	X	100110277	100111368
ENSG00000232010	21	45670696	45671403
ENSG00000243429	3	125430983	125431889
ENSG00000266768	2	61782495	61782593
ENSG00000156140	4	73146686	73434516
ENSG00000253395	8	102134373	102138386
ENSG00000265713	17	28102765	28103719
ENSG00000251142	8	58152616	58153100
ENSG00000171509	4	159236463	159574524
ENSG00000270012	X	49129517	49132231
ENSG00000166831	15	65032091	65067786
ENSG00000187999	2	33861569	33862492
ENSG00000251648	5	65028800	65029481
ENSG00000107816	10	102756375	102767593
ENSG00000164209	5	110073837	110100857
ENSG00000241728	21	45748827	45750104
ENSG00000136828	9	129677053	129985445
ENSG00000252657	17	28104637	28104762
ENSG00000213856	X	49397103	49397952
ENSG00000270076	8	11060474	11061180
ENSG00000249114	5	31738376	31738767
ENSG00000253355	8	102141215	102145714
ENSG00000250282	17	48178068	48179284
ENSG00000100985	20	44637547	44645200
ENSG00000225050	9	121450030	121468238
ENSG00000240074	17	28182777	28183350
ENSG00000253614	8	58173785	58179172
ENSG00000227231	HSCHR6_MHC_DBB	30701238	30702593
ENSG00000153266	3	62355356	62359999
ENSG00000227391	X	49429447	49433283
ENSG00000203386	2	33931953	34522820
ENSG00000223825	2	203066103	203066609
ENSG00000199231	7	62636318	62636397
ENSG00000236827	8	11105135	11125374
ENSG00000234390	X	49641327	49643844
ENSG00000271243	2	61802909	61803529
ENSG00000215117	8	58192102	58197290
ENSG00000202360	8	102150187	102150541
ENSG00000233045	2	139036144	139036780
ENSG00000237572	7	62669597	62672200
ENSG00000252479	10	31548528	31548633
ENSG00000180638	17	19581601	19622292
ENSG00000184441	21	45751117	45755734
ENSG00000253737	8	102151893	102153157
ENSG00000230397	10	31649884	31650144
ENSG00000220132	X	49676227	49676969
ENSG00000270477	6	3694157	3694309
ENSG00000204335	2	171571861	171574588
ENSG00000226884	2	61816633	61816798
ENSG00000248813	5	31741940	31742434
ENSG00000255902	21	45751119	45751543
ENSG00000261087	8	102179033	102181857
ENSG00000264120	X	151125155	151125250
ENSG00000250206	5	124064524	124065086
ENSG00000270504	6	3751345	3754105
ENSG00000248378	5	31744095	31744558
ENSG00000232969	21	45759259	45760353
ENSG00000247950	4	110268631	110354973
ENSG00000196960	10	31650356	31688682
ENSG00000109424	4	141480588	141489959
ENSG00000202265	8	58202111	58202208
ENSG00000234645	2	139045599	139046363
ENSG00000108819	17	48211104	48227991
ENSG00000250530	5	124065403	124065848
ENSG00000213639	2	28974506	29025806
ENSG00000207621	X	151127050	151127130
ENSG00000250164	5	31747751	31748185
ENSG00000201341	X	49709947	49710053
ENSG00000260256	21	45767650	45768178
ENSG00000228787	Y	16905522	16915913
ENSG00000223834	10	31893528	31895146
ENSG00000251274	5	124068940	124069465
ENSG00000265590	21	33951132	33984591
ENSG00000249688	5	31754326	31754763
ENSG00000269961	5	65220457	65220963
ENSG00000235201	9	121502841	121507590
ENSG00000231855	10	31917468	31917527
ENSG00000206262	3	138666076	138672293
ENSG00000230061	21	45834473	45845155
ENSG00000237939	2	139064889	139065540
ENSG00000219992	6	3754333	3755074
ENSG00000253871	8	58256346	58277416
ENSG00000251456	5	124070311	124070868
ENSG00000256750	12	119196559	119199484
ENSG00000252904	5	65257011	65257147
ENSG00000204334	2	171640296	171655481
ENSG00000237797	10	31982012	31996316
ENSG00000206973	2	61832751	61832857
ENSG00000239649	2	33947788	33953274
ENSG00000271882	8	102220376	102220786
ENSG00000252293	2	85669039	85669100
ENSG00000249643	5	124073092	124073698
ENSG00000253744	5	65439984	65440623
ENSG00000253942	8	102236169	102236801
ENSG00000266692	21	45857004	45857058
ENSG00000232915	2	139169636	139170888
ENSG00000242814	5	124144521	124144926
ENSG00000222412	10	32044970	32045064
ENSG00000264452	21	45858918	45858993
ENSG00000221576	7	19759011	19759074
ENSG00000231166	9	121526145	121526623
ENSG00000243227	4	110371931	110372224
ENSG00000238158	6	3832167	3855971
ENSG00000248443	5	124165165	124165983
ENSG00000236131	Y	17019778	17019948
ENSG00000253679	8	102273769	102275131
ENSG00000167700	8	145734457	145736596
ENSG00000228466	X	122695493	122696817
ENSG00000213486	2	61937211	61938113
ENSG00000231148	10	32202071	32202682
ENSG00000124562	6	34725183	34741571
ENSG00000237921	7	19853308	19857713
ENSG00000207988	4	110409854	110409951
ENSG00000229356	21	45870869	45875167
ENSG00000249261	5	124204665	124205607
ENSG00000249153	5	85144320	85145017
ENSG00000227949	Y	17053427	17053630
ENSG00000100031	22	24979718	25024972
ENSG00000228043	2	139175854	139259268
ENSG00000249423	5	124255640	124257291
ENSG00000233068	6	3893360	3894524
ENSG00000244399	2	85669618	85669912
ENSG00000225094	4	110474399	110475250
ENSG00000232149	X	122736990	122737782
ENSG00000253282	8	102299673	102306011
ENSG00000252373	5	31820671	31820745
ENSG00000250411	5	124372524	124377932
ENSG00000224747	21	45889812	45892399
ENSG00000224282	5	31822668	31823243
ENSG00000230240	10	32272813	32273482
ENSG00000239115	8	102319595	102319656
ENSG00000264467	X	122844694	122844982
ENSG00000255618	12	119210837	119212942
ENSG00000250194	5	124410358	124410673
ENSG00000199936	2	85687267	85687375
ENSG00000271560	8	102349724	102349877
ENSG00000233680	X	100142625	100143579
ENSG00000230376	X	122899151	122899536
ENSG00000260604	6	3905144	3912213
ENSG00000230569	2	139228226	139231502
ENSG00000217874	6	170948694	170949624
ENSG00000207753	X	151128100	151128184
ENSG00000249365	5	124443897	124485622
ENSG00000243004	7	19958604	20180076
ENSG00000250359	5	85383344	85383665
ENSG00000238864	5	31824686	31824789
ENSG00000249965	4	110476326	110476888
ENSG00000261432	9	122697331	122700110
ENSG00000224518	Y	17053626	17054595
ENSG00000218472	6	3914156	3914526
ENSG00000228224	8	102374022	102384935
ENSG00000228965	X	151213786	151214665
ENSG00000251887	5	31832546	31832619
ENSG00000248785	4	110594999	110595280
ENSG00000206260	3	138722804	138725110
ENSG00000248631	5	124537581	124538223
ENSG00000239315	8	11113529	11114112
ENSG00000241739	5	31840598	31841077
ENSG00000234986	6	171004401	171006038
ENSG00000255814	12	119256609	119271341
ENSG00000250721	5	124601221	124601344
ENSG00000273447	4	110613160	110613859
ENSG00000252178	X	122905928	122905989
ENSG00000242520	X	151282526	151286444
ENSG00000217135	6	3922081	3922380
ENSG00000089127	12	113344582	113369990
ENSG00000241772	2	139326660	139332028
ENSG00000222107	5	124686561	124686824
ENSG00000264267	2	34011105	34011205
ENSG00000226902	X	122918859	122919301
ENSG00000272795	4	110736203	110736566
ENSG00000248846	5	65502040	65505275
ENSG00000229648	2	85718053	85718903
ENSG00000225960	9	122735372	122736600
ENSG00000217566	6	3941516	3942035
ENSG00000179031	X	100165701	100166478
ENSG00000235925	HSCHR6_MHC_SSTO	31676384	31679581
ENSG00000249932	5	124704261	124704842
ENSG00000234620	Y	17460542	17567954
ENSG00000243914	5	31847377	31848254
ENSG00000232311	6	110147725	110149988
ENSG00000254063	8	102378645	102379233
ENSG00000213863	6	171034285	171037576
ENSG00000223431	21	45892778	45893622
ENSG00000260059	2	139357233	139359996
ENSG00000249681	4	110800226	110801053
ENSG00000199705	X	122990912	122991013
ENSG00000238400	5	65526957	65527060
ENSG00000235064	2	34064849	34065745
ENSG00000079459	8	11653082	11696818
ENSG00000253644	8	102399527	102405414
ENSG00000230423	6	171044839	171045633
ENSG00000249316	8	11138873	11140010
ENSG00000237331	X	123006476	123007782
ENSG00000241162	6	110761202	110761506
ENSG00000197548	3	11313995	11599139
ENSG00000237772	2	139362080	139370737
ENSG00000216657	6	3978296	3979333
ENSG00000251391	5	65594296	65618772
ENSG00000199809	12	119267486	119267610
ENSG00000207260	4	110913481	110913587
ENSG00000239211	8	102409863	102410161
ENSG00000252627	X	123008309	123008415
ENSG00000260188	6	110799110	110800639
ENSG00000118514	6	135238528	135271260
ENSG00000227999	21	45893606	45894980
ENSG00000207814	9	123007257	123007328
ENSG00000182574	X	100211582	100212528
ENSG00000174083	17	8706041	8770994
ENSG00000154265	17	67240452	67323385
ENSG00000222826	2	139621167	139621465
ENSG00000265561	5	31880141	31880190
ENSG00000256149	12	119287159	119346735
ENSG00000237025	X	123012440	123013146
ENSG00000263940	4	111038892	111039203
ENSG00000254084	8	102424101	102464680
ENSG00000225532	6	171045261	171046865
ENSG00000112667	6	43193367	43197222
ENSG00000219559	6	110883378	110883818
ENSG00000250313	5	65803372	65807432
ENSG00000248200	4	111067530	111068404
ENSG00000219814	6	171054606	171055065
ENSG00000214108	5	31908467	31909292
ENSG00000229104	2	139654721	139655668
ENSG00000254024	8	102473405	102504727
ENSG00000253980	5	156626253	156651390
ENSG00000165309	10	23216953	23326518
ENSG00000232412	X	123093083	123095191
ENSG00000272248	6	4018947	4019436
ENSG00000166530	4	111173027	111173255
ENSG00000253991	8	102540951	102541797
ENSG00000270934	6	110919296	110919908
ENSG00000246477	8	11173374	11182938
ENSG00000239058	X	123267134	123267227
ENSG00000222086	5	156662195	156662309
ENSG00000227361	2	62030278	62030523
ENSG00000230648	6	4019077	4021449
ENSG00000263020	6	31633879	31641323
ENSG00000253653	5	156687132	156693635
ENSG00000082153	2	201675317	201688569
ENSG00000250594	4	111186021	111186173
ENSG00000266861	2	34152451	34152539
ENSG00000186074	17	72690452	72709117
ENSG00000229831	2	62047343	62047701
ENSG00000252668	6	4076623	4076707
ENSG00000213150	6	110966902	110967761
ENSG00000237407	22	21667209	21669193
ENSG00000237790	2	34292293	34294617
ENSG00000212160	4	111199341	111199447
ENSG00000253153	8	102574236	102574716
ENSG00000251405	5	156789623	156887086
ENSG00000217041	6	111021765	111022103
ENSG00000254821	6	4135657	4146287
ENSG00000237426	X	123306851	123308309
ENSG00000232992	2	139659003	139660317
ENSG00000238181	9	123482951	123484250
ENSG00000205449	5	85578278	85592281
ENSG00000236472	17	48212951	48223541
ENSG00000250304	4	111212800	111214729
ENSG00000234838	5	65867885	65868374
ENSG00000212153	7	141427784	141427948
ENSG00000232771	22	21695884	21699547
ENSG00000249774	5	31923473	31923638
ENSG00000230702	2	62083830	62084190
ENSG00000270923	7	141487615	141488440
ENSG00000219150	6	111027565	111028085
ENSG00000251464	4	111320929	111321667
ENSG00000234817	6	4136306	4157619
ENSG00000253730	17	48235694	48238637
ENSG00000159079	21	33964389	33985176
ENSG00000248803	5	65918696	65919005
ENSG00000226534	22	21724353	21726234
ENSG00000253629	8	102698775	102701321
ENSG00000251046	4	111337054	111339660
ENSG00000241926	7	141501115	141501859
ENSG00000108702	17	32687347	32690250
ENSG00000226785	2	34608855	34860407
ENSG00000240356	2	114368079	114384667
ENSG00000182256	15	27216429	27778373
ENSG00000268400	19	7694682	7707934
ENSG00000238372	8	102859484	102859588
ENSG00000236498	2	62095567	62113217
ENSG00000224354	7	141502282	141503287
ENSG00000183307	22	17597189	17602257
ENSG00000199894	4	111354265	111354344
ENSG00000154316	8	11197146	11225961
ENSG00000266756	8	103137660	103137743
ENSG00000200057	22	21743480	21743780
ENSG00000266243	5	31936208	31936265
ENSG00000200522	6	111043453	111043551
ENSG00000252314	22	21743917	21743999
ENSG00000250511	4	111433644	111440661
ENSG00000237716	6	4186858	4188343
ENSG00000254492	8	103166778	103166953
ENSG00000226939	2	140123735	140136717
ENSG00000249057	5	65958159	65958816
ENSG00000212587	6	111169749	111169876
ENSG00000212025	2	34628731	34628824
ENSG00000252020	22	21744085	21744227
ENSG00000216307	6	4189350	4190040
ENSG00000252402	22	21765339	21765415
ENSG00000199360	6	111177620	111177725
ENSG00000229666	5	66297211	66299781
ENSG00000138134	10	90639491	90734910
ENSG00000229131	2	140227345	140235317
ENSG00000246263	8	103251622	103265561
ENSG00000231811	6	4345977	4347271
ENSG00000213149	6	111179442	111180350
ENSG00000234769	16	64043	69452
ENSG00000240053	6	31637944	31641553
ENSG00000250103	4	111516671	111536614
ENSG00000254932	11	125128522	125136694
ENSG00000169398	8	141667999	142012315
ENSG00000260577	16	68679283	68680071
ENSG00000228262	2	34902646	34963298
ENSG00000267062	19	12907637	12912663
ENSG00000206901	2	140268994	140269125
ENSG00000197161	11	48366900	48373999
ENSG00000241882	3	168006341	168009016
ENSG00000201185	6	4428197	4428315
ENSG00000222844	11	125147448	125147553
ENSG00000235232	2	140426116	140426874
ENSG00000140451	15	65107831	65117867
ENSG00000260860	16	68684959	68685851
ENSG00000229839	2	62296582	62374016
ENSG00000260239	6	4492041	4496003
ENSG00000222357	3	168192986	168193176
ENSG00000267424	19	12936525	12943797
ENSG00000235478	22	17602476	17612994
ENSG00000249519	4	111715559	111718500
ENSG00000254671	11	125440180	125462473
ENSG00000207717	3	168269642	168269737
ENSG00000237947	6	40681150	40683102
ENSG00000137462	4	154622652	154626851
ENSG00000266577	2	85759467	85759749
ENSG00000271607	6	111185063	111185654
ENSG00000269018	11	65358665	65359947
ENSG00000228374	2	140490277	140490851
ENSG00000261395	16	68720302	68720573
ENSG00000265759	19	12983475	12983544
ENSG00000169255	3	160801671	160823172
ENSG00000206282	HSCHR6_MHC_QBL	33188277	33196019
ENSG00000180316	6	36210980	36276372
ENSG00000226765	3	168384347	168385211
ENSG00000091128	7	107663993	107770801
ENSG00000251808	4	111774532	111774626
ENSG00000264632	HSCHR1_1_CTG31	153673135	153673430
ENSG00000207758	X	49767754	49767844
ENSG00000239731	10	32281018	32281309
ENSG00000215961	4	111781738	111781803
ENSG00000197322	17	32901142	32906388
ENSG00000267735	19	12991783	12994902
ENSG00000231688	3	168576447	168576918
ENSG00000270695	6	4529956	4530242
ENSG00000207768	X	49768109	49768194
ENSG00000226025	19	40170014	40177013
ENSG00000262767	HSCHR1_1_CTG31	153686309	153687353
ENSG00000206660	10	32345674	32345767
ENSG00000266536	2	85794787	85795083
ENSG00000250764	5	32103551	32122047
ENSG00000182565	11	48441762	48442825
ENSG00000222297	11	125444615	125444714
ENSG00000252876	16	31278758	31278812
ENSG00000238184	11	2349979	2399222
ENSG00000251483	4	111866265	111866955
ENSG00000265152	X	49771262	49771344
ENSG00000203363	2	85913176	85914170
ENSG00000200558	16	68776383	68776491
ENSG00000260673	6	4599521	4602654
ENSG00000219329	6	111244769	111245310
ENSG00000234335	10	32391450	32392221
ENSG00000252255	11	125519641	125519782
ENSG00000242268	3	168621154	168639784
ENSG00000263477	17	28190420	28193110
ENSG00000240616	19	13004947	13005694
ENSG00000207785	X	49773039	49773122
ENSG00000260798	16	68848233	68857429
ENSG00000175110	3	138724648	139076065
ENSG00000261245	16	31372599	31373016
ENSG00000266380	HSCHR1_1_CTG31	153693804	153694099
ENSG00000253328	8	103254268	103254847
ENSG00000260209	11	125742926	125744423
ENSG00000238775	6	111284669	111284772
ENSG00000152822	6	146348782	146758734
ENSG00000205444	6	4610890	4611538
ENSG00000223554	2	140582465	140583446
ENSG00000200065	5	32134844	32134940
ENSG00000251312	4	111984739	111985383
ENSG00000208015	X	49773572	49773636
ENSG00000270107	5	66475441	66476415
ENSG00000262994	HSCHR1_1_CTG31	153706999	153708022
ENSG00000266032	6	111290976	111291075
ENSG00000260459	16	68856490	68856973
ENSG00000006837	5	133541305	133706738
ENSG00000161912	6	41068761	41108571
ENSG00000184789	11	48453769	48454699
ENSG00000204529	11	76405087	76418685
ENSG00000206140	22	21820712	21825558
ENSG00000272086	5	32174577	32175378
ENSG00000221074	2	140584261	140584350
ENSG00000236264	11	2356362	2357006
ENSG00000207431	6	111329473	111329579
ENSG00000211538	X	49774330	49774413
ENSG00000106258	7	99245817	99277621
ENSG00000200963	4	112252568	112252674
ENSG00000071205	4	148653214	148993931
ENSG00000240977	2	140740253	140740553
ENSG00000255027	11	125773142	125808811
ENSG00000218803	6	111368071	111368724
ENSG00000262469	HSCHR1_1_CTG31	153715959	153716060
ENSG00000239057	X	49775279	49775357
ENSG00000238801	6	4643996	4644088
ENSG00000241722	4	112473010	112473329
ENSG00000235014	Y	28344478	28354295
ENSG00000254925	11	48485605	48486529
ENSG00000224028	2	140861152	140889349
ENSG00000263130	HSCHR1_1_CTG31	153736558	153740934
ENSG00000217385	6	4702697	4704013
ENSG00000196954	11	104813593	104840163
ENSG00000207970	X	49777849	49777945
ENSG00000230829	5	32222038	32222453
ENSG00000175348	11	8968841	8986558
ENSG00000199979	16	68919479	68919580
ENSG00000263275	HSCHR1_1_CTG31	153740690	153741883
ENSG00000225876	Y	28390498	28390720
ENSG00000130522	19	18390563	18392432
ENSG00000108298	17	37356536	37360980
ENSG00000272080	X	49779206	49779291
ENSG00000262698	HSCHR1_1_CTG31	153743831	153743934
ENSG00000260999	16	68961450	68982164
ENSG00000248195	5	85630842	85631626
ENSG00000227149	2	140974566	140974808
ENSG00000263906	11	125797011	125798724
ENSG00000255215	11	48507915	48508377
ENSG00000260757	16	31413886	31416020
ENSG00000251796	Y	28393531	28393668
ENSG00000199550	11	2393868	2393980
ENSG00000262710	HSCHR1_1_CTG31	153775427	153775528
ENSG00000181977	X	49920807	49921019
ENSG00000248656	4	112561651	112569964
ENSG00000173338	11	65360326	65363467
ENSG00000266801	16	68967723	68971628
ENSG00000255124	11	125809107	125813597
ENSG00000181291	17	32907768	32966337
ENSG00000230483	11	2425745	2429138
ENSG00000236336	6	4774760	4775642
ENSG00000272797	3	168645263	168645707
ENSG00000231567	2	140975220	140977937
ENSG00000262299	HSCHR1_1_CTG31	153784880	153791798
ENSG00000266721	19	13031134	13031218
ENSG00000200926	6	111412416	111412535
ENSG00000229238	Y	28424070	28500565
ENSG00000202495	X	49935841	49935941
ENSG00000255113	11	48513578	48513968
ENSG00000199687	2	85955317	85955460
ENSG00000202497	16	69040955	69041058
ENSG00000199731	5	32234872	32234981
ENSG00000273177	3	168645957	168646386
ENSG00000250855	4	112723957	112761042
ENSG00000231046	6	111548950	111580237
ENSG00000266975	19	13041336	13044110
ENSG00000271129	16	69059763	69060546
ENSG00000268797	19	41307202	41404187
ENSG00000207052	5	32309768	32309874
ENSG00000217030	6	4979306	4979728
ENSG00000241383	3	168720862	168723254
ENSG00000248432	4	112725574	112730850
ENSG00000255304	11	48517900	48518832
ENSG00000222961	5	32379513	32379573
ENSG00000211450	11	57508825	57510986
ENSG00000267458	19	13054932	13055301
ENSG00000262025	HSCHR1_1_CTG31	153841813	153843121
ENSG00000230177	6	111599135	111599945
ENSG00000229498	2	86042253	86052514
ENSG00000244378	16	69067578	69069945
ENSG00000249815	4	112748037	112993854
ENSG00000254790	11	125810391	125811088
ENSG00000223921	2	140978153	140979054
ENSG00000271081	8	30611753	30612056
ENSG00000261474	16	31460856	31464814
ENSG00000272027	2	34917357	34928447
ENSG00000241479	3	169165655	169194840
ENSG00000250556	4	112989166	112989682
ENSG00000222492	19	13069669	13069761
ENSG00000135486	12	54673977	54680872
ENSG00000164485	6	137464968	137494785
ENSG00000253204	8	30778576	30778851
ENSG00000260267	16	31468032	31471057
ENSG00000236440	2	141440929	141441457
ENSG00000272142	6	5030206	5043683
ENSG00000271789	6	111618329	111619713
ENSG00000207956	5	32394484	32394581
ENSG00000254832	11	48533825	48534772
ENSG00000267417	19	13124476	13125325
ENSG00000254967	11	125820011	125826214
ENSG00000207083	16	69209574	69209680
ENSG00000252693	X	123331593	123331699
ENSG00000250307	4	112998754	112999556
ENSG00000249142	5	32522864	32523971
ENSG00000200164	16	69225026	69225126
ENSG00000182162	X	1581465	1656000
ENSG00000253793	8	30840975	30841837
ENSG00000272356	6	111630406	111634720
ENSG00000267610	19	13180610	13182188
ENSG00000265113	16	69274452	69275832
ENSG00000214654	9	123555829	123561848
ENSG00000145428	4	154631277	154681387
ENSG00000248363	5	85649621	85664672
ENSG00000075673	13	25254549	25285921
ENSG00000266897	19	13242385	13243224
ENSG00000238065	2	141655992	141656675
ENSG00000220392	6	111674905	111675386
ENSG00000255534	11	48547616	48548523
ENSG00000075651	3	171318195	171528740
ENSG00000254761	11	76423440	76430652
ENSG00000261527	16	69477143	69478193
ENSG00000232153	2	34960042	34962185
ENSG00000262223	17	79349801	79359160
ENSG00000144306	2	175260458	175294303
ENSG00000250885	5	32646670	32652082
ENSG00000201892	2	141750112	141750228
ENSG00000260108	16	69497747	69500167
ENSG00000254632	11	76470960	76479267
ENSG00000228128	HSCHR6_MHC_SSTO	31684774	31688353
ENSG00000234564	X	123338349	123339656
ENSG00000204466	X	50108408	50213737
ENSG00000229276	6	111681844	111682810
ENSG00000252015	2	141924826	141924926
ENSG00000271978	6	5031990	5054657
ENSG00000163064	2	119599747	119605254
ENSG00000213607	11	48600988	48601888
ENSG00000218676	6	111751463	111752984
ENSG00000223109	16	69599711	69599771
ENSG00000269460	19	40175884	40185217
ENSG00000233329	2	141965651	141965945
ENSG00000228709	21	45905460	45910171
ENSG00000252419	6	5045818	5046335
ENSG00000252321	2	86047558	86047735
ENSG00000255100	11	76493625	76494106
ENSG00000130520	19	18417040	18434084
ENSG00000260772	16	69736968	69738555
ENSG00000255974	19	41349443	41356352
ENSG00000268088	19	40184565	40186898
ENSG00000238683	16	69742475	69742578
ENSG00000225839	X	100298553	100349465
ENSG00000270917	9	123574753	123575123
ENSG00000220685	6	5066029	5067216
ENSG00000226994	2	35024917	35410755
ENSG00000255297	11	48611312	48612239
ENSG00000235890	21	45926690	45935738
ENSG00000261602	16	69743777	69744486
ENSG00000231643	X	100446104	100446398
ENSG00000265224	2	142396413	142396532
ENSG00000240459	4	113037666	113038059
ENSG00000240320	19	40188544	40188713
ENSG00000232504	2	86116403	86118103
ENSG00000266259	2	142754946	142755056
ENSG00000262136	16	69760916	69776466
ENSG00000266779	HG1308_PATCH	130146082	130332402
ENSG00000261578	11	76511408	76515599
ENSG00000244125	2	142888747	142895399
ENSG00000181409	17	79091095	79139877
ENSG00000254674	11	48631615	48632552
ENSG00000105202	19	40325098	40337054
ENSG00000265083	6	5148467	5148556
ENSG00000212030	11	76589276	76589362
ENSG00000181649	11	2949503	2950685
ENSG00000239131	2	143070509	143070577
ENSG00000231889	6	111804714	111919505
ENSG00000254988	11	76666461	76689663
ENSG00000264541	6	5224961	5225030
ENSG00000255053	11	48649098	48650045
ENSG00000228134	2	143300987	143301544
ENSG00000187534	19	40448563	40449634
ENSG00000250124	5	85676478	85677244
ENSG00000272174	5	32781644	32781745
ENSG00000271782	1	50902700	50902978
ENSG00000220446	6	5291263	5291621
ENSG00000224829	11	77024651	77025077
ENSG00000251062	5	32888096	32888251
ENSG00000251585	5	85698283	85698778
ENSG00000232753	1	103817769	103828355
ENSG00000229781	2	143611664	143613567
ENSG00000256212	21	46020522	46021649
ENSG00000225767	1	50927141	50936822
ENSG00000269985	6	5451916	5458308
ENSG00000184106	6	41176292	41190382
ENSG00000196600	11	62931248	62997124
ENSG00000213860	7	20042346	20042909
ENSG00000202140	1	50965430	50965529
ENSG00000238880	11	77277979	77278039
ENSG00000270390	2	143704869	143705655
ENSG00000250697	5	32925745	33298016
ENSG00000178188	16	28857921	28885526
ENSG00000207194	1	51048076	51048183
ENSG00000271767	11	77306156	77306224
ENSG00000221233	19	40497851	40497946
ENSG00000221169	2	143763269	143763360
ENSG00000081760	12	125549925	125627873
ENSG00000255551	11	48901663	48906789
ENSG00000120265	6	150070579	150132556
ENSG00000206816	11	77402695	77402796
ENSG00000252825	1	51215968	51216025
ENSG00000268166	19	40526292	40526948
ENSG00000236624	1	45959538	45965751
ENSG00000224288	2	143850625	143851733
ENSG00000272564	2	86131402	86131850
ENSG00000254985	11	77428757	77429456
ENSG00000267055	7	20135760	20170098
ENSG00000269069	19	40529291	40531409
ENSG00000230585	1	51246012	51246822
ENSG00000254728	11	48903275	48923733
ENSG00000206310	HSCHR6_MHC_QBL	32218297	32297155
ENSG00000234037	1	103820969	103835986
ENSG00000228598	7	20181539	20193154
ENSG00000248279	5	32947549	32962573
ENSG00000227376	11	77445520	77446071
ENSG00000132424	6	99845927	99873207
ENSG00000226752	9	123587106	123616651
ENSG00000226839	2	143851802	143852284
ENSG00000089250	12	117645947	117889975
ENSG00000199262	5	85916323	85916385
ENSG00000224852	2	143852358	143854124
ENSG00000109436	4	141541919	141677274
ENSG00000269749	19	40554664	40596832
ENSG00000260290	16	69790439	69791840
ENSG00000197976	X	1710486	1721407
ENSG00000229880	21	46095785	46098003
ENSG00000208772	2	86362993	86363129
ENSG00000161980	16	96407	103628
ENSG00000233834	7	20257200	20261323
ENSG00000230759	1	103957501	103968087
ENSG00000218574	6	5609460	5610428
ENSG00000212176	6	41207258	41207364
ENSG00000225690	6	41215107	41217387
ENSG00000269296	19	40596661	40600313
ENSG00000232772	2	143854408	143855576
ENSG00000237130	1	51312140	51312509
ENSG00000254920	11	48914808	48920255
ENSG00000240403	19	55361898	55378662
ENSG00000249102	5	33009100	33025830
ENSG00000253579	8	30989055	30989318
ENSG00000252670	16	69814940	69815031
ENSG00000230086	19	40627218	40628075
ENSG00000236382	21	46122136	46122706
ENSG00000218809	6	41237613	41237977
ENSG00000252443	16	69819897	69820016
ENSG00000140557	15	92937058	93011958
ENSG00000207013	5	85958961	85959067
ENSG00000265538	1	51525509	51525577
ENSG00000206745	6	41270204	41270310
ENSG00000229978	1	13162645	13165443
ENSG00000251281	5	33011428	33017713
ENSG00000227166	Y	17659096	17705211
ENSG00000208017	16	69966984	69967083
ENSG00000200241	2	86387079	86387189
ENSG00000221051	19	40710019	40710106
ENSG00000200262	1	51572894	51573003
ENSG00000213461	6	41275904	41276303
ENSG00000205041	19	40779396	40781386
ENSG00000261959	17	48240884	48242677
ENSG00000213478	1	51623460	51624143
ENSG00000255527	11	48928655	48930498
ENSG00000250672	5	33090232	33090455
ENSG00000224613	1	103960701	104068105
ENSG00000253961	8	31024594	31034683
ENSG00000236519	21	46222492	46224632
ENSG00000270174	6	5665218	5695505
ENSG00000238867	6	41323187	41323246
ENSG00000258611	15	93608815	93609835
ENSG00000188662	17	48248789	48258539
ENSG00000264352	2	35034320	35034623
ENSG00000220506	6	111816194	111816916
ENSG00000250544	5	86042635	86045589
ENSG00000239101	1	51654135	51654223
ENSG00000207631	19	40788450	40788548
ENSG00000237320	2	35223345	35225227
ENSG00000217239	6	5788579	5788932
ENSG00000258888	15	93800427	93803704
ENSG00000221492	1	51656555	51656630
ENSG00000234753	6	41462591	41516359
ENSG00000236300	2	143855692	143855986
ENSG00000255389	6	111921078	111923498
ENSG00000206674	19	40805385	40805491
ENSG00000229211	8	31077410	31078500
ENSG00000236179	1	13171871	13173157
ENSG00000260740	16	31498691	31499813
ENSG00000203356	1	51660767	51700768
ENSG00000249910	11	48967246	48973447
ENSG00000207281	19	40844966	40845071
ENSG00000212063	15	93829464	93829552
ENSG00000222069	1	104066184	104066501
ENSG00000238618	1	51696925	51697028
ENSG00000206925	19	40848236	40848348
ENSG00000260625	16	31519792	31520569
ENSG00000216360	6	5817654	5818599
ENSG00000227557	2	143856053	143856398
ENSG00000258971	15	93844645	93844876
ENSG00000240376	5	33162285	33162913
ENSG00000239015	6	111967530	111967630
ENSG00000253377	8	31133112	31241795
ENSG00000227039	21	46340966	46349593
ENSG00000236085	1	104112175	104113296
ENSG00000268366	19	40949343	40949994
ENSG00000225476	2	143856467	143857502
ENSG00000233406	1	51716270	51717144
ENSG00000227012	6	112221692	112223054
ENSG00000251443	5	33229841	33255659
ENSG00000266164	19	41112673	41112955
ENSG00000179412	1	13182960	13184326
ENSG00000254095	8	31196713	31203995
ENSG00000254517	11	48981480	48983362
ENSG00000265420	2	86420149	86420231
ENSG00000249406	17	48286333	48291820
ENSG00000223284	19	41213960	41214068
ENSG00000159214	1	44457031	44462200
ENSG00000233064	6	5851739	5870453
ENSG00000258699	14	89821404	89822915
ENSG00000261648	16	31558019	31558558
ENSG00000237234	6	112475967	112487670
ENSG00000196085	2	35444443	35444670
ENSG00000233622	19	41314430	41317295
ENSG00000201042	12	119326239	119326369
ENSG00000196696	16	70010200	70099851
ENSG00000257060	15	93855786	94112712
ENSG00000213547	16	31558126	31559058
ENSG00000258380	14	89866339	89875813
ENSG00000263176	17	48290294	48292718
ENSG00000231766	2	143858499	143858924
ENSG00000265301	2	35696471	35696552
ENSG00000155324	5	125695824	125832186
ENSG00000261475	16	31560464	31564888
ENSG00000273080	2	86422713	86423172
ENSG00000232054	X	123414380	123415272
ENSG00000239472	6	5918793	5919077
ENSG00000124508	6	26383324	26395102
ENSG00000251085	17	48292055	48292781
ENSG00000249572	5	33424131	33440725
ENSG00000224199	1	13196270	13199067
ENSG00000243280	4	113092371	113092683
ENSG00000099219	9	5765076	5833117
ENSG00000237118	19	41324626	41332677
ENSG00000221937	7	142919130	142920162
ENSG00000202537	2	86574185	86574318
ENSG00000207044	6	112517642	112517748
ENSG00000215057	6	5972645	5974245
ENSG00000234441	1	104210693	104210890
ENSG00000207255	2	35696671	35696774
ENSG00000257284	2	143919647	143929741
ENSG00000270661	6	112538841	112540771
ENSG00000249838	17	48313206	48313490
ENSG00000251974	2	86591259	86591388
ENSG00000249360	5	33502177	33503240
ENSG00000243452	1	148555979	148596267
ENSG00000226917	6	41470182	41487590
ENSG00000271208	6	112555366	112555959
ENSG00000236434	1	51730588	51731746
ENSG00000161981	16	103010	107669
ENSG00000227408	1	104256345	104262493
ENSG00000269843	19	41337126	41343115
ENSG00000239135	17	48322257	48322365
ENSG00000248701	5	86093502	86096097
ENSG00000228655	2	144052990	144238358
ENSG00000260526	4	113150717	113152752
ENSG00000251179	17	48358938	48365216
ENSG00000261664	1	51795326	51800996
ENSG00000229013	2	35696782	35696907
ENSG00000108424	17	45726842	45762871
ENSG00000266494	6	41566461	41566526
ENSG00000164008	1	43232940	43263968
ENSG00000251206	5	66563850	66566010
ENSG00000200563	2	86742327	86742431
ENSG00000259053	14	89878656	90421003
ENSG00000253275	8	31354939	31356128
ENSG00000230913	6	41634644	41635387
ENSG00000226440	6	112557294	112671296
ENSG00000130612	19	41396731	41406413
ENSG00000239201	12	92562176	92562653
ENSG00000104983	19	46498339	46524576
ENSG00000233394	1	13351482	13354323
ENSG00000242735	2	62373548	62374288
ENSG00000250583	5	33519721	33522335
ENSG00000272567	4	113194124	113194472
ENSG00000222468	8	31455615	31455720
ENSG00000232027	1	51837942	51838896
ENSG00000112308	6	24705089	24721064
ENSG00000258909	15	93960079	93965805
ENSG00000243738	9	123965437	123965712
ENSG00000173327	11	65365226	65382853
ENSG00000183506	22	21827289	21871822
ENSG00000228363	2	86789193	86845889
ENSG00000257640	2	144053155	144329674
ENSG00000268170	7	142919163	142919360
ENSG00000199895	12	92564129	92564229
ENSG00000264121	6	6046676	6046777
ENSG00000222306	4	113195228	113195309
ENSG00000226532	X	123460025	123460108
ENSG00000213185	10	124608594	124639157
ENSG00000266923	12	92815307	92877456
ENSG00000263572	6	6169567	6169642
ENSG00000258920	14	89883698	89886137
ENSG00000251441	4	113277291	113280975
ENSG00000258268	2	144276436	144355571
ENSG00000238843	1	156499122	156499221
ENSG00000242670	4	55087293	55087639
ENSG00000234587	2	35949825	35950208
ENSG00000253974	8	31883735	31996991
ENSG00000272037	8	103268620	103270049
ENSG00000214651	9	124000395	124002367
ENSG00000205056	12	92860227	92885867
ENSG00000265960	1	156557648	156557747
ENSG00000258787	15	93973888	93974446
ENSG00000249364	5	66675206	67101066
ENSG00000248184	4	55199059	55222121
ENSG00000225191	1	104469189	104470428
ENSG00000238533	8	103400754	103400863
ENSG00000231758	2	144398325	144413748
ENSG00000215182	11	1151580	1222364
ENSG00000272971	1	156584534	156585080
ENSG00000233752	2	36526531	36526973
ENSG00000130517	19	18451397	18480760
ENSG00000253923	8	103430207	103431181
ENSG00000206595	1	51847980	51848086
ENSG00000248518	4	55242169	55242919
ENSG00000216863	6	6346698	6623004
ENSG00000201623	5	33888161	33888267
ENSG00000231219	1	13379149	13381237
ENSG00000216663	6	112646955	112647951
ENSG00000238140	1	51927393	51929088
ENSG00000231102	6	41688134	41701770
ENSG00000258631	15	94133096	94304028
ENSG00000260025	2	36581892	36582257
ENSG00000272068	1	156607575	156610796
ENSG00000221387	8	103433425	103433550
ENSG00000257277	2	144433734	144498863
ENSG00000251264	4	55306669	55312890
ENSG00000269387	6	41732030	41732198
ENSG00000219773	6	112677043	112677916
ENSG00000271612	8	103463991	103464711
ENSG00000227070	1	51983981	52027301
ENSG00000229825	X	123466768	123467226
ENSG00000268745	6	41759148	41759215
ENSG00000250914	5	33970968	33972733
ENSG00000239593	9	124042141	124045008
ENSG00000236880	X	123822354	123822688
ENSG00000257226	2	144524189	144533642
ENSG00000240724	8	103515981	103516365
ENSG00000206977	6	41800592	41800731
ENSG00000207511	1	13384735	13384841
ENSG00000138032	2	44395108	44471523
ENSG00000252032	1	52004297	52004401
ENSG00000248697	4	113377080	113378941
ENSG00000238626	X	124062368	124062466
ENSG00000272405	1	156611458	156614679
ENSG00000227516	6	41836360	41837469
ENSG00000215807	6	112682639	112684039
ENSG00000237700	1	13411551	13414482
ENSG00000236356	2	144557036	144577168
ENSG00000232599	X	124337654	124338187
ENSG00000250456	4	55469378	55473298
ENSG00000264299	11	125827795	125828547
ENSG00000143847	1	202995626	203047868
ENSG00000035141	2	70523107	70529222
ENSG00000207371	6	41885154	41885264
ENSG00000243500	1	104615632	104616159
ENSG00000258754	15	94261771	94614049
ENSG00000249727	4	55702327	55711568
ENSG00000131236	1	40505905	40538321
ENSG00000229953	1	156616299	156631216
ENSG00000253222	8	32028898	32145082
ENSG00000227742	1	52027538	52060569
ENSG00000200287	2	144654831	144654929
ENSG00000206875	6	41986146	41986252
ENSG00000266485	6	112683050	112683141
ENSG00000252593	8	103545469	103545567
ENSG00000254759	11	125937434	125938496
ENSG00000251256	4	55711734	55725407
ENSG00000223946	6	41997791	41999120
ENSG00000232377	2	144694640	144721723
ENSG00000273090	2	36740398	36740875
ENSG00000235865	9	124043046	124047808
ENSG00000249509	4	113436541	113468037
ENSG00000253382	8	103633737	103634559
ENSG00000217770	6	112686906	112688646
ENSG00000215869	1	104615645	104619709
ENSG00000237588	1	156657487	156661789
ENSG00000271657	2	62395997	62398298
ENSG00000258262	12	92924236	92925100
ENSG00000263886	X	124421625	124421692
ENSG00000261068	6	42059976	42061997
ENSG00000256845	2	36816784	36818696
ENSG00000223356	1	156682004	156682966
ENSG00000248317	4	55809796	55822985
ENSG00000213489	X	124460746	124461870
ENSG00000266097	2	62432961	62433052
ENSG00000228347	1	104695928	104696452
ENSG00000213410	2	145208235	145208545
ENSG00000228229	1	13429634	13430113
ENSG00000250684	8	103700545	103701134
ENSG00000270677	2	36883465	36884084
ENSG00000239648	7	141503501	141504452
ENSG00000252261	8	32049544	32049669
ENSG00000176824	2	145218679	145221645
ENSG00000250767	5	33997149	33997829
ENSG00000238865	12	92938668	92938763
ENSG00000239958	2	62489524	62489806
ENSG00000221252	6	42379938	42380134
ENSG00000244422	4	55842326	55842538
ENSG00000198251	19	41414377	41416754
ENSG00000222518	X	124796899	124796989
ENSG00000242477	5	86180048	86180698
ENSG00000238809	2	62492130	62492233
ENSG00000104044	15	28000021	28344504
ENSG00000258012	12	93251855	93253049
ENSG00000237107	6	42467448	42467760
ENSG00000248147	5	124704456	124705035
ENSG00000205176	8	86568695	86575726
ENSG00000211581	1	156905923	156906036
ENSG00000261257	11	125970400	125972308
ENSG00000237208	X	125243745	125249545
ENSG00000227355	9	124137519	124214455
ENSG00000240677	7	141511605	141512057
ENSG00000270335	2	62576083	62577874
ENSG00000252756	2	37094541	37094638
ENSG00000264332	4	55877000	55877099
ENSG00000249677	5	124705858	124706617
ENSG00000204485	1	13607431	13611550
ENSG00000225036	1	105976616	105977443
ENSG00000266160	1	156955549	156955841
ENSG00000238611	6	42473238	42473344
ENSG00000254833	11	126030609	126045930
ENSG00000200246	8	32114012	32114139
ENSG00000232299	6	112797740	112802838
ENSG00000271771	5	34158226	34158872
ENSG00000252815	4	55898132	55898238
ENSG00000169282	3	155755490	156256545
ENSG00000266799	8	103745863	103745947
ENSG00000250402	5	124712527	124713132
ENSG00000228541	2	62690262	62691205
ENSG00000206848	6	42631900	42632006
ENSG00000128683	2	171669723	171717661
ENSG00000237842	1	157029024	157030554
ENSG00000265523	7	141559618	141559669
ENSG00000254049	8	32298262	32300241
ENSG00000251532	5	1544222	1551825
ENSG00000252518	2	37186505	37186605
ENSG00000250646	4	55919227	55958701
ENSG00000238057	2	145275664	145279058
ENSG00000239095	6	112797928	112798029
ENSG00000213435	6	42694972	42695438
ENSG00000254771	11	126049392	126049593
ENSG00000249061	5	86263138	86433529
ENSG00000253669	8	103817745	103822199
ENSG00000223524	8	86747543	86749570
ENSG00000240031	7	141562660	141563537
ENSG00000241625	2	62718313	62718601
ENSG00000224891	2	37375673	37376447
ENSG00000252215	6	112853384	112853487
ENSG00000250269	5	124718552	124719148
ENSG00000233702	2	62734680	62734958
ENSG00000244034	4	55929902	55930196
ENSG00000225580	6	112937905	112939082
ENSG00000254694	11	126078506	126078922
ENSG00000241216	6	6347314	6347614
ENSG00000251554	5	124731072	124731673
ENSG00000230916	X	125605688	125606386
ENSG00000255940	8	86756718	86758745
ENSG00000224520	1	157043049	157044495
ENSG00000239545	4	56081793	56082079
ENSG00000226075	7	62693413	62694623
ENSG00000237621	7	141586948	141587892
ENSG00000271498	6	113147141	113147672
ENSG00000260192	5	124828954	124937920
ENSG00000222067	11	126084155	126084373
ENSG00000239129	17	28210024	28210127
ENSG00000218868	6	6534930	6535864
ENSG00000250812	4	56085511	56086140
ENSG00000231113	6	42908102	42916098
ENSG00000250978	5	66759637	66771420
ENSG00000272327	8	32623643	32625477
ENSG00000215158	5	34164803	34244901
ENSG00000240098	11	126114930	126115175
ENSG00000201386	6	113292695	113292801
ENSG00000249950	5	125198439	125198886
ENSG00000251951	5	86398420	86398663
ENSG00000243607	11	126148152	126148472
ENSG00000137757	11	104864962	104893895
ENSG00000218490	6	113332139	113332617
ENSG00000261211	6	6680542	6683866
ENSG00000231501	X	125606711	125606867
ENSG00000229597	HSCHR6_MHC_QBL	32318107	32332375
ENSG00000197448	7	142941186	142967947
ENSG00000265919	5	86410696	86410771
ENSG00000147614	8	86999552	87166457
ENSG00000249904	5	125221978	125222446
ENSG00000185986	5	1568637	1594735
ENSG00000244292	7	141611017	141611743
ENSG00000206824	17	48463506	48463607
ENSG00000226281	6	6692977	6711235
ENSG00000206839	4	56160657	56160765
ENSG00000181524	6	42924083	42924503
ENSG00000196433	X	1733894	1761974
ENSG00000230768	1	106130197	106161580
ENSG00000241888	5	125302470	125303778
ENSG00000212407	8	32769011	32769116
ENSG00000253102	17	48473799	48475249
ENSG00000250464	4	56179178	56180091
ENSG00000216904	6	113543368	113545274
ENSG00000253385	8	103866683	103868303
ENSG00000252453	2	86813263	86813353
ENSG00000264338	X	125606792	125606865
ENSG00000243103	14	51104412	51104699
ENSG00000244550	7	62693493	62702023
ENSG00000224532	6	6758509	6759524
ENSG00000248752	5	125412493	125615493
ENSG00000238855	11	126151552	126151649
ENSG00000269906	14	51129229	51129896
ENSG00000262759	17	48527540	48528086
ENSG00000247134	8	32853696	32902373
ENSG00000232606	2	145324002	145337001
ENSG00000253263	8	103904104	103905836
ENSG00000229503	2	62759718	62760194
ENSG00000254905	11	126162817	126164149
ENSG00000272223	6	43001635	43002143
ENSG00000219986	6	6795148	6795635
ENSG00000248107	5	125515270	125529543
ENSG00000240651	7	62701968	62708699
ENSG00000251111	4	56217979	56218575
ENSG00000223811	6	113678205	113689146
ENSG00000244052	8	103935599	103936483
ENSG00000241243	5	86590008	86590290
ENSG00000240268	7	141940559	141946886
ENSG00000257271	11	126413842	126480843
ENSG00000220948	11	48997053	49003247
ENSG00000235700	1	157098154	157098463
ENSG00000258627	15	94368287	94368388
ENSG00000240625	6	43003936	43004238
ENSG00000256612	19	41430124	41456565
ENSG00000224581	1	13632348	13635279
ENSG00000232316	6	113749742	113754623
ENSG00000204136	9	124207269	124262306
ENSG00000265637	5	125532528	125532608
ENSG00000249451	17	48580773	48585689
ENSG00000229961	1	157155178	157157195
ENSG00000267512	19	13250431	13251961
ENSG00000232177	X	125606868	125607264
ENSG00000164627	6	39297766	39693181
ENSG00000272170	6	43042069	43042477
ENSG00000223342	6	6901255	6918948
ENSG00000254607	11	126522747	126551999
ENSG00000227850	1	106240661	106240840
ENSG00000250602	5	125769197	125826063
ENSG00000228239	1	157202021	157206926
ENSG00000259123	15	94380840	94396210
ENSG00000232144	2	62779598	62780569
ENSG00000221643	1	203698709	203698833
ENSG00000236638	7	62723443	62723834
ENSG00000201216	8	103962695	103962792
ENSG00000250286	17	48614655	48616115
ENSG00000240936	6	6938835	6939130
ENSG00000222677	6	113836189	113836285
ENSG00000267598	19	13263885	13265007
ENSG00000265898	8	103973041	103973148
ENSG00000271736	1	157250506	157252858
ENSG00000245261	6	43181539	43191598
ENSG00000226414	X	125863087	125864209
ENSG00000227417	1	203774749	203775391
ENSG00000236347	6	113852320	113864995
ENSG00000203498	6	6993424	6995787
ENSG00000236973	1	52172810	52173809
ENSG00000237189	1	157257493	157257843
ENSG00000258476	15	94406338	94421585
ENSG00000182771	10	87359312	88126250
ENSG00000254281	8	103991013	104012412
ENSG00000254764	11	49007423	49013433
ENSG00000222939	5	66760350	66760436
ENSG00000185037	7	62751896	62764434
ENSG00000219222	6	43277969	43278095
ENSG00000237897	1	106433315	106434052
ENSG00000251762	6	7040693	7040779
ENSG00000218208	6	113902703	113903149
ENSG00000253663	8	104028972	104029817
ENSG00000233159	2	37421525	37421880
ENSG00000233673	2	87098424	87149816
ENSG00000236731	1	157599729	157600518
ENSG00000254938	11	126790084	126810555
ENSG00000239870	5	66904482	66904958
ENSG00000249700	4	56230138	56262014
ENSG00000213253	19	13268773	13269602
ENSG00000225092	6	7183316	7185520
ENSG00000250107	17	48633568	48639469
ENSG00000200347	5	125888994	125889094
ENSG00000239395	1	247875115	247887066
ENSG00000259961	1	13839715	13842765
ENSG00000223505	1	203804713	203805040
ENSG00000205044	11	49035495	49037446
ENSG00000230595	2	62788193	62788558
ENSG00000230929	5	125963709	125964011
ENSG00000272054	2	37436018	37439820
ENSG00000254960	11	126810642	126814986
ENSG00000201483	6	7187815	7187919
ENSG00000254236	8	104032415	104033656
ENSG00000220614	6	43295872	43296214
ENSG00000258831	15	94425311	94429972
ENSG00000232028	2	37552483	37553940
ENSG00000232952	1	106434361	106436139
ENSG00000249736	5	66928094	66942617
ENSG00000238221	6	7276264	7299105
ENSG00000215909	1	13881496	13882189
ENSG00000253795	8	104097879	104098818
ENSG00000271119	5	1594741	1611582
ENSG00000222409	15	94440141	94440256
ENSG00000266650	6	113924117	113924227
ENSG00000213630	5	125999029	125999260
ENSG00000069998	22	17618401	17646177
ENSG00000236430	1	203841702	203843315
ENSG00000228963	3	125443382	125444288
ENSG00000228336	1	247938212	247939138
ENSG00000226622	2	62817390	62889789
ENSG00000207364	2	37558913	37559019
ENSG00000258785	15	94443930	94527379
ENSG00000130513	19	18485541	18499986
ENSG00000249768	5	126073130	126073687
ENSG00000254801	11	49092304	49092552
ENSG00000219375	6	7331519	7331909
ENSG00000230943	6	113944737	113971276
ENSG00000253078	2	37662653	37662751
ENSG00000179157	6	43331217	43331957
ENSG00000222952	1	13949679	13949779
ENSG00000232846	1	52174734	52175612
ENSG00000226587	7	62787052	62814704
ENSG00000233047	1	106470246	106565834
ENSG00000251072	5	126087655	126112178
ENSG00000239978	3	125453138	125454041
ENSG00000236213	2	37827279	37873841
ENSG00000233712	1	157606090	157610091
ENSG00000266358	1	13950397	13950497
ENSG00000214022	7	150065278	150071133
ENSG00000232908	1	247990788	247991804
ENSG00000253556	8	104101024	104102899
ENSG00000229361	11	49103459	49104649
ENSG00000220472	6	7339072	7339801
ENSG00000247121	5	96149731	96271513
ENSG00000226674	2	145425534	145940216
ENSG00000222203	X	100543905	100543999
ENSG00000237445	1	13983806	13986405
ENSG00000254346	8	32871599	32872544
ENSG00000255409	11	77449725	77450613
ENSG00000125861	20	3639939	3644046
ENSG00000227298	7	62803089	62803578
ENSG00000175352	11	9002123	9025596
ENSG00000253085	1	14022565	14022694
ENSG00000202024	X	100580392	100580498
ENSG00000236572	2	37971476	37974189
ENSG00000252185	5	126091008	126091109
ENSG00000230576	1	247996651	247997590
ENSG00000221559	6	114026035	114026125
ENSG00000259724	15	94448634	94651167
ENSG00000132763	1	45965725	45976739
ENSG00000141644	18	47793252	47808144
ENSG00000270813	X	100592713	100593277
ENSG00000252151	1	14450728	14450830
ENSG00000232917	1	203872851	203873147
ENSG00000214743	5	126478774	126478939
ENSG00000226558	6	43331958	43332032
ENSG00000230570	6	7341087	7342289
ENSG00000265166	3	125455059	125455146
ENSG00000212624	1	52190447	52190568
ENSG00000253091	6	114102518	114102667
ENSG00000255452	11	49113956	49114319
ENSG00000215156	5	34190161	34193758
ENSG00000237480	1	106615869	106627121
ENSG00000231606	1	14548386	14549613
ENSG00000232165	7	62806218	62807110
ENSG00000219529	11	77524365	77524722
ENSG00000226191	1	248099363	248100815
ENSG00000183911	X	100594905	100595922
ENSG00000250080	5	126506227	126507958
ENSG00000207076	6	43441924	43442030
ENSG00000179170	3	125465927	125466941
ENSG00000252177	19	13486743	13486827
ENSG00000214642	6	49936390	49937338
ENSG00000231912	6	114113032	114158556
ENSG00000266993	1	52259637	52264824
ENSG00000227217	1	157661552	157666249
ENSG00000249238	5	66932210	66934770
ENSG00000234593	1	14675450	14677518
ENSG00000201806	2	98281054	98281194
ENSG00000271754	6	43486918	43487462
ENSG00000267633	19	13882932	13884932
ENSG00000254459	11	77540700	77583308
ENSG00000248126	5	1598242	1598362
ENSG00000229659	10	75182017	75182454
ENSG00000273257	4	56254116	56254438
ENSG00000254412	11	49119715	49122720
ENSG00000239432	3	125474929	125475305
ENSG00000225402	2	38044058	38045104
ENSG00000233503	6	7481327	7482827
ENSG00000231700	1	157678876	157679433
ENSG00000271585	5	126512388	126512742
ENSG00000219470	6	43506559	43507440
ENSG00000272175	1	52266700	52266979
ENSG00000254691	11	77561650	77562557
ENSG00000227545	7	62809532	62810437
ENSG00000230932	1	106623423	106624001
ENSG00000219758	6	114160463	114160808
ENSG00000250669	5	66985861	66986265
ENSG00000203615	4	56277189	56277313
ENSG00000267582	19	13907388	13907747
ENSG00000253977	8	104103491	104103737
ENSG00000187808	X	118892576	118894164
ENSG00000212076	1	52302013	52302082
ENSG00000235734	2	98443711	98444013
ENSG00000237379	1	203923768	203924908
ENSG00000272840	3	125493557	125516796
ENSG00000255449	11	77577458	77581137
ENSG00000266770	19	13925880	13926133
ENSG00000239040	4	56278803	56278905
ENSG00000260646	16	1562980	1564676
ENSG00000249721	5	66988640	66989028
ENSG00000270342	1	107086964	107087366
ENSG00000230604	1	52325450	52325807
ENSG00000250976	17	48640564	48641144
ENSG00000232366	1	157693970	157694810
ENSG00000219993	6	7506436	7506782
ENSG00000266344	10	75188425	75188494
ENSG00000258895	15	94576887	94577406
ENSG00000224830	1	248102275	248102961
ENSG00000235829	1	15018625	15019109
ENSG00000255338	11	49132308	49132772
ENSG00000238585	4	56367762	56367875
ENSG00000267519	19	13945330	13947173
ENSG00000239804	3	125506731	125506989
ENSG00000241782	11	77579768	77580241
ENSG00000260954	16	1629243	1630309
ENSG00000250956	5	126515448	126515592
ENSG00000252218	6	43511881	43512007
ENSG00000223305	4	56406669	56407002
ENSG00000237492	1	248138043	248138955
ENSG00000124140	20	44650356	44688784
ENSG00000249380	5	34373133	34373955
ENSG00000211554	1	203968373	203968471
ENSG00000221737	3	125509247	125509395
ENSG00000271970	6	43529609	43530156
ENSG00000238563	6	114162001	114162089
ENSG00000252436	2	62953771	62953875
ENSG00000265104	5	126596628	126596690
ENSG00000212174	1	52331305	52331381
ENSG00000203795	10	124670217	124672627
ENSG00000207808	19	13947254	13947331
ENSG00000234115	6	7516833	7518073
ENSG00000272969	4	56413279	56414056
ENSG00000198918	X	118920467	118925606
ENSG00000151923	10	121334199	121356541
ENSG00000221132	X	100682381	100682483
ENSG00000226605	2	63053199	63085573
ENSG00000227502	6	114189178	114194516
ENSG00000255115	11	77626036	77626321
ENSG00000265769	1	52366592	52366643
ENSG00000249577	5	126801514	126801810
ENSG00000203362	6	43555967	43559099
ENSG00000145423	4	154701744	154710272
ENSG00000270976	1	107322845	107323057
ENSG00000260989	16	1630528	1660329
ENSG00000242229	3	125513949	125514728
ENSG00000227425	1	157830987	157831250
ENSG00000224227	1	248153569	248154506
ENSG00000271874	5	34651562	34651993
ENSG00000146426	6	155153831	155578857
ENSG00000212022	15	94624327	94624420
ENSG00000251923	4	56664802	56664897
ENSG00000203970	6	49976851	49989694
ENSG00000207980	19	13947401	13947473
ENSG00000254993	11	49138571	49146122
ENSG00000234557	X	100698695	100699091
ENSG00000233449	1	107345377	107346049
ENSG00000200839	1	52439082	52439207
ENSG00000221817	10	75255283	75279828
ENSG00000238719	2	98529517	98529580
ENSG00000261189	6	7540684	7541571
ENSG00000218107	6	43673686	43674488
ENSG00000250821	4	56686169	56703548
ENSG00000258570	15	94711578	94711980
ENSG00000226890	16	1675629	1676161
ENSG00000104112	15	51973550	52013223
ENSG00000176754	1	204001575	204010393
ENSG00000207613	19	13985513	13985622
ENSG00000250421	5	66995257	67198428
ENSG00000199442	1	248160302	248160398
ENSG00000254829	11	77726761	77727541
ENSG00000241346	3	125534925	125535129
ENSG00000229032	1	52446145	52446486
ENSG00000164161	4	145567173	145666423
ENSG00000231635	2	98822614	98824187
ENSG00000175967	6	114225302	114242806
ENSG00000163806	2	29005383	29073477
ENSG00000232215	1	248166431	248167370
ENSG00000232551	1	107347096	107348654
ENSG00000207585	19	13985689	13985825
ENSG00000237803	2	38053390	38103417
ENSG00000236961	6	43690523	43705571
ENSG00000261399	16	1763528	1764209
ENSG00000254675	11	77733979	77734767
ENSG00000254567	11	49155205	49156352
ENSG00000236512	6	7620655	7621111
ENSG00000236957	1	157894855	157918861
ENSG00000237162	2	63167051	63167417
ENSG00000237682	X	100792472	100794263
ENSG00000267670	19	14141667	14142369
ENSG00000202358	4	56751761	56751867
ENSG00000200085	1	248192422	248192523
ENSG00000175147	1	15442448	15478960
ENSG00000272114	6	43738166	43738353
ENSG00000222954	4	56796148	56796239
ENSG00000252494	11	77844466	77844568
ENSG00000258632	15	94816725	94817234
ENSG00000188002	5	1599035	1634120
ENSG00000264613	1	52461412	52461709
ENSG00000200982	1	248209090	248209191
ENSG00000007384	16	108058	126354
ENSG00000223469	6	43819494	43820070
ENSG00000136859	9	129849611	129885162
ENSG00000200741	4	56963556	56963670
ENSG00000228887	19	14181154	14182052
ENSG00000223390	1	52499063	52509951
ENSG00000255532	11	49327266	49401221
ENSG00000248439	4	113451527	113451828
ENSG00000231609	2	63271057	63275775
ENSG00000197067	1	248246936	248247898
ENSG00000217746	6	7938663	7939555
ENSG00000252489	4	57154651	57154750
ENSG00000241288	3	125546081	125607918
ENSG00000266215	11	126858354	126858438
ENSG00000237686	6	43963460	44042389
ENSG00000250324	4	57186885	57187500
ENSG00000271766	5	126813987	126814429
ENSG00000189325	6	36283534	36304662
ENSG00000228369	1	52516590	52518355
ENSG00000265820	16	1784986	1785067
ENSG00000246174	11	77850817	77886369
ENSG00000131504	5	140894583	140998622
ENSG00000250966	4	113486144	113486554
ENSG00000255317	11	126862348	126865354
ENSG00000250859	5	126847156	126848534
ENSG00000261207	16	1801560	1802263
ENSG00000251823	4	57197343	57197383
ENSG00000219294	6	7986730	7988425
ENSG00000175489	19	18501954	18508427
ENSG00000237460	1	107360861	107380789
ENSG00000241745	1	52615777	52616089
ENSG00000248799	5	126987385	126999721
ENSG00000242083	4	57222301	57223098
ENSG00000260541	16	1891021	1893548
ENSG00000250234	5	34656517	34657355
ENSG00000228407	1	52625933	52626272
ENSG00000218109	11	126872805	126875953
ENSG00000232234	6	8329888	8342688
ENSG00000267783	19	14229918	14230349
ENSG00000177233	1	248285234	248286184
ENSG00000265518	6	43980738	43980838
ENSG00000204072	X	100852488	100853649
ENSG00000260359	15	95024040	95027181
ENSG00000249532	4	113567632	113571207
ENSG00000265999	16	1925658	1925735
ENSG00000216112	2	98913401	98913488
ENSG00000269921	4	57253791	57254319
ENSG00000238883	1	107991091	107991177
ENSG00000235198	10	119321595	119331968
ENSG00000231881	6	44041650	44045689
ENSG00000272323	5	34837654	34839383
ENSG00000227987	2	98963458	98967603
ENSG00000259331	15	95143243	95144050
ENSG00000259947	16	1939115	1940435
ENSG00000224550	1	108047825	108048070
ENSG00000228624	6	114290865	114792869
ENSG00000234763	6	8342170	8343254
ENSG00000267169	19	14247991	14282079
ENSG00000255020	8	11203257	11205011
ENSG00000183239	6	44056979	44057433
ENSG00000270147	4	57262478	57263037
ENSG00000229255	1	248647546	248648785
ENSG00000260521	15	95398703	95400143
ENSG00000223429	1	52627858	52628698
ENSG00000256527	11	126873298	126874130
ENSG00000265536	1	108318796	108318878
ENSG00000234952	10	119494824	119495918
ENSG00000230561	5	127039082	127277326
ENSG00000270109	4	57330324	57330745
ENSG00000226520	1	157995340	158000956
ENSG00000215720	1	15518324	15519341
ENSG00000230489	1	108507065	108537229
ENSG00000263041	10	119585414	119590029
ENSG00000270017	15	95398815	95400240
ENSG00000240803	19	14323864	14324131
ENSG00000262179	6	44184676	44185973
ENSG00000235848	2	38177144	38294184
ENSG00000248590	4	57459170	57461847
ENSG00000251164	6	8652370	8654079
ENSG00000267723	19	14365001	14404017
ENSG00000249894	5	67096568	67185924
ENSG00000265667	8	104104852	104104949
ENSG00000231666	1	158101834	158110429
ENSG00000264753	1	108561275	108561393
ENSG00000255546	11	126891649	126923448
ENSG00000123447	11	49426527	49437299
ENSG00000223149	5	67263273	67263379
ENSG00000228275	X	100877973	100879154
ENSG00000271934	1	248661609	248661929
ENSG00000250929	8	104133260	104145194
ENSG00000233485	1	15653176	15670372
ENSG00000258433	15	95577613	95578966
ENSG00000199169	4	113569030	113569097
ENSG00000226822	1	108614104	108617141
ENSG00000224255	1	52645520	52646225
ENSG00000231104	10	119776998	119805321
ENSG00000250140	5	34860888	34861611
ENSG00000234940	2	145445980	145447752
ENSG00000242483	8	11236904	11237200
ENSG00000199145	4	113569160	113569227
ENSG00000254496	11	49427742	49428266
ENSG00000230939	6	8784411	8785678
ENSG00000254420	11	78035804	78155095
ENSG00000236045	1	15660662	15661960
ENSG00000258773	15	95623324	95676088
ENSG00000224521	1	248712057	248727140
ENSG00000244112	12	119431662	119431956
ENSG00000265657	8	104166842	104166917
ENSG00000261065	1	204100190	204101094
ENSG00000168314	3	39508689	39570970
ENSG00000147613	8	87060602	87100850
ENSG00000261101	X	100882858	100883508
ENSG00000207927	4	113569339	113569407
ENSG00000227295	1	158145640	158147545
ENSG00000236564	2	99310572	99311953
ENSG00000254649	11	78099107	78103451
ENSG00000256031	12	119438581	119439647
ENSG00000228140	1	15729475	15735929
ENSG00000241250	4	57576226	57576780
ENSG00000235352	2	145512343	145513565
ENSG00000230550	1	204110536	204112137
ENSG00000199102	4	113569519	113569586
ENSG00000260879	1	108742548	108744113
ENSG00000251323	11	78135028	78140882
ENSG00000265700	6	44221943	44222022
ENSG00000206525	HSCHR6_MHC_QBL	29011990	29013017
ENSG00000235960	HSCHR6_MHC_DBB	30121295	30130785
ENSG00000199368	8	11249920	11250026
ENSG00000227040	4	57627085	57627651
ENSG00000220924	4	113606211	113606659
ENSG00000248441	15	95819690	95870358
ENSG00000238122	1	108803818	108816311
ENSG00000229914	1	158165423	158165921
ENSG00000236004	1	52655588	52655981
ENSG00000241829	5	34883162	34883625
ENSG00000269954	8	11409997	11410500
ENSG00000266619	6	44403378	44403459
ENSG00000225522	1	204152134	204152665
ENSG00000268580	2	145635301	145639600
ENSG00000240545	4	57660516	57660808
ENSG00000257095	12	119468844	119554766
ENSG00000247081	8	104169218	104311000
ENSG00000225775	6	9124454	9162010
ENSG00000149742	11	63137261	63177766
ENSG00000237530	6	44492996	44494491
ENSG00000235435	2	146051845	146089415
ENSG00000250046	4	113614203	113627966
ENSG00000251866	1	15868660	15868799
ENSG00000071054	2	102313312	102511149
ENSG00000265894	4	57672000	57672295
ENSG00000207291	X	100888994	100889100
ENSG00000231691	1	204246133	204247076
ENSG00000227102	1	248712745	248713063
ENSG00000176320	1	158167712	158173667
ENSG00000251799	4	57684384	57684480
ENSG00000272510	1	15892106	15892451
ENSG00000252664	Y	18174646	18174709
ENSG00000254774	8	11410733	11411716
ENSG00000237663	1	52717734	52718445
ENSG00000255084	11	78244222	78269611
ENSG00000206524	HSCHR6_MHC_QBL	29053987	29055092
ENSG00000269949	4	57827093	57827539
ENSG00000252689	Y	18250128	18250259
ENSG00000270900	6	44866448	44867032
ENSG00000237301	1	15912631	15930121
ENSG00000219133	1	204315904	204316386
ENSG00000241361	1	108815565	108918572
ENSG00000230942	1	158236543	158237110
ENSG00000201602	1	248758226	248758334
ENSG00000248633	4	113614615	113614948
ENSG00000253036	2	146092638	146092740
ENSG00000223753	X	100938779	100939448
ENSG00000216368	6	10118685	10119486
ENSG00000238579	4	57860241	57860336
ENSG00000251032	5	127120310	127122734
ENSG00000219384	6	45126607	45127248
ENSG00000256884	12	119611870	119614289
ENSG00000271701	1	248764717	248765170
ENSG00000232973	2	38302791	38408997
ENSG00000214064	2	146094798	146095625
ENSG00000251703	4	57868858	57868958
ENSG00000255518	8	11413760	11415531
ENSG00000235084	1	15931077	15931538
ENSG00000241002	4	113659828	113660262
ENSG00000229703	1	248855492	248862411
ENSG00000008438	19	46522411	46526323
ENSG00000266560	X	151283466	151307028
ENSG00000252033	11	78290300	78290401
ENSG00000159202	17	46985731	47006418
ENSG00000117450	1	45976708	45988719
ENSG00000207769	6	45165411	45165507
ENSG00000250384	4	57938849	57939298
ENSG00000157800	7	139993493	140104233
ENSG00000202536	4	113676973	113677073
ENSG00000254697	11	78292720	78293201
ENSG00000180872	6	50011288	50016364
ENSG00000203758	1	158414858	158415804
ENSG00000229765	6	10214114	10214595
ENSG00000226330	1	204346978	204404974
ENSG00000212584	X	100946553	100946658
ENSG00000225107	2	146326862	146345592
ENSG00000271857	6	45388816	45389742
ENSG00000160957	8	145736667	145743229
ENSG00000174775	11	532242	537287
ENSG00000238541	4	57972409	57972511
ENSG00000145740	5	68389473	68426896
ENSG00000206522	HSCHR6_MHC_QBL	29079675	29080610
ENSG00000252173	Y	18360815	18360921
ENSG00000255354	8	11415975	11417529
ENSG00000259134	15	95976324	96051076
ENSG00000226791	2	99378401	99388543
ENSG00000261080	6	45541083	45544507
ENSG00000237848	1	204363669	204363902
ENSG00000178026	22	24981588	24989175
ENSG00000226218	2	146358475	146360991
ENSG00000251239	17	48704393	48709301
ENSG00000245067	4	57975928	58071676
ENSG00000240299	9	124256797	124257097
ENSG00000254563	11	78460295	78467525
ENSG00000229090	X	100975313	100976682
ENSG00000252738	6	45613841	45613912
ENSG00000232694	1	248881947	248885506
ENSG00000221583	6	10222269	10222394
ENSG00000262967	17	48770809	48772810
ENSG00000212468	6	45986482	45986588
ENSG00000236257	1	158423988	158425063
ENSG00000234746	HSCHR6_MHC_QBL	29141323	29142363
ENSG00000266550	11	78684766	78684854
ENSG00000252417	1	15934573	15934640
ENSG00000242529	1	248885294	248885502
ENSG00000236779	1	204497973	204498820
ENSG00000213735	1	52719293	52719848
ENSG00000243050	8	58305105	58305441
ENSG00000250603	5	127174178	127193496
ENSG00000027697	6	137518621	137540586
ENSG00000216781	6	10365826	10366815
ENSG00000231769	6	46064830	46097443
ENSG00000236500	1	15941138	15941362
ENSG00000213467	9	124282095	124282703
ENSG00000205531	11	2965667	3013607
ENSG00000255345	11	78803893	78809048
ENSG00000200408	1	204531541	204531649
ENSG00000234119	2	146583853	146585398
ENSG00000170983	8	11433822	11438851
ENSG00000266159	HG1308_PATCH	130332302	130351086
ENSG00000260883	16	31565426	31566233
ENSG00000224399	HSCHR6_MHC_MCF	33338586	33342580
ENSG00000236656	1	158444244	158464676
ENSG00000206308	HSCHR6_MHC_QBL	32365090	32370300
ENSG00000201070	2	99398873	99399011
ENSG00000272100	1	52819159	52819549
ENSG00000271742	1	16009368	16009623
ENSG00000124019	2	225243415	225266802
ENSG00000240710	1	204572163	204585693
ENSG00000258489	15	96006821	96036999
ENSG00000253821	8	58405443	58504118
ENSG00000238830	2	99457138	99457199
ENSG00000229349	6	46172466	46175123
ENSG00000264048	1	16010967	16011053
ENSG00000147144	X	48911101	48927509
ENSG00000008197	6	50681541	50740701
ENSG00000204869	19	46543006	46580376
ENSG00000197136	11	65383244	65404910
ENSG00000224680	1	52834349	52834916
ENSG00000229663	1	249065834	249067991
ENSG00000258138	HSCHR6_MHC_QBL	29143289	29163375
ENSG00000237938	1	16049214	16063391
ENSG00000178146	X	101033942	101035511
ENSG00000166226	12	69979114	69995350
ENSG00000252940	9	124302155	124302241
ENSG00000252057	8	58469144	58469195
ENSG00000240219	1	204595903	204598840
ENSG00000207452	5	86595504	86595614
ENSG00000222076	15	96289033	96289223
ENSG00000239063	1	52877114	52877194
ENSG00000226541	6	46406047	46406356
ENSG00000227203	8	11647514	11647897
ENSG00000253322	8	58506725	58717588
ENSG00000229854	9	124337170	124338493
ENSG00000224459	1	16066546	16076391
ENSG00000272371	1	53020490	53020945
ENSG00000252731	1	204622230	204622314
ENSG00000212082	5	35034257	35034347
ENSG00000229950	6	10409573	10416679
ENSG00000259348	15	96571318	96590159
ENSG00000220550	HSCHR6_MHC_QBL	29384966	29408622
ENSG00000198703	1	158461009	158461950
ENSG00000250192	4	58020743	58022618
ENSG00000236466	6	46459789	46500495
ENSG00000228153	1	204633000	204633741
ENSG00000272367	5	86672073	86672997
ENSG00000264500	1	249120576	249120642
ENSG00000236290	1	53038786	53039488
ENSG00000233842	2	146672658	146688714
ENSG00000250886	5	35081325	35082094
ENSG00000224321	1	16119291	16119780
ENSG00000261741	16	31574403	31579037
ENSG00000254139	8	58658708	58662758
ENSG00000205837	2	6868309	6910442
ENSG00000259702	15	96592504	96607655
ENSG00000177868	1	43272723	43282954
ENSG00000252650	1	204676448	204676558
ENSG00000227237	1	249153363	249158995
ENSG00000245937	5	127276118	127418864
ENSG00000169084	X	2137557	2420846
ENSG00000243920	4	58219165	58219495
ENSG00000216723	6	114340785	114341647
ENSG00000261534	9	124577953	124581731
ENSG00000233664	1	53174794	53175114
ENSG00000251905	2	146902724	146902785
ENSG00000174788	19	7696497	7698634
ENSG00000251861	1	204697119	204697234
ENSG00000233954	1	16133679	16134194
ENSG00000136689	2	113864791	113891593
ENSG00000102977	16	67691415	67694713
ENSG00000252946	1	204873875	204873946
ENSG00000230559	2	146951864	146952389
ENSG00000227445	1	158484575	158485715
ENSG00000200495	1	249206889	249206994
ENSG00000216471	6	114405332	114405956
ENSG00000242973	6	46638181	46655902
ENSG00000239640	1	53180071	53180365
ENSG00000231937	X	151307355	151355329
ENSG00000248505	4	58292038	58332152
ENSG00000229657	1	204915736	204916297
ENSG00000233084	1	249230780	249231242
ENSG00000252948	Y	28507136	28507239
ENSG00000235196	X	101166502	101167045
ENSG00000252018	1	53219994	53220134
ENSG00000200462	5	86716158	86716264
ENSG00000212333	6	114541845	114541950
ENSG00000201368	5	35429166	35429378
ENSG00000248544	5	156802749	156811958
ENSG00000227134	2	147234995	147235681
ENSG00000238441	5	35633065	35633126
ENSG00000228929	1	53237866	53238320
ENSG00000221599	6	114598549	114598642
ENSG00000253376	8	58802135	58803368
ENSG00000233843	Y	28546758	28547377
ENSG00000178715	1	16154724	16155167
ENSG00000228478	6	10423373	10426409
ENSG00000243967	1	108918460	108953436
ENSG00000248969	5	35678586	35827120
ENSG00000218089	6	114670647	114671812
ENSG00000252810	X	101170562	101170668
ENSG00000252205	X	151419044	151419148
ENSG00000210049	MT	577	647
ENSG00000249362	5	86957859	86974964
ENSG00000211459	MT	648	1601
ENSG00000247809	15	96670598	96870590
ENSG00000188624	19	46623328	46627931
ENSG00000269899	8	11703663	11703900
ENSG00000210077	MT	1602	1670
ENSG00000207957	X	151560691	151560771
ENSG00000253155	5	156849447	156849881
ENSG00000210082	MT	1671	3229
ENSG00000209082	MT	3230	3304
ENSG00000206517	HSCHR6_MHC_QBL	29393173	29424735
ENSG00000251696	1	205031380	205031470
ENSG00000248349	5	35896290	35896392
ENSG00000198526	2	147345012	147346878
ENSG00000205293	8	58890917	58896685
ENSG00000235976	X	101244454	101244845
ENSG00000231434	1	158493462	158495628
ENSG00000183674	6	10429488	10435107
ENSG00000206627	1	53270780	53270884
ENSG00000236164	6	46726033	46728895
ENSG00000271580	1	205060291	205061074
ENSG00000257195	12	93277549	93278476
ENSG00000198888	MT	3307	4262
ENSG00000144158	2	114415485	114416252
ENSG00000143971	2	67624451	67637677
ENSG00000232395	6	114798514	114809916
ENSG00000210100	MT	4263	4331
ENSG00000242391	1	53346888	53347402
ENSG00000210107	MT	4329	4400
ENSG00000225730	6	46871208	46876815
ENSG00000249748	5	35938924	35940095
ENSG00000210112	MT	4402	4469
ENSG00000236108	1	205103774	205104078
ENSG00000179743	1	16160560	16174642
ENSG00000271583	2	147591069	147591606
ENSG00000230953	1	53386094	53386268
ENSG00000211583	X	151561893	151562001
ENSG00000198763	MT	4470	5511
ENSG00000213041	1	205171319	205171870
ENSG00000202534	12	93346415	93346521
ENSG00000248708	5	87008952	87029086
ENSG00000210117	MT	5512	5579
ENSG00000231040	2	147595317	147607878
ENSG00000238818	1	16237392	16237492
ENSG00000210127	MT	5587	5655
ENSG00000253523	8	58943893	58945241
ENSG00000253519	5	156992972	156996106
ENSG00000226079	6	114844615	114857039
ENSG00000210135	MT	5657	5729
ENSG00000231237	1	158664329	158665299
ENSG00000257345	12	93392994	93413596
ENSG00000270620	1	16244193	16244403
ENSG00000210140	MT	5761	5826
ENSG00000271328	6	47336679	47336966
ENSG00000210144	MT	5826	5891
ENSG00000237548	9	124646915	124725998
ENSG00000225063	1	205202949	205205995
ENSG00000207818	X	151562884	151562964
ENSG00000252068	5	157006505	157006607
ENSG00000251591	5	36071893	36072181
ENSG00000226268	11	49455025	49455990
ENSG00000231866	1	53390921	53391095
ENSG00000251882	6	115188037	115188140
ENSG00000159314	17	43471275	43511787
ENSG00000198077	19	41381344	41388657
ENSG00000255144	8	11753359	11754379
ENSG00000266330	6	47430587	47430652
ENSG00000175509	2	114425055	114426198
ENSG00000253116	8	59004001	59018853
ENSG00000149451	20	3648612	3662893
ENSG00000219619	6	115679662	115679916
ENSG00000235363	1	205320375	205320599
ENSG00000198804	MT	5904	7445
ENSG00000270761	6	47444979	47445308
ENSG00000227902	2	147637477	147655786
ENSG00000207756	5	36147994	36148090
ENSG00000210151	MT	7446	7514
ENSG00000264834	1	53394346	53394444
ENSG00000210154	MT	7518	7585
ENSG00000266583	9	124882361	124882446
ENSG00000254336	5	157031715	157032645
ENSG00000201223	5	36155221	36155324
ENSG00000223940	X	151648049	151649496
ENSG00000266188	1	53400602	53400689
ENSG00000180437	1	158693903	158694902
ENSG00000197410	4	155153399	155412930
ENSG00000254732	11	57509635	57560715
ENSG00000198712	MT	7586	8269
ENSG00000199762	6	47456803	47456906
ENSG00000226235	1	205342380	205356568
ENSG00000197071	5	87514708	87515080
ENSG00000254948	8	11777409	11778318
ENSG00000257322	12	93397191	93609455
ENSG00000245711	5	36221157	36222004
ENSG00000210156	MT	8295	8364
ENSG00000238860	2	148081539	148081643
ENSG00000242595	8	59025748	59026181
ENSG00000234607	1	16296127	16296689
ENSG00000265815	1	53405986	53406085
ENSG00000232615	5	1614951	1616449
ENSG00000216813	6	47530358	47530754
ENSG00000228253	MT	8366	8572
ENSG00000207225	2	148165910	148166016
ENSG00000238118	1	108926358	108963917
ENSG00000054654	14	64319683	64693165
ENSG00000272317	9	125018212	125018309
ENSG00000237279	1	53409208	53409602
ENSG00000228777	6	115954706	115955355
ENSG00000229401	6	10434549	10457014
ENSG00000221289	2	148224198	148224282
ENSG00000264227	9	125061389	125061642
ENSG00000222178	5	36485445	36485542
ENSG00000198899	MT	8527	9207
ENSG00000071246	14	77228532	77249354
ENSG00000199059	1	205417430	205417526
ENSG00000205035	11	49580098	49831971
ENSG00000019169	2	119699742	119752236
ENSG00000226119	X	101261856	101262267
ENSG00000207161	2	148229701	148229811
ENSG00000226949	1	158711936	158713205
ENSG00000186743	6	116359919	116360658
ENSG00000242292	5	36588608	36588763
ENSG00000198938	MT	9207	9990
ENSG00000206516	HSCHR6_MHC_QBL	29424845	29431993
ENSG00000234454	X	151851487	151852303
ENSG00000224717	1	205425057	205438152
ENSG00000202074	2	148253006	148253108
ENSG00000273027	21	46349568	46350027
ENSG00000231353	1	16314677	16314936
ENSG00000183675	10	48736874	48827966
ENSG00000210164	MT	9991	10058
ENSG00000263705	6	10439950	10440027
ENSG00000233479	2	114426743	114430768
ENSG00000159082	21	34001069	34100359
ENSG00000253083	2	148471024	148471123
ENSG00000224698	1	108963311	108975806
ENSG00000236360	1	53458868	53459374
ENSG00000198840	MT	10059	10404
ENSG00000252711	6	47683019	47683337
ENSG00000272825	21	46356218	46356869
ENSG00000238076	6	10460139	10460774
ENSG00000210174	MT	10405	10469
ENSG00000207365	12	93415382	93415488
ENSG00000229143	2	148567915	148568346
ENSG00000269979	9	125086887	125087594
ENSG00000226594	6	47697563	47708477
ENSG00000233436	11	57510986	57519253
ENSG00000229160	2	38359779	38366088
ENSG00000263746	5	1708900	1708983
ENSG00000164308	5	96211643	96255420
ENSG00000231822	2	99718481	99719215
ENSG00000224966	1	16316366	16321246
ENSG00000227832	1	109044980	109046077
ENSG00000212907	MT	10470	10766
ENSG00000270506	12	93429037	93429520
ENSG00000250451	12	54392806	54393794
ENSG00000253097	1	205535844	205535927
ENSG00000226147	1	53460398	53461698
ENSG00000260066	5	1725264	1728287
ENSG00000229724	1	158765804	158766003
ENSG00000234880	21	46409779	46414001
ENSG00000198886	MT	10760	12137
ENSG00000256393	12	93477374	93477451
ENSG00000273306	2	100021680	100022305
ENSG00000216616	6	47720564	47720976
ENSG00000186163	7	141965650	141972054
ENSG00000206762	1	205564169	205564275
ENSG00000250155	5	36666316	36725297
ENSG00000210176	MT	12138	12206
ENSG00000253798	5	157109993	157117274
ENSG00000231056	6	10474733	10478735
ENSG00000212389	2	148634991	148635097
ENSG00000210184	MT	12207	12265
ENSG00000210191	MT	12266	12336
ENSG00000236942	1	205594611	205595281
ENSG00000226483	1	109051196	109051865
ENSG00000223911	2	148656970	148660525
ENSG00000257746	12	93484298	93501376
ENSG00000255087	11	126936897	126971215
ENSG00000237685	6	10511269	10514779
ENSG00000227359	2	114435279	114461655
ENSG00000218428	6	116458221	116458735
ENSG00000199603	2	38374557	38374663
ENSG00000198786	MT	12337	14148
ENSG00000270102	9	125093146	125093622
ENSG00000225964	2	6968645	6980595
ENSG00000118508	6	146864829	146876101
ENSG00000214717	X	2404455	2419008
ENSG00000273006	2	38420490	38420771
ENSG00000216359	6	10514515	10515206
ENSG00000253630	5	157174512	157174715
ENSG00000232971	1	109276878	109277347
ENSG00000265049	2	148698549	148698640
ENSG00000198695	MT	14149	14673
ENSG00000236326	6	116565350	116565891
ENSG00000163626	4	73921797	73935472
ENSG00000210194	MT	14674	14742
ENSG00000180409	1	158778189	158779125
ENSG00000221617	12	93491027	93491120
ENSG00000241741	4	113709239	113710034
ENSG00000261706	21	46414277	46415100
ENSG00000232993	1	53535610	53551174
ENSG00000253281	8	59168330	59184678
ENSG00000212181	2	149018143	149018277
ENSG00000227292	2	38430505	38466732
ENSG00000257115	14	19377522	19378606
ENSG00000257210	12	93517839	93518319
ENSG00000198727	MT	14747	15887
ENSG00000202427	2	114438688	114438794
ENSG00000228076	1	109309463	109310206
ENSG00000250500	4	113718206	113719847
ENSG00000237021	6	116575370	116577906
ENSG00000272981	11	126989221	127009630
ENSG00000217181	6	10574982	10575460
ENSG00000210195	MT	15888	15953
ENSG00000224007	2	149053225	149054248
ENSG00000224930	21	46419122	46424642
ENSG00000177640	10	119805790	119969663
ENSG00000210196	MT	15956	16023
ENSG00000265429	2	114478867	114478945
ENSG00000272103	5	36861838	36862319
ENSG00000201944	1	205700349	205700480
ENSG00000267406	19	14378619	14380189
ENSG00000227644	1	53538782	53539061
ENSG00000213178	3	169201459	169201868
ENSG00000233078	1	16332655	16333166
ENSG00000206819	5	157236106	157236212
ENSG00000227687	1	205904256	205904896
ENSG00000227770	2	38458710	38459459
ENSG00000266913	19	14416270	14481008
ENSG00000272642	11	127060664	127093344
ENSG00000261672	4	174514823	174515707
ENSG00000258171	12	93568142	93575608
ENSG00000270466	16	30389755	30393863
ENSG00000225516	Y	9293012	9344176
ENSG00000203897	1	109399839	109401146
ENSG00000232238	2	149352727	149352897
ENSG00000244331	5	157358266	157358571
ENSG00000249966	5	1851064	1851611
ENSG00000233558	6	116579656	116580278
ENSG00000229849	1	158848536	158853290
ENSG00000201048	6	10674891	10675001
ENSG00000235563	1	53580248	53584281
ENSG00000269970	9	125134884	125135104
ENSG00000200340	6	47791126	47791286
ENSG00000249850	5	36885308	36886599
ENSG00000229874	1	206135293	206137984
ENSG00000272097	6	10743557	10747896
ENSG00000235374	21	46491648	46494080
ENSG00000259359	15	96714810	96717568
ENSG00000232456	1	16361673	16366524
ENSG00000170153	4	141780961	142134031
ENSG00000226068	6	48116939	48117741
ENSG00000244063	2	114586967	114588696
ENSG00000273409	11	127140957	127206928
ENSG00000184571	22	25115001	25170687
ENSG00000267147	19	14444555	14454725
ENSG00000236723	1	53676128	53679447
ENSG00000247828	5	87564712	87732502
ENSG00000234841	4	113747463	113748763
ENSG00000250417	5	1856084	1856682
ENSG00000272781	14	47311134	48143999
ENSG00000234801	4	174537087	174538057
ENSG00000222126	2	149583260	149583404
ENSG00000238361	12	93659405	93659508
ENSG00000201502	12	93659793	93659872
ENSG00000267379	19	14513529	14519535
ENSG00000228857	2	114588626	114600933
ENSG00000259818	1	53686335	53689925
ENSG00000223962	2	149621133	149621373
ENSG00000227959	1	16481706	16483824
ENSG00000196531	12	57106212	57125412
ENSG00000225662	3	62764851	62765460
ENSG00000068831	11	64494383	64512928
ENSG00000258664	1	179833916	179834311
ENSG00000251126	4	113801454	113803486
ENSG00000213594	2	38512552	38513552
ENSG00000236889	1	206164084	206166270
ENSG00000240050	6	116601362	116691436
ENSG00000257512	12	93708585	93709717
ENSG00000241881	7	141985579	141988698
ENSG00000267474	19	14569213	14570178
ENSG00000226754	1	53704282	53708455
ENSG00000265589	1	159029039	159029116
ENSG00000222383	6	10753024	10753159
ENSG00000206357	HSCHR6_MHC_QBL	31910261	31917261
ENSG00000222774	11	127275923	127276227
ENSG00000224543	19	14599758	14600691
ENSG00000196517	1	44457172	44497139
ENSG00000233473	1	159050923	159051585
ENSG00000233616	9	125163249	125165185
ENSG00000206515	HSCHR6_MHC_QBL	29454362	29455626
ENSG00000259763	15	96779014	96779932
ENSG00000235051	6	10882013	10884582
ENSG00000213370	4	174554879	174555522
ENSG00000273452	17	12626199	12661542
ENSG00000223315	11	127277746	127278043
ENSG00000182586	21	46654255	46678645
ENSG00000242115	7	141987080	141991423
ENSG00000164010	1	43282795	43310660
ENSG00000262728	15	32898619	32907361
ENSG00000207327	10	75288809	75288915
ENSG00000254591	11	127527463	127527772
ENSG00000229245	9	125165686	125211256
ENSG00000222036	14	19553365	19590078
ENSG00000231079	2	149624039	149646351
ENSG00000228814	4	113802874	113803288
ENSG00000254090	8	32872779	32874561
ENSG00000222651	15	96876490	96876536
ENSG00000222552	1	159148263	159148349
ENSG00000225483	1	206180054	206180443
ENSG00000197463	X	151876743	151883038
ENSG00000207707	19	14640355	14640452
ENSG00000237139	10	75297561	75298149
ENSG00000224621	1	16485761	16488378
ENSG00000244073	5	37085158	37085954
ENSG00000257252	12	93710911	93771512
ENSG00000262477	18	29992145	29993199
ENSG00000250043	4	174798622	174834403
ENSG00000243488	19	14694907	14695204
