ENSG00000137563	8	63927638	63951730
ENSG00000167635	19	36705504	36729676
ENSG00000214517	11	73882144	73965748
ENSG00000242247	22	43192508	43254112
ENSG00000186335	5	150694539	150727151
ENSG00000101464	20	33148346	33264910
ENSG00000130222	9	92219928	92221470
ENSG00000142065	19	36827162	36870101
ENSG00000084652	1	32645287	32663886
ENSG00000176274	X	103343898	103401708
ENSG00000198863	17	41132582	41145707
ENSG00000159398	16	55880066	55989943
ENSG00000167768	12	53068520	53074191
ENSG00000166707	X	103356822	103360533
ENSG00000181007	19	36874022	36909558
ENSG00000144642	3	29322473	30051886
ENSG00000267880	19	51377552	51378040
ENSG00000146918	7	158424003	158497520
ENSG00000165023	9	93372114	93405386
ENSG00000162711	1	247579458	247612410
ENSG00000166166	14	103995521	104003410
ENSG00000179840	1	9712668	9714644
ENSG00000261256	HG75_PATCH	34756462	34765353
ENSG00000228300	19	1275026	1279248
ENSG00000123575	X	103411301	103440583
ENSG00000198398	3	190146444	190167665
ENSG00000167749	19	51409608	51413994
ENSG00000151490	12	15475331	15750333
ENSG00000260952	HG75_PATCH	34814005	34823193
ENSG00000075415	12	98987369	98995946
ENSG00000132405	4	6910969	7034845
ENSG00000189182	12	53083410	53097247
ENSG00000129682	X	137713735	138304939
ENSG00000137561	8	63961112	63998612
ENSG00000169230	5	176730775	176733960
ENSG00000186017	19	36936021	36980804
ENSG00000109927	11	120971882	121062202
ENSG00000148660	10	75572259	75634343
ENSG00000197776	14	50159823	50219870
ENSG00000198646	20	33284722	33413452
ENSG00000204310	6	32135989	32145873
ENSG00000177535	1	247614255	247615308
ENSG00000166170	14	104022881	104029168
ENSG00000170802	2	48541776	48606433
ENSG00000260164	HG75_PATCH	34823008	34869611
ENSG00000152661	6	121756838	121770873
ENSG00000137948	1	92414928	92479983
ENSG00000165025	9	93564069	93660831
ENSG00000120509	X	69506445	69510364
ENSG00000167754	19	51446559	51456349
ENSG00000185069	12	53161939	53171129
ENSG00000185728	8	64081112	64125346
ENSG00000171603	1	9789084	9884584
ENSG00000160050	1	32665987	32670988
ENSG00000172116	2	87042462	87089047
ENSG00000160953	19	1285890	1378430
ENSG00000235194	14	23764852	23772057
ENSG00000140955	16	84224744	84230774
ENSG00000179262	19	13056669	13064456
ENSG00000169224	1	247670360	247740992
ENSG00000145332	4	88081255	88161466
ENSG00000025156	6	122720691	122754264
ENSG00000261300	HG75_PATCH	34862388	34866669
ENSG00000257040	14	72456191	72458326
ENSG00000128564	7	100805790	100808874
ENSG00000100266	22	43231418	43411151
ENSG00000123576	X	103494719	103499614
ENSG00000260508	HG75_PATCH	34872292	34917807
ENSG00000167011	7	100813774	100823557
ENSG00000160051	1	32671236	32674288
ENSG00000129473	14	23767999	23780968
ENSG00000162981	2	14772810	14790933
ENSG00000229615	2	87089023	87092827
ENSG00000167755	19	51461887	51472929
ENSG00000196242	1	247693434	247697141
ENSG00000205683	14	73086004	73360809
ENSG00000108590	17	6546635	6554954
ENSG00000169752	15	76228310	76352136
ENSG00000264001	GL000230.1	19097	19180
ENSG00000177489	1	247751662	247752615
ENSG00000266558	GL000230.1	33748	33830
ENSG00000165516	14	50234326	50249909
ENSG00000241601	GL000230.1	33986	34068
ENSG00000254004	19	37001597	37019562
ENSG00000265604	GL000230.1	37003	37085
ENSG00000240010	GL000230.1	40401	40482
ENSG00000177476	1	247768856	247769838
ENSG00000145247	4	48887036	48908954
ENSG00000148090	9	93976097	94124195
ENSG00000197437	1	247835320	247836365
ENSG00000234920	HSCHR6_MHC_SSTO	31502186	31504572
ENSG00000258643	14	23776044	23794578
ENSG00000178662	2	166326157	166545917
ENSG00000169214	1	247875045	247876105
ENSG00000241128	1	247886401	247887345
ENSG00000109929	11	121163162	121179403
ENSG00000168418	16	84255823	84273356
ENSG00000124006	2	220415451	220436581
ENSG00000153230	1	247901917	247902861
ENSG00000090889	X	69509879	69640682
ENSG00000101981	X	138612917	138645617
ENSG00000169223	5	176758563	176778853
ENSG00000221888	1	247920676	247921982
ENSG00000106384	7	100838288	100844302
ENSG00000231543	HSCHR6_MHC_DBB	31847749	31895640
ENSG00000196772	1	247978102	247979031
ENSG00000103175	16	84328252	84363450
ENSG00000087258	16	56225302	56391356
ENSG00000257396	HSCHR6_MHC_MCF	31197072	31197189
ENSG00000197591	1	248004199	248005254
ENSG00000165030	9	94171327	94186144
ENSG00000236346	HSCHR6_MHC_SSTO	31504594	31516550
ENSG00000172031	1	92495539	92529093
ENSG00000187624	17	260118	273510
ENSG00000162722	1	248020501	248041507
ENSG00000224472	HSCHR6_MHC_MCF	31204889	31210518
ENSG00000100836	14	23790498	23795394
ENSG00000222046	1	32674695	32681797
ENSG00000212734	17	6554971	6556791
ENSG00000187627	2	87135076	87241104
ENSG00000078804	20	33292094	33301243
ENSG00000183688	17	289769	295730
ENSG00000189108	X	103810996	105011822
ENSG00000186020	19	37025676	37096178
ENSG00000103342	16	11961985	12009939
ENSG00000238243	1	248031277	248060449
ENSG00000149380	11	73946846	74022702
ENSG00000052841	11	43380482	43516483
ENSG00000177462	1	248084320	248085258
ENSG00000179271	19	13064972	13068050
ENSG00000169071	9	94325373	94712444
ENSG00000177275	1	248097071	248098057
ENSG00000189195	1	92545862	92613393
ENSG00000179284	19	13075973	13085567
ENSG00000119950	10	111967363	112047123
ENSG00000196071	1	248100493	248264224
ENSG00000180828	8	65492814	65496181
ENSG00000122691	7	19060614	19157295
ENSG00000147654	8	110551940	110578225
ENSG00000111897	6	122764499	122792967
ENSG00000196936	1	248112160	248113098
ENSG00000135655	12	62654119	62811211
ENSG00000187080	1	248128535	248129641
ENSG00000172817	8	65500320	65711318
ENSG00000146618	7	19184405	19185044
ENSG00000131067	20	33432523	33460663
ENSG00000197454	1	248185250	248186188
ENSG00000203663	1	248201474	248202607
ENSG00000160055	1	32680073	32687972
ENSG00000198128	1	248223984	248224922
ENSG00000184640	17	75276651	75496678
ENSG00000146674	7	45951949	45961473
ENSG00000162727	1	248308450	248309388
ENSG00000099617	19	1286153	1301430
ENSG00000141485	17	6588032	6616886
ENSG00000235068	HSCHR6_MHC_MCF	31205745	31217015
ENSG00000159461	16	56395364	56459450
ENSG00000198601	1	248343288	248344331
ENSG00000228198	1	248366332	248367392
ENSG00000163513	3	30647994	30735634
ENSG00000171180	1	248402231	248403166
ENSG00000170509	4	88224941	88244058
ENSG00000234719	16	12021230	12070500
ENSG00000069712	1	92632542	92650280
ENSG00000090054	9	94794281	94877666
ENSG00000177212	1	248436073	248437138
ENSG00000135549	6	122793076	123047518
ENSG00000177201	1	248457918	248458880
ENSG00000177186	1	248486894	248487899
ENSG00000178585	1	9908334	9970394
ENSG00000104442	8	66514694	66546442
ENSG00000065328	10	13203554	13253104
ENSG00000177174	1	248512077	248513015
ENSG00000123643	5	150816607	150871942
ENSG00000231560	12	10100736	10105935
ENSG00000256803	12	10167839	10183205
ENSG00000196944	1	248524883	248525929
ENSG00000064270	16	84402133	84497793
ENSG00000256626	12	10193447	10198310
ENSG00000198104	1	248550910	248551836
ENSG00000223042	12	10236785	10237089
ENSG00000169035	19	51479729	51487355
ENSG00000255734	12	10264337	10265070
ENSG00000261508	HG75_PATCH	34919858	34928764
ENSG00000255958	12	10366760	10367360
ENSG00000203910	1	92683497	92711370
ENSG00000175143	1	248569296	248570405
ENSG00000227152	1	248604508	248605434
ENSG00000196240	1	248616077	248617130
ENSG00000105849	7	19735085	19748710
ENSG00000262595	HG75_PATCH	34929530	34936936
ENSG00000138347	10	69865912	69971774
ENSG00000196539	1	248636627	248637634
ENSG00000169758	15	76352178	76521462
ENSG00000203661	1	248651885	248652898
ENSG00000268702	14	23790839	23791484
ENSG00000261545	HG75_PATCH	34561825	34561930
ENSG00000168079	8	27727399	27850244
ENSG00000261032	HG75_PATCH	34569075	34569182
ENSG00000188558	1	248684916	248685964
ENSG00000154229	17	64298754	64806861
ENSG00000165434	11	74041363	74109518
ENSG00000182783	1	248721784	248722797
ENSG00000183310	1	248737022	248738080
ENSG00000169220	5	176784838	176799602
ENSG00000184022	1	248756052	248757100
ENSG00000114648	3	47324407	47388306
ENSG00000169660	17	80376194	80400521
ENSG00000265629	2	14775215	14790933
ENSG00000183130	1	248789420	248790491
ENSG00000230279	HSCHR6_MHC_SSTO	31529774	31532044
ENSG00000177151	1	248801588	248802559
ENSG00000083099	6	90277863	90348472
ENSG00000115286	19	1383526	1395583
ENSG00000133149	X	104463611	104465358
ENSG00000187701	1	248813232	248814185
ENSG00000149084	11	43577986	43878167
ENSG00000189181	1	248844628	248845629
ENSG00000173013	4	7042579	7044728
ENSG00000266949	1	248902716	248903150
ENSG00000126214	14	104028233	104167888
ENSG00000175538	11	74165886	74178774
ENSG00000092096	14	23815515	23822121
ENSG00000256288	12	10485460	10490891
ENSG00000261499	HG75_PATCH	34601602	34647923
ENSG00000256155	12	10511063	10513644
ENSG00000141252	17	411908	624957
ENSG00000173011	4	7043626	7059679
ENSG00000245648	12	10516368	10551105
ENSG00000265889	HG75_PATCH	34612688	34612789
ENSG00000257016	12	10703865	10704134
ENSG00000175137	1	249104648	249120832
ENSG00000106397	7	100849258	100861701
ENSG00000256039	12	10705962	10710648
ENSG00000261099	HG75_PATCH	34624739	34654989
ENSG00000008441	19	13106422	13209610
ENSG00000263315	HG75_PATCH	34732197	34732303
ENSG00000258984	2	238875656	239008053
ENSG00000109519	4	7060633	7069924
ENSG00000261152	HG75_PATCH	34777516	34784896
ENSG00000167434	17	58227297	58248260
ENSG00000109182	4	48988264	49064098
ENSG00000256667	12	10741077	10752434
ENSG00000262017	HG75_PATCH	34818569	34818692
ENSG00000261688	HG75_PATCH	34901830	34902693
ENSG00000230108	HSCHR6_MHC_SSTO	31533287	31536056
ENSG00000162441	1	9982173	10003465
ENSG00000174842	1	92711959	92764544
ENSG00000171161	1	249132409	249143716
ENSG00000086570	5	150883654	150948505
ENSG00000137642	11	121322912	121504402
ENSG00000048462	16	12058964	12061925
ENSG00000161298	19	37095719	37119499
ENSG00000238114	HSCHR6_MHC_SSTO	31538275	31540242
ENSG00000184985	4	7194265	7744554
ENSG00000129455	19	51499263	51505967
ENSG00000261955	HSCHR5_3_CTG1	29079491	29079605
ENSG00000262399	HSCHR5_3_CTG1	29113866	29114424
ENSG00000269121	16	12062000	12062333
ENSG00000263134	HSCHR5_3_CTG1	29152548	29181345
ENSG00000076201	3	47422501	47454931
ENSG00000173452	7	19758933	19813221
ENSG00000124279	5	7859272	7869150
ENSG00000115339	2	166604101	166651192
ENSG00000100271	22	43435522	43485434
ENSG00000140374	15	76507696	76603813
ENSG00000175536	11	74202757	74204778
ENSG00000197808	19	37128094	37157755
ENSG00000048471	16	12070594	12668146
ENSG00000167005	16	56463045	56486111
ENSG00000123572	X	105066536	105202602
ENSG00000196305	9	94972489	95056038
ENSG00000256888	12	10902833	10930043
ENSG00000189233	8	27879481	27941388
ENSG00000080819	3	98239976	98312567
ENSG00000170832	17	58256455	58499831
ENSG00000183742	7	20174278	20257027
ENSG00000132330	2	238969530	239008054
ENSG00000072135	2	131113580	131132982
ENSG00000204308	6	32146131	32151930
ENSG00000231321	HSCHR6_MHC_MANN	33315284	33322384
ENSG00000104903	19	13209847	13213975
ENSG00000154165	3	98250743	98251960
ENSG00000077514	11	74204896	74380162
ENSG00000175604	16	12180603	12184159
ENSG00000166199	11	43902361	43941816
ENSG00000204634	2	101624079	101869328
ENSG00000100290	22	43506754	43525718
ENSG00000103381	16	12756919	12897874
ENSG00000189042	19	37178514	37218603
ENSG00000119953	10	112050488	112064709
ENSG00000144644	3	30767692	30936257
ENSG00000233539	7	46713383	46799449
ENSG00000122484	1	92764522	92867613
ENSG00000100294	22	43528212	43539400
ENSG00000171163	1	249144205	249153343
ENSG00000130005	19	1397091	1401569
ENSG00000087263	16	56485402	56513012
ENSG00000101977	X	138663929	138790386
ENSG00000066855	8	66556969	66683496
ENSG00000235930	12	10922904	10923204
ENSG00000256651	12	10983673	10984615
ENSG00000256682	12	11047542	11048481
ENSG00000269741	19	51499274	51512837
ENSG00000151779	2	15307032	15701454
ENSG00000212125	12	11117024	11117951
ENSG00000256019	12	11200931	11201855
ENSG00000256274	12	11229368	11231770
ENSG00000100300	22	43547520	43559248
ENSG00000140950	16	84511681	84587639
ENSG00000189045	5	74907284	74967671
ENSG00000164434	6	123100620	123105219
ENSG00000173614	1	10003486	10045559
ENSG00000183281	2	87229682	87248975
ENSG00000237515	16	12995477	13334272
ENSG00000084623	1	32687529	32697205
ENSG00000213022	19	51503806	51512890
ENSG00000075429	17	64831235	64881603
ENSG00000105855	7	20370325	20455377
ENSG00000256400	12	11249778	11249873
ENSG00000256981	12	11311384	11312293
ENSG00000175455	3	123616152	123680564
ENSG00000253095	12	11315699	11315763
ENSG00000256712	12	11318689	11323952
ENSG00000064225	3	98451080	98540045
ENSG00000256537	12	11323963	11324164
ENSG00000256629	12	11332272	11333061
ENSG00000179774	10	69990386	69991871
ENSG00000162444	1	10057264	10076078
ENSG00000267041	19	37205285	37263727
ENSG00000131183	5	176806236	176825849
ENSG00000204560	6	30620896	30640814
ENSG00000129451	19	51515995	51523431
ENSG00000267260	19	37264055	37267980
ENSG00000162676	1	92940319	92952433
ENSG00000100304	22	43562628	43583139
ENSG00000134014	8	27947190	28048673
ENSG00000119599	14	73393040	73426411
ENSG00000112159	6	90352218	90529442
ENSG00000230791	HSCHR6_MHC_SSTO	31543845	31546630
ENSG00000123607	2	166713985	166810353
ENSG00000112902	5	9035138	9546187
ENSG00000100842	14	23825611	23834961
ENSG00000071626	19	1407568	1435719
ENSG00000197863	19	37308330	37341689
ENSG00000108187	10	70042417	70092806
ENSG00000183615	1	32712834	32714457
ENSG00000258002	HSCHR6_MHC_MCF	31216884	31232984
ENSG00000103187	16	84599200	84651683
ENSG00000104907	19	13215716	13228381
ENSG00000172594	6	123110315	123130865
ENSG00000185220	1	249200395	249214145
ENSG00000167757	19	51525472	51531295
ENSG00000131069	20	33459949	33515769
ENSG00000143537	1	155023042	155035252
ENSG00000223972	1	11869	14412
ENSG00000256657	12	11348987	11349908
ENSG00000256373	12	11365126	11404303
ENSG00000146352	6	123317116	123394072
ENSG00000075461	17	64961026	65029514
ENSG00000186442	12	53183469	53189901
ENSG00000163527	3	31574130	31679112
ENSG00000136205	7	47314752	47622156
ENSG00000251247	19	37341263	37403931
ENSG00000255790	12	11552315	11639612
ENSG00000185610	12	45408455	45444882
ENSG00000225691	HSCHR6_MHC_MCF	31313666	31317037
ENSG00000196570	5	176827108	176827637
ENSG00000119242	12	124403207	124457378
ENSG00000067208	1	92974253	93257961
ENSG00000130939	1	10092890	10241297
ENSG00000227232	1	14363	29806
ENSG00000109184	4	52709166	52783003
ENSG00000067113	5	54720682	54830878
ENSG00000175595	16	14014014	14046202
ENSG00000227402	HSCHR6_MHC_MANN	33322141	33326135
ENSG00000182866	1	32716840	32751766
ENSG00000170477	12	53200333	53208335
ENSG00000187479	11	43946892	43965888
ENSG00000135686	16	84682131	84701292
ENSG00000233999	2	87565634	87566158
ENSG00000178597	4	7432022	7436700
ENSG00000125551	2	88047606	88058312
ENSG00000205126	11	44069531	44081527
ENSG00000243485	1	29554	31109
ENSG00000196083	3	190231840	190375843
ENSG00000163645	3	150377672	150421758
ENSG00000128594	7	127667124	127672160
ENSG00000185869	19	37379026	37407193
ENSG00000237613	1	34554	36081
ENSG00000186439	6	123537483	123958238
ENSG00000228357	HSCHR6_MHC_MANN	33326338	33328531
ENSG00000159307	22	43593289	43739394
ENSG00000268020	1	52473	54936
ENSG00000240361	1	62948	63887
ENSG00000174697	7	127881337	127897681
ENSG00000238009	1	89295	133566
ENSG00000204305	6	32148745	32152101
ENSG00000123999	2	220433884	220440435
ENSG00000122406	1	93297582	93307481
ENSG00000125124	16	56500748	56554195
ENSG00000239945	1	89551	91105
ENSG00000233750	1	131025	134836
ENSG00000196526	4	7760441	7941653
ENSG00000164304	6	7326889	7389976
ENSG00000177119	12	45609770	45834187
ENSG00000268903	1	135141	135895
ENSG00000269981	1	137682	137965
ENSG00000239906	1	139790	140339
ENSG00000235107	HSCHR6_MHC_MANN	33330195	33334422
ENSG00000241860	1	141474	173862
ENSG00000214708	17	30468245	30470154
ENSG00000259571	11	121986062	121986923
ENSG00000222623	1	157784	157887
ENSG00000241599	1	160446	161525
ENSG00000110455	11	44087475	44105772
ENSG00000004846	7	20654830	20816658
ENSG00000123561	X	105277197	105282729
ENSG00000228463	1	227615	267253
ENSG00000257187	HSCHR6_MHC_SSTO	31545597	31546661
ENSG00000185304	2	88055474	88285309
ENSG00000241670	1	228292	228775
ENSG00000154127	11	122526383	122685181
ENSG00000106344	7	127937738	127983962
ENSG00000228919	4	7940728	7942022
ENSG00000237094	1	317720	453948
ENSG00000157502	X	105412298	105452949
ENSG00000159556	15	76629065	76634817
ENSG00000055955	3	52846991	52865495
ENSG00000223833	HSCHR6_MHC_SSTO	31546616	31550705
ENSG00000154511	1	93307724	93427057
ENSG00000186260	16	14165178	14360630
ENSG00000103194	16	84733584	84813528
ENSG00000250575	1	326096	328112
ENSG00000233653	1	329431	332236
ENSG00000224813	1	334126	334305
ENSG00000269732	1	379105	379467
ENSG00000256186	1	450820	450910
ENSG00000214167	17	65027509	65028198
ENSG00000236601	1	453633	460480
ENSG00000108878	17	65040706	65052909
ENSG00000236743	1	459656	461954
ENSG00000144589	2	220462582	220481173
ENSG00000232126	HSCHR6_MHC_MCF	31398032	31401418
ENSG00000236679	1	470971	471355
ENSG00000177058	5	54921673	55069022
ENSG00000237303	12	11634317	11634590
ENSG00000231709	1	521369	523833
ENSG00000160877	19	13228917	13251955
ENSG00000270863	12	11665657	11667070
ENSG00000235146	1	523009	530148
ENSG00000256237	12	11694329	11708772
ENSG00000131187	5	176829141	176836577
ENSG00000239664	1	529833	532878
ENSG00000166090	14	23842018	23845612
ENSG00000054938	11	74407474	74442430
ENSG00000257981	HSCHR6_MHC_MANN	33355728	33367637
ENSG00000230021	1	536816	659930
ENSG00000147231	X	105855160	105922672
ENSG00000186474	19	51532348	51538486
ENSG00000223659	1	562757	564390
ENSG00000223618	HSCHR6_MHC_MANN	33371956	33373655
ENSG00000225972	1	564442	564813
ENSG00000225630	1	565020	566063
ENSG00000237973	1	566454	567996
ENSG00000229344	1	568137	568818
ENSG00000240409	1	568915	569121
ENSG00000248527	1	569076	569756
ENSG00000116478	1	32757687	32799236
ENSG00000273285	HSCHR6_MHC_MANN	28743697	28743804
ENSG00000198744	1	569756	570302
ENSG00000273083	HSCHR6_MHC_MANN	28751414	28751785
ENSG00000268663	1	610222	610645
ENSG00000273120	HSCHR6_MHC_MANN	28763753	28763816
ENSG00000229376	1	657472	660283
ENSG00000096746	10	70090931	70102948
ENSG00000273040	HSCHR6_MHC_MANN	28805650	28806787
ENSG00000224956	1	661611	663527
ENSG00000273200	HSCHR6_MHC_MANN	28827406	28831131
ENSG00000235373	1	677193	685396
ENSG00000273286	HSCHR6_MHC_MANN	28829197	28829828
ENSG00000223181	1	693613	693716
ENSG00000240618	1	694412	700305
ENSG00000104915	19	13254872	13261197
ENSG00000166091	14	23846017	23848981
ENSG00000264777	HSCHR6_MHC_MANN	28883427	28883526
ENSG00000229905	1	696291	697369
ENSG00000226462	HSCHR6_MHC_MANN	28936915	28938245
ENSG00000228327	1	700237	714006
ENSG00000265326	HSCHR6_MHC_MANN	28945258	28945553
ENSG00000233035	HSCHR6_MHC_MANN	28953985	28955266
ENSG00000257670	HSCHR6_MHC_SSTO	31551176	31658141
ENSG00000240111	HSCHR6_MHC_MANN	28954582	28956318
ENSG00000144488	2	239008798	239041928
ENSG00000187607	17	15602891	15640874
ENSG00000237491	1	714150	745440
ENSG00000132530	17	6658766	6678966
ENSG00000167759	19	51559463	51568371
ENSG00000147642	8	110586207	110704020
ENSG00000166439	11	74459913	74553458
ENSG00000198265	17	65066554	65242105
ENSG00000235588	HSCHR6_MHC_SSTO	31572910	31574747
ENSG00000230092	1	736259	745541
ENSG00000102891	16	56598961	56602869
ENSG00000250091	12	124410971	124419531
ENSG00000115268	19	1438358	1440583
ENSG00000240453	1	745489	753092
ENSG00000177757	1	752751	755214
ENSG00000225880	1	761586	762902
ENSG00000160888	19	13261229	13265722
ENSG00000198000	9	95059640	95087918
ENSG00000109943	11	122709208	122743347
ENSG00000140386	15	76640526	77197785
ENSG00000198453	19	37407231	37489602
ENSG00000228794	1	762988	794826
ENSG00000143033	1	93544792	93604638
ENSG00000087250	16	56622986	56625000
ENSG00000113140	5	151040657	151066726
ENSG00000165525	14	50249997	50319921
ENSG00000179195	12	124456392	124499986
ENSG00000205268	8	66629745	66754557
ENSG00000232781	HSCHR6_MHC_MANN	28994461	28995388
ENSG00000230368	1	803451	812283
ENSG00000233019	HSCHR6_MHC_MANN	29039604	29040379
ENSG00000268798	19	1440838	1441937
ENSG00000185640	12	53215194	53228079
ENSG00000152359	5	74969949	75013313
ENSG00000227529	HSCHR6_MHC_MANN	29044353	29044948
ENSG00000234711	1	808672	809729
ENSG00000144645	3	31699382	32119072
ENSG00000225441	HSCHR6_MHC_MANN	29068731	29069669
ENSG00000272438	1	840214	851356
ENSG00000230699	1	846815	850328
ENSG00000231960	HSCHR6_MHC_MANN	29091992	29096689
ENSG00000241180	1	849551	850351
ENSG00000186732	22	43807202	43903728
ENSG00000223764	1	852245	856396
ENSG00000109944	11	122753391	122830506
ENSG00000272512	1	931346	933431
ENSG00000106400	7	100860949	100867471
ENSG00000231702	1	943456	943609
ENSG00000224969	1	947377	948573
ENSG00000242590	1	990413	991496
ENSG00000170423	12	53231588	53242876
ENSG00000213390	10	98978996	99052413
ENSG00000141371	17	58469790	58508782
ENSG00000221128	12	11694857	11694979
ENSG00000217801	1	995114	1004735
ENSG00000251747	12	11699413	11699474
ENSG00000247157	12	11700964	11743303
ENSG00000079841	6	72596406	73112845
ENSG00000198055	5	176830205	176869902
ENSG00000151491	12	15773092	16035263
ENSG00000197050	19	37498759	37621216
ENSG00000188909	11	122848278	122852428
ENSG00000198134	12	12264097	12264423
ENSG00000242405	12	12308196	12308706
ENSG00000151348	11	44117099	44266979
ENSG00000199551	12	12379608	12379711
ENSG00000166435	11	74518784	74660245
ENSG00000270857	12	12401925	12402361
ENSG00000177556	5	151121877	151152093
ENSG00000207010	12	12442161	12442263
ENSG00000273443	1	997588	998668
ENSG00000243141	12	12491710	12492188
ENSG00000106404	7	100875373	100882101
ENSG00000223823	1	1072397	1079436
ENSG00000271370	12	12605037	12605415
ENSG00000207730	1	1102484	1102578
ENSG00000255670	12	12638287	12644515
ENSG00000207607	1	1103243	1103332
ENSG00000240424	12	12721135	12721710
ENSG00000198976	1	1104385	1104467
ENSG00000062725	17	58520520	58603580
ENSG00000272141	1	1104737	1105723
ENSG00000205231	1	1108436	1114935
ENSG00000267360	19	37583921	37701414
ENSG00000260179	1	1185157	1186714
ENSG00000230415	1	1210603	1215800
ENSG00000158435	2	101869264	101886778
ENSG00000240731	1	1252961	1254069
ENSG00000223663	1	1314046	1314412
ENSG00000115266	19	1446300	1473243
ENSG00000264293	1	1340841	1341132
ENSG00000111727	12	104458235	104498639
ENSG00000272455	1	1344476	1345998
ENSG00000225905	1	1355625	1358071
ENSG00000225285	1	1365919	1369953
ENSG00000188993	4	52859868	52883786
ENSG00000271215	12	12767293	12768841
ENSG00000215791	1	1497726	1499904
ENSG00000264507	HSCHR10_1_CTG2	27604049	27604155
ENSG00000236684	1	1515136	1515379
ENSG00000257004	12	12821916	12838009
ENSG00000262361	HSCHR10_1_CTG2	27671730	27671836
ENSG00000172086	2	88326724	88355248
ENSG00000256658	12	12876231	12876945
ENSG00000272106	1	1549138	1551175
ENSG00000207983	12	12917583	12917677
ENSG00000272004	1	1590786	1594063
ENSG00000270296	12	12924285	12924639
ENSG00000198189	4	88257762	88312538
ENSG00000242329	12	12993738	12994013
ENSG00000269737	1	1603429	1604850
ENSG00000241352	12	13003916	13004674
ENSG00000269227	1	1604714	1605836
ENSG00000163995	4	7967039	8160559
ENSG00000215914	1	1631369	1633249
ENSG00000169777	5	9629109	9712490
ENSG00000146112	6	30644166	30655672
ENSG00000178882	12	124457788	124800570
ENSG00000163069	4	52886872	52904648
ENSG00000057019	3	98514785	98620533
ENSG00000234498	12	13028433	13029044
ENSG00000207817	12	13068763	13068852
ENSG00000100983	20	33516236	33543620
ENSG00000126858	17	30469473	30580393
ENSG00000117500	1	93615299	93646285
ENSG00000168427	2	239047363	239061588
ENSG00000103196	16	84853590	84954374
ENSG00000129437	19	51580752	51587502
ENSG00000247498	12	13080660	13137579
ENSG00000268575	1	1634175	1669127
ENSG00000267772	17	58641908	58663984
ENSG00000186976	22	43924624	44208217
ENSG00000197616	14	23851199	23877486
ENSG00000227775	1	1655951	1668690
ENSG00000142544	19	51600863	51611627
ENSG00000001630	7	91741465	91772266
ENSG00000145907	5	151150606	151192346
ENSG00000178752	2	239067623	239077541
ENSG00000231050	1	1822910	1824097
ENSG00000196834	2	131217028	131267239
ENSG00000233542	1	1944652	1946969
ENSG00000170836	17	58677544	58741849
ENSG00000226969	1	1980642	1981509
ENSG00000150756	5	10226442	10250009
ENSG00000271806	1	2072523	2076718
ENSG00000170502	4	88343734	88380606
ENSG00000182873	1	2113233	2115828
ENSG00000129450	19	51628165	51639908
ENSG00000243558	1	2143610	2144013
ENSG00000188312	9	95087766	95382815
ENSG00000234396	1	2143962	2152177
ENSG00000272161	1	2257640	2258132
ENSG00000152093	2	131278770	131285579
ENSG00000269896	1	2281853	2284259
ENSG00000238240	1	2283083	2283296
ENSG00000133135	X	105937024	106040223
ENSG00000272420	1	2294500	2295067
ENSG00000271921	1	2306292	2306792
ENSG00000271847	1	2309056	2309799
ENSG00000178642	1	2316811	2319922
ENSG00000224387	1	2423739	2424697
ENSG00000229393	1	2424876	2425918
ENSG00000272449	1	2477904	2478899
ENSG00000115593	2	88367299	88412906
ENSG00000164651	7	20823906	20826505
ENSG00000214253	7	100882739	100895597
ENSG00000238164	1	2481359	2488470
ENSG00000163162	2	101887681	101925163
ENSG00000168995	19	51645556	51656783
ENSG00000132323	2	239079042	239112370
ENSG00000225931	1	2497849	2501327
ENSG00000170421	12	53290977	53343738
ENSG00000078814	20	33563206	33590240
ENSG00000228037	1	2512999	2515972
ENSG00000140694	16	14529558	14726585
ENSG00000106809	9	95146249	95166978
ENSG00000237058	1	2564007	2568059
ENSG00000233234	1	2728415	2729257
ENSG00000105866	7	21467652	21554440
ENSG00000109971	11	122928197	122933938
ENSG00000231630	1	2730997	2731563
ENSG00000196967	19	37597636	37663643
ENSG00000114650	3	47455203	47518616
ENSG00000137404	6	30655824	30659197
ENSG00000131469	17	41150290	41154976
ENSG00000177133	1	2976179	2985001
ENSG00000256011	12	13115234	13116473
ENSG00000221611	12	13124987	13125077
ENSG00000165861	14	73436159	73493920
ENSG00000255621	12	13153385	13193613
ENSG00000183935	12	13152812	13155768
ENSG00000163071	4	52917497	52963458
ENSG00000243129	12	13174194	13174540
ENSG00000052850	11	44281994	44331716
ENSG00000256761	1	2978523	2978959
ENSG00000226286	1	3049491	3050273
ENSG00000272235	1	3223200	3226660
ENSG00000272088	1	3403810	3404191
ENSG00000207776	1	3477259	3477354
ENSG00000127083	9	95176527	95186743
ENSG00000238260	1	3539754	3541307
ENSG00000114867	3	184032283	184053146
ENSG00000152583	4	88394487	88452213
ENSG00000227589	1	3575502	3585336
ENSG00000235131	1	3628764	3630862
ENSG00000141837	19	13317256	13734804
ENSG00000227372	1	3652548	3663900
ENSG00000178927	17	80400465	80408705
ENSG00000184761	2	131296668	131307456
ENSG00000266075	1	3699379	3699673
ENSG00000238289	HSCHR6_MHC_MCF	31542228	31555259
ENSG00000272153	1	3701572	3702102
ENSG00000264428	1	3800628	3800697
ENSG00000245680	19	37672481	37709055
ENSG00000117906	15	77223960	77242601
ENSG00000236423	1	3816936	3833789
ENSG00000183292	2	131328402	131341734
ENSG00000106819	9	95218487	95244788
ENSG00000233304	1	4000673	4015322
ENSG00000188580	6	124125286	125146803
ENSG00000226374	1	4007209	4009040
ENSG00000229280	1	4235588	4235959
ENSG00000085117	11	44585977	44641913
ENSG00000165879	10	99079022	99081672
ENSG00000235054	1	4472111	4484747
ENSG00000189079	12	46123448	46301823
ENSG00000150753	5	10250033	10266524
ENSG00000227169	1	4611795	4612205
ENSG00000221845	7	47694842	47701246
ENSG00000232596	1	4631608	4643481
ENSG00000231510	1	5146519	5150959
ENSG00000054523	1	10270863	10441661
ENSG00000269020	HSCHR6_MHC_MCF	31560862	31561338
ENSG00000260972	1	5553038	5554734
ENSG00000136698	2	131350339	131357123
ENSG00000264341	1	5624131	5624203
ENSG00000236948	1	5647428	5728355
ENSG00000228662	HSCHR6_MHC_MCF	31572848	31574363
ENSG00000216045	1	5875931	5876019
ENSG00000264101	1	5922732	5922801
ENSG00000266687	1	5953899	5953984
ENSG00000131188	5	176873446	176883283
ENSG00000226944	1	6264900	6265840
ENSG00000181788	3	150458914	150481264
ENSG00000225077	1	6296300	6299504
ENSG00000119559	19	1461142	1479555
ENSG00000271746	1	6453615	6454451
ENSG00000265392	1	6489894	6489956
ENSG00000231868	1	6503094	6507066
ENSG00000122483	1	93645476	93744287
ENSG00000253022	1	6600914	6601024
ENSG00000130055	X	69642881	69653240
ENSG00000181274	10	99092255	99094458
ENSG00000229519	1	6607965	6608679
ENSG00000214237	3	150588832	150612089
ENSG00000153786	16	85007787	85045141
ENSG00000228750	1	6784697	6790072
ENSG00000175130	1	32799433	32801980
ENSG00000152591	4	88529681	88538062
ENSG00000239166	1	6812779	6812881
ENSG00000237436	1	6843952	6844903
ENSG00000136273	7	47735328	48019178
ENSG00000227950	1	6894393	6894678
ENSG00000133138	X	106045910	106119375
ENSG00000106823	9	95256365	95298937
ENSG00000237365	1	7068436	7074339
ENSG00000207056	1	7279420	7279584
ENSG00000162526	1	32817122	32829913
ENSG00000237402	1	7429003	7430331
ENSG00000105877	7	21582833	21941457
ENSG00000130540	22	44220389	44258398
ENSG00000260234	3	150600784	150659530
ENSG00000237728	1	7442548	7449814
ENSG00000225126	1	7501156	7501614
ENSG00000270171	1	7753184	7754904
ENSG00000152592	4	88571459	88585513
ENSG00000270035	1	7758363	7758932
ENSG00000146373	6	125283691	125413779
ENSG00000269978	1	7760764	7761030
ENSG00000269925	1	7836443	7836835
ENSG00000240720	7	91741473	91808845
ENSG00000236266	1	7870302	7887402
ENSG00000225828	1	32826871	32829879
ENSG00000270330	1	8002432	8002786
ENSG00000248050	8	110656344	110660313
ENSG00000200344	1	8042941	8043043
ENSG00000238290	1	8086798	8182762
ENSG00000232848	1	8117305	8118523
ENSG00000163646	3	150643950	150690786
ENSG00000229305	1	8249884	8252830
ENSG00000105383	19	51728320	51747115
ENSG00000201476	12	13593818	13593935
ENSG00000164794	8	110975874	110988076
ENSG00000201909	12	13612604	13612710
ENSG00000065371	3	123687368	123711025
ENSG00000200975	1	8266494	8266657
ENSG00000256306	12	13679788	13700516
ENSG00000227634	1	8268732	8275270
ENSG00000243696	3	52847298	52869745
ENSG00000233645	1	8278250	8280589
ENSG00000252445	12	13740814	13740918
ENSG00000168081	8	28174503	28200872
ENSG00000188283	19	37708828	37734828
ENSG00000200475	12	13836476	13836820
ENSG00000265414	1	8335184	8335438
ENSG00000114923	2	220492049	220506702
ENSG00000256346	12	14322680	14322811
ENSG00000251977	1	8352217	8352323
ENSG00000252254	1	8388127	8388239
ENSG00000227760	12	14344936	14345218
ENSG00000177294	17	6679542	6700420
ENSG00000029559	4	88720733	88733074
ENSG00000232912	1	8484705	8494898
ENSG00000115257	19	1481427	1490751
ENSG00000127080	9	95375466	95432547
ENSG00000221083	1	8571854	8571978
ENSG00000270282	1	8572712	8573080
ENSG00000243364	1	155036207	155042029
ENSG00000140368	15	77285700	77329673
ENSG00000234619	1	8810489	8811146
ENSG00000224315	1	8846270	8846972
ENSG00000222511	1	8856633	8856731
ENSG00000147570	8	66933795	67012751
ENSG00000138166	10	112257596	112271302
ENSG00000226545	1	8858534	8859565
ENSG00000124784	6	7389729	7418270
ENSG00000178568	2	212240446	213403565
ENSG00000228423	1	8865919	8867110
ENSG00000023734	12	16035325	16056412
ENSG00000229716	1	8891066	8891434
ENSG00000236269	1	8935847	8938066
ENSG00000230679	1	8938894	8939953
ENSG00000167858	17	6692452	6735080
ENSG00000179213	19	51749603	51772584
ENSG00000201725	1	8943486	8943592
ENSG00000158683	7	47814250	47988088
ENSG00000238249	1	8953468	8954210
ENSG00000186918	8	28203102	28260218
ENSG00000232208	1	8967452	8967803
ENSG00000232663	1	8969801	8969963
ENSG00000265141	1	9039637	9039933
ENSG00000252404	1	9142755	9142938
ENSG00000207865	1	9211727	9211836
ENSG00000228526	1	9242066	9262678
ENSG00000234546	1	9242263	9252148
ENSG00000252841	1	9338450	9338592
ENSG00000252956	1	9497728	9497837
ENSG00000224940	7	127990379	128001739
ENSG00000235263	1	9561151	9563530
ENSG00000117505	1	93811445	93835055
ENSG00000272573	3	52867130	52869235
ENSG00000231181	1	9636485	9637043
ENSG00000233268	1	9720886	9722684
ENSG00000185963	9	95473645	95527094
ENSG00000269049	16	14564842	14565054
ENSG00000231789	1	9732484	9747613
ENSG00000266749	12	14366028	14366299
ENSG00000256084	12	14369524	14374231
ENSG00000271264	1	9840880	9841298
ENSG00000248592	3	52867137	52931578
ENSG00000255763	12	14390025	14390255
ENSG00000223989	1	9908376	9910212
ENSG00000113758	5	176883609	176901402
ENSG00000228150	1	10002981	10010032
ENSG00000202415	1	10007376	10007694
ENSG00000265521	1	10027439	10027516
ENSG00000241326	1	10043199	10044626
ENSG00000109189	4	53457138	53525502
ENSG00000225786	1	10078085	10078592
ENSG00000118363	11	74660292	74690076
ENSG00000224340	1	10114503	10114839
ENSG00000128581	7	100956975	100965104
ENSG00000233623	1	10118729	10119706
ENSG00000143590	1	155036224	155060014
ENSG00000125148	16	56642111	56643409
ENSG00000144893	3	150803484	151154860
ENSG00000157570	11	44748015	44953972
ENSG00000201746	1	10223326	10223432
ENSG00000255104	17	15603006	15648092
ENSG00000264881	1	10287776	10287861
ENSG00000181666	19	37803739	37860267
ENSG00000199562	1	10359024	10359130
ENSG00000264501	1	10366523	10366813
ENSG00000265945	1	10450059	10450353
ENSG00000214050	8	28205804	28347835
ENSG00000271989	1	10489938	10490734
ENSG00000203469	1	10518612	10519395
ENSG00000197170	17	65334032	65362743
ENSG00000243267	1	10676893	10677170
ENSG00000272078	1	10699298	10714390
ENSG00000108055	10	112327449	112364394
ENSG00000225158	1	10955818	10956055
ENSG00000103429	16	14726672	14763093
ENSG00000215785	1	11051035	11051854
ENSG00000169715	16	56659387	56661024
ENSG00000264181	1	11058233	11058320
ENSG00000092054	14	23881947	23904927
ENSG00000207213	1	11059919	11060002
ENSG00000271895	1	11089716	11090585
ENSG00000127081	9	95607874	95640304
ENSG00000226849	1	11128528	11133154
ENSG00000230337	1	11159732	11162157
ENSG00000234852	HSCHR6_MHC_DBB	31849569	31851954
ENSG00000225602	1	11203955	11209594
ENSG00000268317	16	56662971	56666150
ENSG00000253086	1	11212407	11212509
ENSG00000251246	1	155036224	155059283
ENSG00000257600	HSCHR6_MHC_DBB	31860976	31861221
ENSG00000271794	1	11229564	11229670
ENSG00000160058	1	32830704	32860332
ENSG00000207451	1	11286311	11286417
ENSG00000205364	16	56666145	56667898
ENSG00000238173	1	11293020	11293169
ENSG00000142549	19	51815102	51833608
ENSG00000238199	1	11338673	11339408
ENSG00000163832	3	47537130	47555251
ENSG00000196498	12	124808961	125052135
ENSG00000224338	1	11485314	11485878
ENSG00000235643	1	11669588	11673412
ENSG00000135355	6	90604188	90605839
ENSG00000177553	1	11837134	11839676
ENSG00000205362	16	56672578	56673999
ENSG00000162139	11	74699179	74729938
ENSG00000215067	17	6779954	6915668
ENSG00000242349	1	11901074	11908136
ENSG00000115255	19	1491165	1497926
ENSG00000175874	2	101962013	102004057
ENSG00000186235	2	239133193	239140318
ENSG00000224904	1	11937827	11940463
ENSG00000199347	1	11968209	11968328
ENSG00000186806	19	51834790	51845378
ENSG00000201801	1	11969865	11969984
ENSG00000270914	1	12077273	12077365
ENSG00000169688	16	56685811	56687116
ENSG00000202461	1	12084069	12084181
ENSG00000243539	1	12096799	12097071
ENSG00000251908	12	14403166	14403275
ENSG00000201135	1	12137938	12138041
ENSG00000255749	12	14407846	14408160
ENSG00000227875	1	12140350	12140604
ENSG00000265119	12	14464277	14464549
ENSG00000052749	10	99116115	99161127
ENSG00000263676	1	12251770	12251830
ENSG00000100991	20	33590207	33680674
ENSG00000171561	11	74799758	74800799
ENSG00000244573	12	14509776	14518437
ENSG00000225196	1	12280851	12281166
ENSG00000069764	16	14766405	14788526
ENSG00000252969	1	12281205	12281328
ENSG00000239149	1	12567300	12567451
ENSG00000255649	12	14683085	14686163
ENSG00000169242	1	155099936	155107333
ENSG00000229484	1	12587766	12588462
ENSG00000200830	12	14706636	14706904
ENSG00000221340	1	12630000	12630100
ENSG00000198417	16	56691606	56694610
ENSG00000137942	1	93913688	94020218
ENSG00000256751	12	14720684	14772689
ENSG00000272482	1	12678906	12679250
ENSG00000119714	14	91698876	91720269
ENSG00000147573	8	67039131	67087720
ENSG00000226166	1	12752925	12753036
ENSG00000238771	1	12799693	12799796
ENSG00000228338	1	12882549	12883022
ENSG00000112182	6	90636248	91006627
ENSG00000269832	14	50291993	50293258
ENSG00000241534	HSCHR6_MHC_DBB	31895618	31902052
ENSG00000231103	1	12897978	12901210
ENSG00000197502	14	50300810	50311552
ENSG00000105379	19	51848423	51869672
ENSG00000207434	1	12982374	12982480
ENSG00000162869	2	48667737	48742525
ENSG00000165527	14	50359810	50361490
ENSG00000234064	1	12985990	12988081
ENSG00000250894	1	13012966	13015755
ENSG00000135709	16	85061375	85127836
ENSG00000270601	1	13108842	13112679
ENSG00000108839	17	6899384	6914055
ENSG00000125144	16	56700643	56701977
ENSG00000082458	X	69664711	69725337
ENSG00000214900	14	50448430	50474238
ENSG00000250113	1	13123246	13126086
ENSG00000127084	9	95709733	95798518
ENSG00000196460	2	102013823	102091165
ENSG00000204505	1	13140456	13145000
ENSG00000229496	HSCHR6_MHC_MCF	31574350	31590705
ENSG00000233336	1	13146777	13147256
ENSG00000197385	3	32023263	32033120
ENSG00000168260	14	50550369	50559361
ENSG00000185761	19	1505017	1513603
ENSG00000205358	16	56703726	56705041
ENSG00000153789	16	85131965	85146114
ENSG00000001631	7	91828283	91875480
ENSG00000152642	3	32147181	32210205
ENSG00000214772	12	14818589	14910897
ENSG00000261324	12	14915438	14920865
ENSG00000187193	16	56716336	56718108
ENSG00000100483	14	50575350	50583318
ENSG00000256339	12	14994026	14997642
ENSG00000111907	6	125440195	125585553
ENSG00000144810	3	99357319	99518070
ENSG00000255727	12	15154767	15159617
ENSG00000262601	16	85204882	85218969
ENSG00000261567	16	85391069	85393055
ENSG00000166250	11	122943035	123065989
ENSG00000145888	5	151202074	151304403
ENSG00000226887	4	53588785	53617807
ENSG00000128045	4	53728457	53733000
ENSG00000258875	14	91709103	91717426
ENSG00000137491	11	74811608	74917594
ENSG00000170293	3	32280171	32411817
ENSG00000254667	11	123301058	123306427
ENSG00000175274	11	44907454	44972840
ENSG00000212884	GL000205.1	117169	119085
ENSG00000206750	GL000205.1	81439	81539
ENSG00000215705	GL000205.1	122920	123169
ENSG00000221666	GL000205.1	136235	136317
ENSG00000221397	GL000205.1	138777	138857
ENSG00000266596	GL000205.1	139016	139098
ENSG00000265703	GL000205.1	144571	144653
ENSG00000220994	GL000205.1	152040	152122
ENSG00000221692	GL000205.1	164643	164725
ENSG00000224712	16	14802801	14820195
ENSG00000221570	GL000205.1	165363	165438
ENSG00000114646	3	47603729	47622282
ENSG00000263455	GL000205.1	168185	168260
ENSG00000157303	9	95820989	95847420
ENSG00000153551	3	32433163	32524559
ENSG00000088298	20	33703167	33865928
ENSG00000106348	7	128032331	128050306
ENSG00000184178	4	53739149	54232242
ENSG00000254852	16	14841923	14859270
ENSG00000104290	8	28351729	28431775
ENSG00000137936	1	94027347	94312706
ENSG00000136275	7	47834889	47859445
ENSG00000015133	14	91737667	91884188
ENSG00000165233	9	95858500	95875565
ENSG00000269403	19	51853627	51871353
ENSG00000091317	3	32522804	32544900
ENSG00000131149	16	85645015	85709810
ENSG00000144485	2	239146908	239149303
ENSG00000160318	19	51870352	51872257
ENSG00000011566	2	39476407	39664453
ENSG00000169241	1	155107820	155111329
ENSG00000131669	9	95883771	95896570
ENSG00000135341	6	91223292	91296764
ENSG00000105374	19	51874860	51875969
ENSG00000102900	16	56764017	56878797
ENSG00000213533	3	52870235	52931612
ENSG00000012232	8	28457986	28613116
ENSG00000222038	2	131369054	131415664
ENSG00000103512	16	14927538	14990017
ENSG00000023171	11	123396344	123498482
ENSG00000164744	7	48026745	48068716
ENSG00000173302	2	131486643	131487909
ENSG00000105370	19	51883163	51891214
ENSG00000133131	X	106057101	106243474
ENSG00000144635	3	32567463	32612366
ENSG00000144285	2	166845670	166984523
ENSG00000100341	22	44275558	44287893
ENSG00000067334	1	94333373	94345474
ENSG00000160963	7	101006101	101202304
ENSG00000178171	2	131513008	131525707
ENSG00000142657	1	10458649	10480201
ENSG00000189164	19	37861963	37883968
ENSG00000204130	10	70100864	70167051
ENSG00000140391	15	77336359	77376326
ENSG00000030419	2	213864429	214017151
ENSG00000019485	11	45115564	45247734
ENSG00000023909	1	94350761	94374966
ENSG00000132911	5	151771093	151812929
ENSG00000164796	8	113235157	114449328
ENSG00000100344	22	44319619	44360368
ENSG00000147571	8	67088620	67090960
ENSG00000262874	19	51891543	51893828
ENSG00000061987	12	62860597	62991363
ENSG00000219200	17	6915736	6917851
ENSG00000254553	1	32930658	33066393
ENSG00000179041	8	67341263	67342966
ENSG00000019505	11	45261852	45307870
ENSG00000262783	HSCHR9_2_CTG35	72659114	72847028
ENSG00000196437	19	37902057	37960177
ENSG00000100485	14	50583847	50698276
ENSG00000273274	1	32930670	32962287
ENSG00000175279	1	10490159	10512210
ENSG00000262817	HSCHR9_2_CTG35	72702213	72728782
ENSG00000185988	19	1524073	1535455
ENSG00000263297	HSCHR9_2_CTG35	72768036	72796884
ENSG00000129460	14	23938897	23979071
ENSG00000196923	5	176910395	176924607
ENSG00000160062	1	33005028	33071540
ENSG00000262278	HSCHR9_2_CTG35	72809567	72809746
ENSG00000137337	6	30667584	30685666
ENSG00000119707	14	73525144	73588122
ENSG00000131153	16	85709804	85723679
ENSG00000261594	11	74951950	74954742
ENSG00000104299	8	28625178	28747759
ENSG00000181588	19	1554668	1568057
ENSG00000100347	22	44351301	44406411
ENSG00000122012	5	75378997	75649764
ENSG00000173517	15	77400471	77712486
ENSG00000179085	1	155112367	155113071
ENSG00000141756	17	39968932	39979465
ENSG00000254996	5	139781493	139929154
ENSG00000116106	2	222282747	222438922
ENSG00000176261	1	33065773	33116504
ENSG00000101000	20	33759876	33765165
ENSG00000171827	19	37958487	37976260
ENSG00000204304	6	32152512	32157963
ENSG00000071655	19	1576639	1592882
ENSG00000125966	20	33814457	33864801
ENSG00000198691	1	94458393	94586688
ENSG00000139218	12	46312914	46385903
ENSG00000154102	16	85723690	85784735
ENSG00000070915	16	56899119	56949762
ENSG00000163463	1	155141884	155145951
ENSG00000165238	9	95947198	96082854
ENSG00000173473	3	47626762	47823596
ENSG00000164649	7	21940518	21985702
ENSG00000137486	11	74975226	75062873
ENSG00000131148	16	85805364	85833214
ENSG00000206268	HSCHR6_MHC_DBB	31902055	31909055
ENSG00000166257	11	123499895	123525952
ENSG00000147576	8	67342420	67383836
ENSG00000140382	15	77712754	77777949
ENSG00000183426	16	15016659	15045915
ENSG00000142512	19	51913275	51921057
ENSG00000151632	10	5029967	5060223
ENSG00000132326	2	239152679	239198743
ENSG00000273088	1	155141885	155159748
ENSG00000023697	12	16064106	16190220
ENSG00000188677	22	44395091	44568829
ENSG00000267059	19	1578338	1605444
ENSG00000136002	2	131594489	131804836
ENSG00000160145	3	123798870	124445172
ENSG00000188227	19	37997841	38039664
ENSG00000184220	3	99536678	99897447
ENSG00000127540	19	1597171	1605480
ENSG00000117868	7	158523686	158622944
ENSG00000104957	19	13842574	13874110
ENSG00000125089	4	8183799	8243530
ENSG00000152595	4	88742563	88767969
ENSG00000167695	17	635652	646206
ENSG00000213523	5	139916925	139937895
ENSG00000204352	9	96080481	96108696
ENSG00000242372	20	33866714	33872788
ENSG00000169432	2	167051695	167232503
ENSG00000251503	1	10490159	10512210
ENSG00000269871	17	6915928	6917755
ENSG00000141376	17	58754814	59470199
ENSG00000243056	5	139927251	139929163
ENSG00000230900	HSCHR6_MHC_MCF	31588589	31602936
ENSG00000106436	7	101256605	101272576
ENSG00000155511	5	152869175	153193429
ENSG00000111906	6	125541108	125623282
ENSG00000188938	9	96208776	96215874
ENSG00000241563	1	10509776	10511959
ENSG00000131143	16	85832239	85840650
ENSG00000037757	19	13875346	13885096
ENSG00000161939	17	6915954	6920839
ENSG00000162521	1	33116743	33151812
ENSG00000175264	11	45670427	45687172
ENSG00000160049	1	10516579	10532583
ENSG00000137962	1	94614544	94740624
ENSG00000205106	11	45792983	45793909
ENSG00000104979	19	13884982	13889276
ENSG00000164746	7	48075108	48100901
ENSG00000235125	HSCHR6_MHC_MCF	31590993	31602942
ENSG00000268396	2	239192329	239192498
ENSG00000141698	17	39981335	39992523
ENSG00000181830	11	45825623	45834566
ENSG00000169783	15	77905369	78113242
ENSG00000204104	2	239229082	239309541
ENSG00000142655	1	10532345	10690815
ENSG00000226275	HSCHR6_MHC_MCF	31616138	31618410
ENSG00000171817	19	38042308	38104998
ENSG00000079785	2	15731302	15771235
ENSG00000121671	11	45868669	45904798
ENSG00000048828	9	96214004	96328397
ENSG00000163935	3	52937588	53080766
ENSG00000182973	3	32726637	32815367
ENSG00000183696	7	48128225	48148330
ENSG00000135333	6	93949738	94129265
ENSG00000214946	17	15635561	15649476
ENSG00000167202	15	78276378	78370066
ENSG00000051108	16	56965960	56977798
ENSG00000166261	11	123594885	123612383
ENSG00000179889	16	15068448	15233196
ENSG00000135547	6	126068810	126082415
ENSG00000180479	19	38045684	38085673
ENSG00000120498	X	69748790	70128581
ENSG00000068079	17	41158742	41166473
ENSG00000196139	10	5077546	5149878
ENSG00000121653	11	45907202	45928016
ENSG00000163586	2	88422510	88427635
ENSG00000145216	4	54243810	55161439
ENSG00000130940	1	10696661	10856707
ENSG00000221931	11	123624196	123625253
ENSG00000197724	9	96338689	96441869
ENSG00000138964	22	44568836	44615413
ENSG00000179409	17	647654	657239
ENSG00000152670	5	55033845	55112985
ENSG00000196099	11	123676043	123677095
ENSG00000163462	1	155145873	155157447
ENSG00000140968	16	85932409	85956215
ENSG00000125998	20	33873534	33880204
ENSG00000113108	5	139937853	139973337
ENSG00000101974	X	138808505	139027435
ENSG00000204300	11	123753633	123756349
ENSG00000256500	14	104029299	104152261
ENSG00000234776	11	45928085	45928833
ENSG00000087299	14	50704281	50779266
ENSG00000188991	12	16341419	16430619
ENSG00000181518	11	123777109	123778183
ENSG00000117528	1	94883933	94984222
ENSG00000146094	5	176928908	176938275
ENSG00000214109	19	13890884	13900972
ENSG00000126870	7	158649269	158749438
ENSG00000166130	12	99007183	99038891
ENSG00000131668	9	96713905	96717654
ENSG00000105366	19	51954101	51961710
ENSG00000162520	1	33145507	33169197
ENSG00000170425	17	15848231	15879060
ENSG00000144115	2	88469835	88486146
ENSG00000008394	12	16500076	16762193
ENSG00000171014	11	123810250	123811344
ENSG00000132003	19	13906274	13943044
ENSG00000181499	11	123813492	123814580
ENSG00000120784	19	38104650	38183238
ENSG00000125375	14	50779044	50802276
ENSG00000196248	11	123847368	123848488
ENSG00000145703	5	75699074	76003957
ENSG00000196326	10	5196335	5244449
ENSG00000198674	11	123864870	123865868
ENSG00000158079	9	96793076	96872138
ENSG00000174946	3	150915619	150920988
ENSG00000223952	HSCHR6_MHC_MCF	31619653	31622422
ENSG00000254737	11	123886282	123887217
ENSG00000187556	19	13972877	13991571
ENSG00000272305	3	53003135	53133469
ENSG00000236981	11	123893720	123894655
ENSG00000174944	3	150929905	150996255
ENSG00000103241	16	86544133	86548076
ENSG00000136367	14	23990066	24025401
ENSG00000147223	X	106143293	106146565
ENSG00000236237	HSCHR6_MHC_MCF	31624641	31626608
ENSG00000152154	2	39892122	39945103
ENSG00000121680	11	45931220	45940363
ENSG00000138271	3	151011891	151034740
ENSG00000214941	17	15879874	15903031
ENSG00000204283	17	75875109	75878659
ENSG00000181631	3	151044100	151047336
ENSG00000165376	X	106143394	106174091
ENSG00000117525	1	94994781	95007356
ENSG00000269402	17	30506379	30506885
ENSG00000175787	9	97021593	97063736
ENSG00000162522	1	33207486	33240571
ENSG00000257923	7	101458959	101927249
ENSG00000132016	19	13993161	14017265
ENSG00000147421	8	28747911	28922281
ENSG00000101019	20	33890369	33999944
ENSG00000213822	19	51979838	51994206
ENSG00000120837	12	104510855	104532067
ENSG00000149273	11	75110530	75133324
ENSG00000234560	11	123900297	123901341
ENSG00000136237	7	22157856	22396763
ENSG00000182634	11	123908773	123909717
ENSG00000089682	X	106307650	106362057
ENSG00000141314	17	30593195	30651680
ENSG00000138346	10	70173821	70231879
ENSG00000135903	2	223064607	223163715
ENSG00000111912	6	126102307	126252266
ENSG00000167699	17	660337	685581
ENSG00000130950	9	97077605	97090926
ENSG00000071564	19	1609291	1652604
ENSG00000254521	19	51994611	52005043
ENSG00000103248	16	86563782	86588841
ENSG00000256053	14	104029299	104073860
ENSG00000169313	3	151055168	151102600
ENSG00000234514	HSCHR6_MHC_MCF	31630207	31632990
ENSG00000148110	9	97136833	97223324
ENSG00000179869	7	48211055	48687092
ENSG00000213654	6	32158543	32163300
ENSG00000170801	4	8271492	8308838
ENSG00000172073	2	88824169	88829102
ENSG00000132024	19	14017014	14041692
ENSG00000259431	14	24025216	24029480
ENSG00000130957	9	97321002	97356075
ENSG00000118785	4	88896819	88904562
ENSG00000152580	3	151143172	151176497
ENSG00000072201	4	54325468	54567572
ENSG00000144451	2	214149113	215275225
ENSG00000111057	12	53342655	53346685
ENSG00000110002	11	123986069	124018428
ENSG00000165905	11	45943172	45950647
ENSG00000165140	9	97365415	97402531
ENSG00000231031	2	15830906	15884463
ENSG00000205922	19	1752372	1780987
ENSG00000204301	6	32162620	32191844
ENSG00000134323	2	16080686	16087129
ENSG00000078687	17	76000249	76104916
ENSG00000138944	22	44639547	44708731
ENSG00000175262	1	11006528	11042094
ENSG00000196381	19	38158652	38183223
ENSG00000172071	2	88856259	88927094
ENSG00000163933	3	53122499	53164478
ENSG00000065802	2	239335383	239360891
ENSG00000220702	22	44761431	44762164
ENSG00000183476	15	78370150	78397251
ENSG00000188636	22	44888452	44894178
ENSG00000267552	19	38180766	38210089
ENSG00000258315	17	6917814	6920844
ENSG00000233608	2	239756673	239795893
ENSG00000011295	17	15902694	15948329
ENSG00000106018	7	158820866	158937649
ENSG00000136425	15	78396948	78423886
ENSG00000198182	19	38187264	38210691
ENSG00000087008	4	8368009	8442450
ENSG00000055147	5	153369688	153418496
ENSG00000143036	1	95285898	95360802
ENSG00000120948	1	11072414	11085796
ENSG00000134684	1	33240840	33283754
ENSG00000221949	12	62995531	62997214
ENSG00000169085	8	67372238	67430759
ENSG00000122912	10	70237756	70287231
ENSG00000105492	19	52022779	52035110
ENSG00000087237	16	56995762	57017757
ENSG00000186654	22	45064593	45133561
ENSG00000135245	7	128095903	128098472
ENSG00000148120	9	97488983	97849441
ENSG00000130270	19	1782074	1812275
ENSG00000118762	4	88928820	88998929
ENSG00000223493	HSCHR6_MHC_DBB	31909043	31919714
ENSG00000197872	2	16730727	16847599
ENSG00000153574	2	88991162	89050452
ENSG00000168386	3	99548985	99833357
ENSG00000189144	19	38226734	38307940
ENSG00000048540	12	16701307	16763528
ENSG00000149243	11	75133438	75141674
ENSG00000132153	3	47844399	47891685
ENSG00000172469	6	96025419	96057333
ENSG00000213983	14	24028774	24037279
ENSG00000266488	HSCHR3_1_CTG1	11901147	11934974
ENSG00000116497	1	33282368	33324476
ENSG00000198088	X	106366657	106449670
ENSG00000068024	2	239969864	240323348
ENSG00000264064	HSCHR3_1_CTG1	11922258	11922531
ENSG00000172461	6	96463860	96663488
ENSG00000211592	2	89156674	89157196
ENSG00000265773	HSCHR3_1_CTG1	11943406	11944640
ENSG00000211593	2	89160080	89160117
ENSG00000266576	HSCHR3_1_CTG1	11949922	11955708
ENSG00000166411	15	78423840	78464291
ENSG00000176692	16	86600857	86602539
ENSG00000165349	X	70145432	70150975
ENSG00000211594	2	89160398	89160434
ENSG00000266695	HSCHR3_1_CTG1	11953029	11954160
ENSG00000126215	14	104163946	104181841
ENSG00000211595	2	89160733	89160770
ENSG00000176678	16	86609974	86615303
ENSG00000111110	12	63037762	63328817
ENSG00000196230	6	30687978	30693203
ENSG00000225211	HSCHR6_MHC_MCF	31632976	31637066
ENSG00000014123	6	96969471	97003152
ENSG00000260456	16	87117168	87351022
ENSG00000132000	19	14042000	14064204
ENSG00000197309	11	124055923	124056952
ENSG00000138336	10	70320413	70454239
ENSG00000109220	4	54875956	54930857
ENSG00000197953	3	151451704	151479127
ENSG00000197849	11	124120423	124135763
ENSG00000157045	16	15131710	15149921
ENSG00000211596	2	89161037	89161074
ENSG00000255298	11	124134723	124135763
ENSG00000118777	4	89011416	89152474
ENSG00000211597	2	89161398	89161435
ENSG00000158169	9	97861336	98079991
ENSG00000211598	2	89184913	89185669
ENSG00000196341	11	124179708	124180733
ENSG00000269506	4	54927213	54927377
ENSG00000185499	1	155158300	155162707
ENSG00000211599	2	89196748	89197300
ENSG00000197263	11	124189134	124190184
ENSG00000135365	11	45950871	46142985
ENSG00000243466	2	89246819	89247475
ENSG00000180613	4	54965690	54968672
ENSG00000204293	11	124252291	124253258
ENSG00000141562	17	80416056	80448413
ENSG00000196661	11	124266278	124267264
ENSG00000198657	11	124293807	124294789
ENSG00000117519	1	95362507	95392834
ENSG00000100490	14	50796310	50883179
ENSG00000197125	11	124310022	124311054
ENSG00000171804	19	38375463	38397317
ENSG00000248405	22	45098113	45258586
ENSG00000170953	11	124412578	124413575
ENSG00000163932	3	53190025	53226733
ENSG00000197892	8	28924796	29120641
ENSG00000037749	5	153418466	153600038
ENSG00000204183	20	34020827	34023248
ENSG00000114771	3	151531825	151546276
ENSG00000131152	16	87336482	87367879
ENSG00000100796	14	91923955	91976898
ENSG00000160097	1	33327869	33338083
ENSG00000158555	11	75145685	75236948
ENSG00000125965	20	34021145	34042568
ENSG00000185697	8	67474410	67526482
ENSG00000163081	2	223162866	223169936
ENSG00000103264	16	87360593	87425748
ENSG00000196119	11	124439893	124441037
ENSG00000163082	2	223289236	223425667
ENSG00000235985	HSCHR6_MHC_MCF	31659258	31661095
ENSG00000172339	1	95439963	95538501
ENSG00000253207	8	114612539	114629187
ENSG00000154143	11	124481386	124490252
ENSG00000085721	16	15153879	15188174
ENSG00000203933	X	139037884	139047679
ENSG00000105497	19	52074551	52092991
ENSG00000063046	12	53399942	53435993
ENSG00000012983	14	50885219	51027844
ENSG00000105889	7	22459063	22672544
ENSG00000167765	19	52095036	52097630
ENSG00000108666	17	30651584	30677042
ENSG00000152078	1	95582894	95663163
ENSG00000147164	X	70279094	70288273
ENSG00000185760	6	73331520	73908574
ENSG00000116120	2	223435255	223521056
ENSG00000183258	5	176938578	176944470
ENSG00000105501	19	52114781	52150151
ENSG00000105738	19	38397868	38699012
ENSG00000080572	X	106449862	106487473
ENSG00000152102	2	131805449	131851033
ENSG00000161940	17	6926339	6933609
ENSG00000271092	1	95583479	95712781
ENSG00000268500	19	52115344	52150142
ENSG00000136244	7	22765503	22771621
ENSG00000154144	11	124492732	124505287
ENSG00000120875	8	29190581	29208185
ENSG00000254415	19	52145806	52150054
ENSG00000259991	HG281_PATCH	49973943	49974971
ENSG00000104447	8	116420724	116821899
ENSG00000261383	HG281_PATCH	50003006	50004068
ENSG00000079313	19	1815248	1848452
ENSG00000267970	7	48887362	48891221
ENSG00000122481	1	95699711	95712781
ENSG00000198829	3	151591431	151602405
ENSG00000126001	20	34042985	34099804
ENSG00000188730	7	49813257	49961546
ENSG00000184481	X	70316047	70323385
ENSG00000140941	16	87417601	87438385
ENSG00000009724	1	11086580	11107290
ENSG00000265973	HG281_PATCH	49865040	49868085
ENSG00000174453	2	215275789	215443683
ENSG00000196683	7	22852251	22862470
ENSG00000060339	10	70480769	70552134
ENSG00000001629	7	91875548	92030698
ENSG00000136546	2	167260083	167350757
ENSG00000166148	12	63539014	63544722
ENSG00000105509	19	52216365	52227247
ENSG00000260354	HG281_PATCH	49893378	49895619
ENSG00000165055	7	128116783	128146656
ENSG00000042813	7	49890017	50160925
ENSG00000237435	1	96403457	96488436
ENSG00000134595	X	139585152	139587225
ENSG00000111911	6	126277927	126301387
ENSG00000134853	4	55095264	55164414
ENSG00000203930	X	139791932	139854844
ENSG00000164574	5	153570290	153800544
ENSG00000183793	16	15457516	15474904
ENSG00000116649	1	11114641	11120081
ENSG00000155275	4	8437867	8495258
ENSG00000184258	X	139865425	139866723
ENSG00000241484	22	45098355	45258665
ENSG00000227234	X	140084756	140085871
ENSG00000138376	2	215590370	215674428
ENSG00000140948	16	87439852	87525651
ENSG00000157613	11	46299212	46342972
ENSG00000261130	16	15489611	15609205
ENSG00000235604	X	140096761	140097876
ENSG00000121905	1	33351595	33364042
ENSG00000203867	10	112404155	112599227
ENSG00000111371	12	46576846	46663800
ENSG00000182195	X	140269934	140271310
ENSG00000122591	7	22980878	23053749
ENSG00000198573	X	140335596	140336629
ENSG00000156968	16	15489611	15507125
ENSG00000198021	X	140671796	140673133
ENSG00000121900	1	33360195	33367039
ENSG00000129911	19	1852399	1863567
ENSG00000171051	19	52248425	52307363
ENSG00000147677	8	117654369	117779164
ENSG00000114491	3	124449213	124464040
ENSG00000243501	6	73919469	73972919
ENSG00000066651	6	126307576	126360422
ENSG00000256980	6	73933267	73935493
ENSG00000206557	3	32859510	32939318
ENSG00000112214	6	97010424	97064512
ENSG00000171049	19	52255279	52273779
ENSG00000103740	15	78459810	78538030
ENSG00000239855	2	89265781	89266286
ENSG00000141524	17	76106539	76128488
ENSG00000166780	16	15528152	15718885
ENSG00000183813	3	32993066	32997841
ENSG00000133872	8	29920528	29940723
ENSG00000243063	2	89277987	89278600
ENSG00000147234	X	106765680	106848481
ENSG00000135314	6	73951037	74020088
ENSG00000203926	X	140677562	140678899
ENSG00000240671	2	89291928	89292450
ENSG00000116514	1	33402046	33430286
ENSG00000241755	2	89309479	89310012
ENSG00000196406	X	140785568	140786896
ENSG00000235156	3	99904531	99913035
ENSG00000171824	1	11126675	11159938
ENSG00000121068	17	59477257	59486827
ENSG00000185920	9	98205262	98279339
ENSG00000174327	17	6939394	6943440
ENSG00000267885	1	33439268	33439642
ENSG00000204296	6	32256303	32339684
ENSG00000120868	12	99038919	99129204
ENSG00000011332	19	38701646	38720354
ENSG00000165509	X	140926102	140985618
ENSG00000152601	3	151961617	152183569
ENSG00000241351	2	89326668	89327228
ENSG00000147224	X	106871737	106894256
ENSG00000243290	2	89339721	89340242
ENSG00000204165	X	70323739	70326638
ENSG00000129968	19	1876809	1885546
ENSG00000125975	20	34111014	34117481
ENSG00000244437	2	89384673	89385283
ENSG00000236765	HSCHR6_MHC_DBB	31919773	31922255
ENSG00000117569	1	97187221	97289294
ENSG00000240864	2	89399352	89399854
ENSG00000240382	2	89416833	89417335
ENSG00000239951	2	89442057	89442643
ENSG00000147679	8	117778742	117861702
ENSG00000211611	2	89459235	89459850
ENSG00000112218	6	97242002	97285353
ENSG00000047849	3	47892182	48130769
ENSG00000080815	14	73603126	73690399
ENSG00000147168	X	70327254	70331958
ENSG00000123545	6	97337189	97345757
ENSG00000004455	1	33473585	33546597
ENSG00000036054	3	99979844	100044095
ENSG00000203909	6	74062785	74064018
ENSG00000175073	8	67540722	67579452
ENSG00000124003	2	223536505	223574649
ENSG00000203908	6	74072400	74073894
ENSG00000155495	X	140991680	140997174
ENSG00000154118	16	87635441	87731762
ENSG00000146067	5	176946789	176981542
ENSG00000140403	15	78556428	78574538
ENSG00000203907	6	74078278	74104856
ENSG00000270024	8	67579831	67772707
ENSG00000265906	HG281_PATCH	49895725	49898365
ENSG00000150593	10	112631565	112659764
ENSG00000170266	3	33038100	33138722
ENSG00000260435	HG281_PATCH	49897788	49898190
ENSG00000226180	16	87727144	87729753
ENSG00000155269	4	8560452	8621486
ENSG00000213865	8	67579850	67597799
ENSG00000225748	HSCHR6_MHC_MCF	31664743	31681839
ENSG00000163644	4	89178772	89205921
ENSG00000186231	6	97372605	97588630
ENSG00000198431	12	104609557	104744061
ENSG00000177990	12	63952693	64062719
ENSG00000149257	11	75273101	75283828
ENSG00000104660	8	29952914	30034724
ENSG00000213828	2	240083493	240084053
ENSG00000174326	17	6944949	6947242
ENSG00000164500	7	50135632	50199426
ENSG00000222020	2	240323130	240324058
ENSG00000110013	11	124503009	124565603
ENSG00000268926	9	98534605	98537013
ENSG00000073060	12	125261402	125367214
ENSG00000196758	2	240499995	240507788
ENSG00000046774	X	141290131	141293076
ENSG00000220256	2	240684554	240724577
ENSG00000171861	17	685513	695749
ENSG00000188641	1	97543299	98386605
ENSG00000115762	2	131862420	132111282
ENSG00000157404	4	55524085	55606881
ENSG00000157259	7	92076767	92088150
ENSG00000104731	16	87730091	87799598
ENSG00000064199	11	124543694	124567414
ENSG00000132514	17	6977856	6983626
ENSG00000260061	HG281_PATCH	49904551	49904926
ENSG00000259809	HG281_PATCH	49913814	49915329
ENSG00000123983	2	223725652	223809357
ENSG00000232325	7	70972	71835
ENSG00000242611	7	77038	80418
ENSG00000261160	HG281_PATCH	49919819	49920738
ENSG00000182150	9	98637983	98776842
ENSG00000242474	7	135853	149466
ENSG00000109625	4	8594387	8621488
ENSG00000154146	11	124609742	124617106
ENSG00000144452	2	215796266	216003151
ENSG00000260559	HG281_PATCH	49936565	49937196
ENSG00000261354	HG281_PATCH	49938943	49940030
ENSG00000185811	7	50343720	50472799
ENSG00000167693	17	702553	883010
ENSG00000240859	7	149597	155465
ENSG00000164754	8	117858174	117887105
ENSG00000149091	11	46354455	46402104
ENSG00000140853	16	57023397	57117443
ENSG00000187013	17	59489112	59490641
ENSG00000268657	14	92038788	92041383
ENSG00000241294	2	89475812	89476644
ENSG00000166783	16	15688243	15737023
ENSG00000130414	2	240831867	240964819
ENSG00000214842	2	17691851	17699706
ENSG00000259853	HG281_PATCH	49941864	49942966
ENSG00000260801	HG281_PATCH	49944601	49945438
ENSG00000169231	1	155165379	155178842
ENSG00000162627	1	99127236	99226056
ENSG00000164576	5	153825517	153840614
ENSG00000121075	17	59529765	59562471
ENSG00000125991	20	34129770	34145405
ENSG00000133962	14	92047040	92247051
ENSG00000163032	2	17720393	17838285
ENSG00000177669	8	29989340	30002202
ENSG00000242950	7	92097694	92107300
ENSG00000130948	9	98997588	99064434
ENSG00000198793	1	11166592	11322564
ENSG00000260079	HG281_PATCH	50040322	50041219
ENSG00000244575	2	89512908	89513413
ENSG00000261795	7	161765	164972
ENSG00000198610	10	5237425	5260912
ENSG00000263313	HG305_PATCH	102706532	102714534
ENSG00000111404	12	18233803	18473041
ENSG00000260811	HG281_PATCH	50054412	50055332
ENSG00000104671	8	30013813	30041156
ENSG00000244116	2	89521179	89521942
ENSG00000239715	7	174920	176013
ENSG00000260595	HG281_PATCH	50074948	50075847
ENSG00000240093	7	182935	194180
ENSG00000243238	2	89544264	89545079
ENSG00000260562	HG281_PATCH	50124155	50124436
ENSG00000248999	7	330617	330787
ENSG00000242076	2	89567758	89568263
ENSG00000142920	1	33546705	33586131
ENSG00000248767	7	331310	334388
ENSG00000141027	17	15932471	16121499
ENSG00000249574	7	419325	422678
ENSG00000056487	22	45277042	45405880
ENSG00000239862	2	89597021	89597542
ENSG00000234471	7	523744	535755
ENSG00000242371	2	89619383	89619904
ENSG00000223855	7	560028	564869
ENSG00000252986	7	590370	590450
ENSG00000189326	X	142113704	142122488
ENSG00000229380	7	601595	605256
ENSG00000211619	2	89629873	89630186
ENSG00000203760	6	126661320	126670021
ENSG00000251039	2	89890601	89891307
ENSG00000167642	19	38734675	38783254
ENSG00000263310	HSCHR18_2_CTG2_1	76740275	76762678
ENSG00000117598	1	99355806	99470588
ENSG00000189252	X	142596564	142605303
ENSG00000251546	2	89901292	89901791
ENSG00000122550	7	23145353	23217533
ENSG00000130958	9	99082988	99145992
ENSG00000250036	2	89923550	89924026
ENSG00000262406	HG305_PATCH	102733467	102745765
ENSG00000239975	2	89952792	89953355
ENSG00000104205	8	67624653	67774257
ENSG00000198513	14	50999227	51099786
ENSG00000239571	2	89975669	89976489
ENSG00000184840	5	177019159	177023125
ENSG00000164509	5	55147207	55218678
ENSG00000253506	17	59667794	59668563
ENSG00000161594	17	39991937	40004636
ENSG00000179542	X	142710596	142723596
ENSG00000243264	2	89986322	89987079
ENSG00000163092	2	167744997	168116263
ENSG00000262782	HSCHR18_2_CTG2_1	76834837	77142822
ENSG00000203924	X	142795055	142804516
ENSG00000161944	17	7004641	7019019
ENSG00000262809	HG305_PATCH	102617699	102707497
ENSG00000080007	6	74104471	74127292
ENSG00000102069	X	142967173	142968355
ENSG00000019102	11	124617368	124622134
ENSG00000227500	19	1905213	1926016
ENSG00000165244	9	99148223	99180611
ENSG00000187474	19	52298416	52329442
ENSG00000136492	17	59758627	59940882
ENSG00000146374	6	127439749	127518910
ENSG00000117600	1	99729509	99775146
ENSG00000167641	19	38741877	38747231
ENSG00000130956	9	99212483	99253618
ENSG00000127980	7	92116334	92157845
ENSG00000176087	5	139944041	139948688
ENSG00000146263	6	97590037	97731093
ENSG00000138642	4	89299891	89364263
ENSG00000205047	16	87731749	87739290
ENSG00000224474	10	99179228	99185831
ENSG00000093000	22	45559722	45583896
ENSG00000149564	11	124622026	124632186
ENSG00000004478	12	2904119	2914576
ENSG00000140395	15	78570177	78592136
ENSG00000213638	19	1905377	1913444
ENSG00000242534	2	89998789	89999564
ENSG00000138050	2	39963200	40006407
ENSG00000103257	16	87863629	87903094
ENSG00000211623	2	90024732	90025512
ENSG00000170458	5	140011313	140013286
ENSG00000241566	2	90043607	90044439
ENSG00000161551	19	52359055	52394203
ENSG00000204290	6	32361740	32374905
ENSG00000118518	6	127587755	127609712
ENSG00000225523	2	90060377	90060995
ENSG00000171314	10	99185917	99193198
ENSG00000184634	X	70338406	70362303
ENSG00000211625	2	90077680	90078311
ENSG00000165623	10	13263767	13276334
ENSG00000211626	2	90108504	90109080
ENSG00000163029	2	17845079	17981509
ENSG00000242766	2	90121477	90122133
ENSG00000133275	19	1941188	1981337
ENSG00000134294	12	46751972	46766650
ENSG00000171533	11	75297963	75380165
ENSG00000099260	1	100111499	100160097
ENSG00000241244	2	90139078	90139580
ENSG00000092051	14	24037244	24048009
ENSG00000262280	HSCHR18_2_CTG2_1	76736555	76739074
ENSG00000267748	19	38779791	38795550
ENSG00000224041	2	90153696	90154258
ENSG00000262540	HG305_PATCH	102751225	102751577
ENSG00000211630	2	90192768	90193424
ENSG00000113196	5	153854532	153857824
ENSG00000164220	5	75911307	75919259
ENSG00000240834	2	90198535	90199190
ENSG00000211632	2	90211643	90212253
ENSG00000262276	HG305_PATCH	102774623	102774684
ENSG00000120458	11	124636394	124670569
ENSG00000157514	X	106956451	107020572
ENSG00000174990	16	87921625	87970135
ENSG00000211633	2	90229045	90229531
ENSG00000242580	2	90248739	90249395
ENSG00000226257	HSCHR6_MHC_DBB	31921138	31932782
ENSG00000239819	2	90259593	90260248
ENSG00000172318	2	168675182	168730551
ENSG00000166391	11	75428864	75444003
ENSG00000166426	15	78632666	78640572
ENSG00000203923	X	144328348	144337632
ENSG00000235896	2	90273679	90274235
ENSG00000270999	2	90458201	90458671
ENSG00000198093	19	52392477	52408293
ENSG00000178502	17	40009797	40021684
ENSG00000228325	2	90537839	90538397
ENSG00000132436	7	50511831	50518088
ENSG00000181104	5	76011868	76031606
ENSG00000178473	10	5406972	5416169
ENSG00000027847	5	177027101	177037348
ENSG00000116525	1	33611003	33647660
ENSG00000132017	19	14063304	14072254
ENSG00000133243	19	1985447	2034880
ENSG00000156869	1	100174259	100232187
ENSG00000176024	19	52430400	52452012
ENSG00000198648	2	168810530	169104651
ENSG00000062282	11	75470557	75512579
ENSG00000185985	X	144899350	144907360
ENSG00000136381	15	78729773	78793798
ENSG00000100867	14	24099324	24114848
ENSG00000182083	2	240968841	240969906
ENSG00000081377	9	99252523	99382112
ENSG00000131495	5	140018325	140027370
ENSG00000108506	17	59942731	60005377
ENSG00000221961	2	240981230	240982399
ENSG00000155506	5	154092462	154197167
ENSG00000221870	X	144908928	144911368
ENSG00000178586	2	240984494	240985489
ENSG00000132005	19	14072350	14117851
ENSG00000267963	2	241053907	241064304
ENSG00000205085	7	128312342	128326929
ENSG00000188219	2	131975882	132022965
ENSG00000237181	7	642822	648119
ENSG00000273151	7	919427	926184
ENSG00000256683	19	52467596	52490109
ENSG00000172428	2	241065980	241076224
ENSG00000199023	7	1062569	1062662
ENSG00000164045	3	48198636	48229892
ENSG00000225146	7	1068661	1083527
ENSG00000114021	3	100053545	100075710
ENSG00000108828	17	41166622	41177140
ENSG00000128052	4	55944644	55991756
ENSG00000164430	6	74123238	74161999
ENSG00000178602	2	241078446	241083979
ENSG00000171136	19	14138960	14141854
ENSG00000164251	5	76114758	76131140
ENSG00000167645	19	38795753	38807913
ENSG00000173171	1	155178490	155183615
ENSG00000104998	19	14142560	14163743
ENSG00000188167	3	33131913	33138293
ENSG00000135248	7	128349115	128371797
ENSG00000061656	20	34203814	34208971
ENSG00000204287	6	32407619	32412823
ENSG00000163060	2	95537178	95542574
ENSG00000198382	11	75526212	75854239
ENSG00000187867	19	14164177	14169971
ENSG00000154134	11	124735282	124751366
ENSG00000170275	3	33155471	33189265
ENSG00000072864	16	15737124	15820210
ENSG00000152049	2	223916532	224063117
ENSG00000171643	5	76145826	76217475
ENSG00000141854	19	14183348	14185874
ENSG00000224997	14	104177607	104179149
ENSG00000197619	19	52494585	52511483
ENSG00000165929	14	92246095	92333880
ENSG00000171951	2	224461658	224467221
ENSG00000113119	5	140019012	140024993
ENSG00000188032	19	14192431	14196687
ENSG00000173705	3	33191537	33260707
ENSG00000100711	14	104182067	104200005
ENSG00000150991	12	125396150	125401914
ENSG00000170074	5	177134982	177210399
ENSG00000111203	12	2921788	2968957
ENSG00000141858	19	14198652	14201848
ENSG00000214871	7	23210760	23234503
ENSG00000157110	8	30241944	30429778
ENSG00000141568	17	80477589	80602538
ENSG00000152056	2	224616403	224702744
ENSG00000085741	11	75897369	75921780
ENSG00000158122	9	99401859	99417585
ENSG00000102081	X	146993469	147032645
ENSG00000142556	19	52516018	52533493
ENSG00000160999	7	101928405	101962178
ENSG00000163931	3	53258723	53290068
ENSG00000010244	17	30677136	30708905
ENSG00000137492	11	76061000	76092015
ENSG00000137312	6	30695486	30710510
ENSG00000160094	1	33722146	33766320
ENSG00000081386	9	99518147	99540411
ENSG00000172005	2	95691422	95719737
ENSG00000178460	8	67782984	67834283
ENSG00000072062	19	14202500	14228896
ENSG00000136243	7	23221446	23240630
ENSG00000128563	7	102004319	102067123
ENSG00000145708	5	76248538	76276983
ENSG00000110492	11	46402306	46405375
ENSG00000184389	1	33772367	33786699
ENSG00000171819	1	11249398	11256038
ENSG00000082781	3	124480795	124620265
ENSG00000151748	14	51098776	51135049
ENSG00000262826	HSCHR1_1_CTG31	153717774	153763786
ENSG00000099875	19	2037470	2051243
ENSG00000154174	3	100082275	100120242
ENSG00000215612	4	8847802	8873543
ENSG00000196597	9	99578754	99637905
ENSG00000131473	17	40023161	40086795
ENSG00000120942	1	11333263	11356106
ENSG00000165730	10	70587298	70655188
ENSG00000229924	4	9172135	9178453
ENSG00000214413	10	112658488	112679032
ENSG00000105011	19	14230321	14247768
ENSG00000177628	1	155204243	155214490
ENSG00000170935	X	107020963	107037912
ENSG00000196312	9	99660348	99775862
ENSG00000256087	19	52534632	52598991
ENSG00000232399	4	9212383	9228214
ENSG00000179240	11	76092357	76125663
ENSG00000205002	8	117950438	117956726
ENSG00000231396	4	9212383	9213975
ENSG00000141505	17	7076750	7082883
ENSG00000172530	16	87982850	88110924
ENSG00000233136	4	9217131	9218723
ENSG00000178206	2	132044330	132050127
ENSG00000227551	4	9221878	9223470
ENSG00000135297	6	74171301	74218959
ENSG00000198502	6	32485120	32498064
ENSG00000257607	7	1094996	1098897
ENSG00000188152	9	99690592	99702535
ENSG00000224079	7	1114086	1117672
ENSG00000223569	4	9236111	9237700
ENSG00000173272	2	132222473	132250316
ENSG00000226291	7	1120499	1121814
ENSG00000080561	X	107068985	107170423
ENSG00000134686	1	33789224	33896653
ENSG00000229043	7	1200010	1204903
ENSG00000184486	6	99282580	99286660
ENSG00000249104	4	9245605	9247197
ENSG00000234651	HSCHR6_MHC_MCF	31683095	31696765
ENSG00000233082	7	1306989	1308903
ENSG00000250844	4	9250356	9251948
ENSG00000225981	7	1499573	1503644
ENSG00000162688	1	100315640	100389579
ENSG00000273230	7	1504133	1507158
ENSG00000107537	10	13319796	13344412
ENSG00000231927	7	1548291	1549063
ENSG00000248920	4	9255104	9256696
ENSG00000196126	6	32546546	32557625
ENSG00000197608	19	52567719	52599018
ENSG00000164756	8	117962512	118188953
ENSG00000256005	7	1580047	1581609
ENSG00000268280	5	55224468	55224569
ENSG00000144029	2	95752952	95815179
ENSG00000132437	7	50526134	50633154
ENSG00000206535	3	100120037	100175163
ENSG00000112234	6	99316420	99395849
ENSG00000250745	4	9259850	9261442
ENSG00000072071	19	14260750	14316999
ENSG00000230487	7	1609709	1629262
ENSG00000249811	4	9264598	9266190
ENSG00000180720	11	46406640	46408107
ENSG00000248933	4	9269345	9270937
ENSG00000250913	4	9274090	9274640
ENSG00000136943	9	99794940	99801925
ENSG00000128039	4	56212276	56239263
ENSG00000232264	4	9326891	9328483
ENSG00000093144	6	127609855	127664754
ENSG00000230430	4	9331637	9333229
ENSG00000164252	5	76325076	76361059
ENSG00000085449	2	224720433	224810104
ENSG00000139144	12	18400548	18801348
ENSG00000229579	4	9336384	9337976
ENSG00000118600	12	64173583	64203338
ENSG00000227140	4	9341129	9342721
ENSG00000235780	4	9345874	9347466
ENSG00000231051	4	9350619	9352211
ENSG00000140092	14	92335756	92414331
ENSG00000167644	19	38794801	38795649
ENSG00000231637	4	9355364	9356956
ENSG00000134851	4	56262124	56319564
ENSG00000228856	4	9364855	9366447
ENSG00000230444	7	1654226	1654961
ENSG00000231476	7	1660290	1661041
ENSG00000138646	4	89378268	89427314
ENSG00000234977	7	1731542	1732086
ENSG00000099337	19	38810484	38819660
ENSG00000172292	2	169312372	169631644
ENSG00000236081	7	1778266	1781927
ENSG00000266391	7	1820330	1820427
ENSG00000265089	7	1883816	1883889
ENSG00000178462	10	5435061	5446793
ENSG00000197265	8	30435835	30515768
ENSG00000271098	7	2327550	2328063
ENSG00000262003	17	812872	814452
ENSG00000230914	7	2423756	2428232
ENSG00000263163	HSCHR1_1_CTG31	153764061	153769864
ENSG00000271163	7	2433482	2433766
ENSG00000175873	7	2477398	2487485
ENSG00000177370	17	900357	906911
ENSG00000236734	7	2514360	2516528
ENSG00000221962	3	152057484	152058779
ENSG00000261787	8	67858736	67874825
ENSG00000169860	3	152552736	152555841
ENSG00000134352	5	55230923	55290821
ENSG00000264357	7	2566708	2566779
ENSG00000219492	4	9385743	9390709
ENSG00000107625	10	70661034	70706603
ENSG00000158636	11	76155967	76264069
ENSG00000181467	3	152880029	152886265
ENSG00000186146	4	9446260	9452240
ENSG00000146267	6	99719045	99797938
ENSG00000238857	7	2590504	2590599
ENSG00000231357	7	2875255	2875656
ENSG00000133392	16	15797029	15950890
ENSG00000178125	8	67876334	67968839
ENSG00000160991	7	102073553	102097268
ENSG00000110497	11	46417964	46615675
ENSG00000164758	8	118532952	118552501
ENSG00000154133	11	124753587	124768396
ENSG00000123146	19	14491313	14519537
ENSG00000141580	17	80572438	80606429
ENSG00000205835	3	190570666	190610218
ENSG00000109667	4	9772777	10056560
ENSG00000173848	10	5454514	5500426
ENSG00000196935	12	64238073	64541613
ENSG00000170925	X	107224094	107225600
ENSG00000117620	1	100435345	100492535
ENSG00000181458	3	100211463	100296288
ENSG00000170271	5	154198051	154238812
ENSG00000182197	8	118806729	119124092
ENSG00000063660	2	241375088	241407493
ENSG00000153558	3	33318517	33445154
ENSG00000099338	19	38826415	38861589
ENSG00000244207	HSCHR6_MHC_DBB	31931985	31952643
ENSG00000188729	3	190917030	190983404
ENSG00000075886	2	132233666	132240507
ENSG00000253457	8	30496117	30503581
ENSG00000237286	7	2983669	2986725
ENSG00000237787	3	153202284	153220486
ENSG00000201794	7	3038728	3039028
ENSG00000228334	7	3122886	3126055
ENSG00000121022	8	67955314	67996018
ENSG00000231892	7	3236258	3237888
ENSG00000145337	4	89442136	89444964
ENSG00000196735	6	32595956	32614839
ENSG00000218416	2	241388732	241396131
ENSG00000111077	12	53440753	53458156
ENSG00000135900	2	224822121	224832431
ENSG00000197816	9	100000765	100140806
ENSG00000204611	19	52616344	52643175
ENSG00000160767	1	155216996	155225274
ENSG00000150990	12	125431371	125473668
ENSG00000156875	1	100503653	100548933
ENSG00000204624	1	11539223	11597641
ENSG00000100364	22	45586219	45636650
ENSG00000261992	HSCHR1_1_CTG31	153794432	153912682
ENSG00000121903	1	33938246	33962107
ENSG00000196267	19	52657117	52674896
ENSG00000167895	17	76126851	76139049
ENSG00000114790	3	153838792	153975616
ENSG00000104687	8	30535583	30585443
ENSG00000188958	3	190984957	191048325
ENSG00000132423	6	99817276	99842080
ENSG00000132535	17	7093209	7123021
ENSG00000140848	16	57126449	57181878
ENSG00000116661	1	11708424	11715842
ENSG00000138641	4	89442199	89629693
ENSG00000101842	X	107288200	107322414
ENSG00000108061	10	112679301	112773425
ENSG00000159842	17	906758	1132315
ENSG00000156876	1	100549119	100598511
ENSG00000236708	7	3303664	3342084
ENSG00000172081	19	2071037	2096672
ENSG00000224593	7	3377521	3378233
ENSG00000108510	17	60019966	60142643
ENSG00000211544	7	3458699	3458781
ENSG00000236510	7	3682447	3683416
ENSG00000261809	7	4551590	4551664
ENSG00000238781	7	4729111	4729214
ENSG00000100373	22	45680863	45691755
ENSG00000264474	7	4828196	4828270
ENSG00000206895	7	4850819	4850920
ENSG00000169676	4	9783258	9785632
ENSG00000213935	7	4905063	4905435
ENSG00000105568	19	52693292	52730687
ENSG00000225614	16	88493879	88507165
ENSG00000196204	7	5013619	5080306
ENSG00000197775	14	24407940	24409196
ENSG00000099840	19	2096380	2099592
ENSG00000179588	16	88519725	88603424
ENSG00000100376	22	45704849	45737836
ENSG00000108830	17	41177258	41184057
ENSG00000132879	1	11714432	11723384
ENSG00000177570	8	119201698	119634234
ENSG00000122435	1	100598706	100616053
ENSG00000174206	12	64580096	64616076
ENSG00000171311	10	99195899	99205774
ENSG00000139209	12	47158546	47226191
ENSG00000144504	2	241418839	241508626
ENSG00000225885	8	119294378	119412844
ENSG00000183023	2	40324410	40838193
ENSG00000113141	5	140026643	140042064
ENSG00000071127	4	10075963	10118573
ENSG00000134852	4	56294070	56413305
ENSG00000180423	11	46624411	46639459
ENSG00000164761	8	119935796	119964439
ENSG00000196116	9	100174232	100258407
ENSG00000214078	20	34213953	34252878
ENSG00000163072	2	169643049	169722024
ENSG00000172775	16	57186378	57220028
ENSG00000137507	11	76368568	76381791
ENSG00000158545	16	88636789	88698374
ENSG00000157326	14	24422795	24438488
ENSG00000122477	1	100614409	100643771
ENSG00000077935	22	45739944	45809500
ENSG00000144820	3	100328433	100414323
ENSG00000121904	1	33979609	34631443
ENSG00000176988	X	147062849	147108187
ENSG00000184374	8	120007691	120118821
ENSG00000182704	11	76493295	76509198
ENSG00000178372	10	5540658	5541533
ENSG00000128595	7	128379346	128411861
ENSG00000268898	2	40488147	40490117
ENSG00000116521	1	155225770	155232221
ENSG00000205086	2	42162508	42181406
ENSG00000132846	5	76367897	76383148
ENSG00000160993	7	102096685	102105323
ENSG00000136842	9	100263462	100364030
ENSG00000249109	5	177209198	177221397
ENSG00000137992	1	100652475	100715390
ENSG00000175325	5	177419236	177423243
ENSG00000178363	10	5566924	5568225
ENSG00000128408	22	45809572	45828376
ENSG00000163040	2	132285248	132291239
ENSG00000124391	16	88704999	88706881
ENSG00000226215	HSCHR6_MHC_MCF	31696476	31702270
ENSG00000104695	8	30631973	30671830
ENSG00000100503	14	51186481	51297839
ENSG00000161036	7	102105376	102113615
ENSG00000204677	5	177433406	177482560
ENSG00000162878	2	42275160	42285668
ENSG00000099341	19	38865176	38874464
ENSG00000065000	19	2100988	2164464
ENSG00000136925	9	100362362	100395962
ENSG00000078124	11	76571911	76737841
ENSG00000101843	X	107327437	107334848
ENSG00000136235	7	23275586	23314727
ENSG00000137331	6	30710976	30712331
ENSG00000145911	5	177540444	177553088
ENSG00000133863	8	30689060	30748122
ENSG00000155966	X	147582139	148082193
ENSG00000137996	1	100731763	100758325
ENSG00000254943	11	124761200	124762022
ENSG00000196372	10	5680830	5708558
ENSG00000139211	12	47469490	47473734
ENSG00000165478	11	124789089	124806308
ENSG00000138363	2	216176540	216214487
ENSG00000051523	16	88709691	88717560
ENSG00000187997	17	76142434	76162258
ENSG00000088808	14	104200089	104313927
ENSG00000123136	19	14519631	14530192
ENSG00000179715	12	47473386	47630443
ENSG00000221932	11	124789146	124790573
ENSG00000175224	11	46638826	46696368
ENSG00000174953	3	153990335	154042286
ENSG00000196338	X	70364681	70391051
ENSG00000136937	9	100395908	100436030
ENSG00000116663	1	11724181	11734411
ENSG00000179168	19	38874905	38878722
ENSG00000149548	11	124824017	124911385
ENSG00000164512	5	55395507	55529186
ENSG00000145916	5	177557997	177577566
ENSG00000255072	4	89442724	89442940
ENSG00000136999	8	120428546	120436593
ENSG00000173702	3	124624289	124672663
ENSG00000113231	5	76506274	76725632
ENSG00000177432	4	89617066	89619386
ENSG00000100815	14	92432335	92507240
ENSG00000172733	8	30853321	30891231
ENSG00000197927	2	132479948	132524973
ENSG00000167508	16	88718343	88729569
ENSG00000133393	16	15959577	15982482
ENSG00000159579	16	57220049	57274387
ENSG00000175182	3	184053714	184064063
ENSG00000136936	9	100437191	100459639
ENSG00000187630	14	24439148	24475617
ENSG00000188266	15	78799906	78829714
ENSG00000173706	3	124684554	124774802
ENSG00000178919	9	100615536	100618986
ENSG00000104218	8	67974661	68108498
ENSG00000165392	8	30891317	31031285
ENSG00000100767	14	73704205	73741348
ENSG00000268838	15	78830023	78831288
ENSG00000134955	11	124932963	124959131
ENSG00000136932	9	100666771	100684852
ENSG00000164047	3	48264837	48266981
ENSG00000128617	7	128412545	128415844
ENSG00000116670	1	11734537	11751707
ENSG00000188766	19	38879061	38886881
ENSG00000136929	9	100689073	100707138
ENSG00000079335	1	100810584	100985833
ENSG00000196214	19	52772824	52795977
ENSG00000214338	6	127759551	127840500
ENSG00000164048	3	48282590	48340743
ENSG00000114354	3	100428205	100467810
ENSG00000077942	22	45898118	45997015
ENSG00000176444	1	155232659	155248282
ENSG00000178295	2	17935125	17966632
ENSG00000136938	9	100745643	100778225
ENSG00000130244	19	38893775	38899728
ENSG00000176256	1	34326076	34330392
ENSG00000186648	14	24521206	24538937
ENSG00000270822	7	5048795	5048959
ENSG00000273313	7	5111756	5112854
ENSG00000053702	12	2934514	2944710
ENSG00000272595	7	5156800	5157718
ENSG00000188542	2	241499471	241503431
ENSG00000159904	7	5160870	5184177
ENSG00000198464	19	52800430	52829175
ENSG00000123143	19	14543865	14582679
ENSG00000095380	9	100819021	100845357
ENSG00000138640	4	89647106	90032549
ENSG00000185669	16	88744090	88752901
ENSG00000142698	1	34632484	34684732
ENSG00000041357	15	78832747	78841604
ENSG00000221955	3	124801480	124998021
ENSG00000255330	6	127759551	127840146
ENSG00000185306	12	64660217	64784972
ENSG00000198488	11	76745385	76753096
ENSG00000179344	6	32627244	32636160
ENSG00000005175	12	48057070	48099844
ENSG00000163866	1	35178338	35325417
ENSG00000143924	2	42396490	42559688
ENSG00000167554	19	52839498	52871031
ENSG00000158717	16	88762903	88772829
ENSG00000106785	9	100831557	100881494
ENSG00000202039	7	5219692	5219793
ENSG00000263808	7	5315967	5316046
ENSG00000241269	7	5459458	5460398
