ENSG00000232963	2	24553271	24553543
ENSG00000126822	14	65170820	65213610
ENSG00000207688	17	65467605	65467701
ENSG00000257510	12	43009305	43040300
ENSG00000205464	5	81575281	81682796
ENSG00000262764	HG388_HG400_PATCH	111597632	111637151
ENSG00000264754	17	65520597	65521538
ENSG00000180581	10	93565803	93567253
ENSG00000133488	22	30884900	30901698
ENSG00000110446	11	60704556	60720002
ENSG00000257687	12	43020810	43020939
ENSG00000200394	17	65736785	65736915
ENSG00000090581	16	1401924	1413352
ENSG00000266858	17	65770707	65773440
ENSG00000257405	12	43030617	43030913
ENSG00000238822	12	131299898	131299995
ENSG00000272817	10	93667888	93669105
ENSG00000125826	20	388142	411610
ENSG00000122779	7	138145079	138274738
ENSG00000222438	12	131354281	131354382
ENSG00000258431	14	71325561	71326146
ENSG00000252993	10	93835999	93836122
ENSG00000206850	12	131391383	131391494
ENSG00000240785	5	18049659	18049981
ENSG00000255976	12	67525347	67525985
ENSG00000256204	12	131462107	131463313
ENSG00000214549	10	93878421	93878921
ENSG00000258930	14	71498403	71498687
ENSG00000237766	12	67659622	67660746
ENSG00000257164	12	43040385	43080503
ENSG00000124610	6	26017260	26018040
ENSG00000258966	14	71511092	71511357
ENSG00000105245	19	41172596	41196877
ENSG00000212278	5	18236232	18236305
ENSG00000213179	17	65780869	65781409
ENSG00000213934	11	5269313	5271122
ENSG00000233747	2	24557381	24558021
ENSG00000231179	HSCHR6_MHC_APD	31477173	31490193
ENSG00000258571	14	71552199	71552550
ENSG00000256037	12	67745216	67745819
ENSG00000256151	12	131474683	131478521
ENSG00000164404	5	132196873	132202576
ENSG00000222548	17	65809698	65809770
ENSG00000256355	12	67818052	67818766
ENSG00000256172	12	67834778	67836339
ENSG00000241552	5	18547421	18547712
ENSG00000111845	6	10694928	10710015
ENSG00000248693	5	18704542	18746282
ENSG00000232736	7	35807732	35808250
ENSG00000107105	9	23690102	23826335
ENSG00000131538	Y	24585740	24587605
ENSG00000236473	17	39604435	39610307
ENSG00000134757	18	29027758	29058665
ENSG00000221156	7	35882499	35882583
ENSG00000107551	10	45454855	45491339
ENSG00000260099	HG79_PATCH	136289893	136334921
ENSG00000202430	2	24787499	24787607
ENSG00000200446	7	35969768	35969874
ENSG00000206732	2	24899178	24899284
ENSG00000228383	Y	9205412	9235047
ENSG00000226102	7	35985904	36013282
ENSG00000238674	5	18844006	18844109
ENSG00000198366	6	26020718	26021186
ENSG00000223125	17	39624208	39624398
ENSG00000233327	17	18414576	18429244
ENSG00000229732	17	39657235	39658661
ENSG00000226629	17	39705858	39710747
ENSG00000271936	2	25048479	25049586
ENSG00000249191	5	18886731	18887204
ENSG00000198598	12	132312938	132336328
ENSG00000157557	21	40177231	40196879
ENSG00000213484	10	93896632	93898127
ENSG00000256810	12	131515115	131520032
ENSG00000221525	14	101509314	101509399
ENSG00000212719	17	21428051	21477722
ENSG00000112130	6	37321748	37362514
ENSG00000154545	X	51927919	51935364
ENSG00000234131	Y	24663389	24663720
ENSG00000214514	17	39782579	39796451
ENSG00000221614	14	101510535	101510620
ENSG00000147536	8	41386725	41402565
ENSG00000237953	2	25191827	25192093
ENSG00000198839	7	111846643	111983151
ENSG00000264076	10	93919329	93919429
ENSG00000258861	14	101511494	101518132
ENSG00000221042	10	93963986	93964063
ENSG00000204603	12	131649556	131697476
ENSG00000199020	14	101512257	101512331
ENSG00000167194	16	30034655	30039057
ENSG00000183018	17	4402133	4442330
ENSG00000238267	3	39379620	39380370
ENSG00000156983	3	9773413	9789702
ENSG00000207754	14	101512792	101512875
ENSG00000249927	5	18894011	18894277
ENSG00000202560	14	101513658	101513735
ENSG00000240759	12	43072675	43072926
ENSG00000223668	3	39400036	39401413
ENSG00000060762	6	166778407	166796486
ENSG00000216099	14	101514238	101514316
ENSG00000202479	2	25192257	25192346
ENSG00000257114	12	43086018	43110653
ENSG00000207587	14	101514995	101515085
ENSG00000206760	3	39449880	39450030
ENSG00000262634	HSCHR18_1_CTG1_1	47901365	47920543
ENSG00000207646	14	101515887	101515983
ENSG00000224873	Y	24666828	24667842
ENSG00000202363	3	39452545	39452697
ENSG00000162944	2	198432948	198540769
ENSG00000271272	12	43323651	43324382
ENSG00000265250	14	101518340	101518436
ENSG00000264724	3	39458971	39459056
ENSG00000258529	11	111657010	111750149
ENSG00000185847	12	111374389	111396012
ENSG00000230757	3	39685129	39686196
ENSG00000257849	12	43359925	43361156
ENSG00000239672	17	49230897	49239789
ENSG00000269927	14	71607842	71609970
ENSG00000224165	2	25194259	25262563
ENSG00000201570	3	40011616	40011757
ENSG00000257373	12	43373057	43390289
ENSG00000259907	14	71648173	71648823
ENSG00000265327	3	40250496	40250793
ENSG00000202517	3	40280099	40280232
ENSG00000257927	12	43447892	43448189
ENSG00000196176	6	26021907	26022278
ENSG00000206487	HSCHR6_MHC_QBL	30604326	30610490
ENSG00000197279	6	28048753	28057341
ENSG00000223797	3	40355293	40494820
ENSG00000258517	14	71679350	71684933
ENSG00000109089	17	72983727	73001895
ENSG00000124529	6	26027124	26027480
ENSG00000159905	19	44455375	44471861
ENSG00000198914	2	105471969	105476929
ENSG00000269945	14	71685817	71689441
ENSG00000172716	17	33677324	33700720
ENSG00000259146	14	71759442	71788531
ENSG00000258331	12	43549118	43556913
ENSG00000255561	11	111744780	111751967
ENSG00000230814	Y	24674428	24682786
ENSG00000215993	12	43685298	43685383
ENSG00000046604	18	29078006	29128971
ENSG00000002746	7	43152198	43605600
ENSG00000243433	7	150725868	150726841
ENSG00000230274	3	40364206	40364770
ENSG00000108107	19	55896713	55914612
ENSG00000262132	HSCHR18_1_CTG1_1	47845372	47845490
ENSG00000272452	3	40507957	40510078
ENSG00000258223	7	141951963	141957878
ENSG00000174695	5	82348665	82373682
ENSG00000244151	7	150771829	150773617
ENSG00000262326	HSCHR18_1_CTG1_1	47927311	47927418
ENSG00000196812	6	28092338	28097860
ENSG00000226356	12	131776613	131777721
ENSG00000262892	HSCHR18_1_CTG1_1	47991472	47992380
ENSG00000258240	12	111389487	111395616
ENSG00000149926	16	30035748	30064299
ENSG00000203618	22	19710468	19712294
ENSG00000127329	12	70910630	71031220
ENSG00000135972	2	105654441	105716418
ENSG00000197177	10	134884433	134945179
ENSG00000112041	6	35465651	35480715
ENSG00000225228	HSCHR6_MHC_APD	31507785	31509300
ENSG00000183016	7	150888067	150902582
ENSG00000124693	6	26031817	26032288
ENSG00000205442	9	24542950	24545944
ENSG00000249285	5	18908975	18909652
ENSG00000144130	2	113479063	113500456
ENSG00000144061	2	110879888	110962643
ENSG00000228571	Y	24683194	24683996
ENSG00000069122	6	46820249	46922680
ENSG00000246465	16	28296206	28303385
ENSG00000248703	12	131780655	131782517
ENSG00000133794	11	13298199	13408813
ENSG00000271623	16	28376021	28376654
ENSG00000230476	Y	24727136	24760228
ENSG00000204920	19	44472014	44502477
ENSG00000075292	2	71503691	71662199
ENSG00000261089	16	28425024	28426339
ENSG00000184058	22	19744226	19771116
ENSG00000205133	8	93895758	94029901
ENSG00000214491	22	30918786	30942669
ENSG00000249174	5	18965970	19142455
ENSG00000238703	16	28453987	28454090
ENSG00000140479	15	101840818	102065405
ENSG00000270118	16	28465462	28465832
ENSG00000212251	12	131784185	131784296
ENSG00000271495	16	28559652	28559979
ENSG00000184162	19	19312225	19314233
ENSG00000211517	7	150935507	150935624
ENSG00000251487	5	19035306	19038908
ENSG00000135148	12	112563305	112591407
ENSG00000183527	21	40546695	40555777
ENSG00000261419	16	28671017	28752102
ENSG00000198680	9	25676396	25678856
ENSG00000137259	6	26033320	26033796
ENSG00000272661	7	150937485	150938058
ENSG00000238684	16	28683554	28683657
ENSG00000170819	3	133118839	133194066
ENSG00000109107	17	26900133	26904282
ENSG00000243018	7	150946411	150951476
ENSG00000227689	17	18430871	18431775
ENSG00000136490	17	61773262	61778532
ENSG00000259982	16	28711615	28712861
ENSG00000028277	19	42590263	42700737
ENSG00000265086	17	65840061	65840130
ENSG00000270424	16	28761280	28761916
ENSG00000100591	14	77924213	77935817
ENSG00000242654	5	19041118	19041495
ENSG00000266717	17	65947001	65947862
ENSG00000170522	4	110967002	111120355
ENSG00000114388	3	50384761	50388522
ENSG00000238352	16	28797731	28797834
ENSG00000251417	16	28814097	28829149
ENSG00000243836	7	151106247	151110440
ENSG00000265052	17	65973814	65974084
ENSG00000214736	6	41755400	41757636
ENSG00000182645	10	118083940	118139541
ENSG00000266176	17	65989996	65992547
ENSG00000230294	12	131832015	131852100
ENSG00000240634	16	28825301	28825994
ENSG00000151164	12	110939460	110969891
ENSG00000266117	17	66091209	66091898
ENSG00000249557	5	19233475	19234596
ENSG00000221259	12	111511772	111511893
ENSG00000256484	12	131851205	131855604
ENSG00000260796	16	28831891	28833354
ENSG00000120159	9	26840683	26892802
ENSG00000232610	3	190432600	190434188
ENSG00000265055	17	66092187	66097615
ENSG00000260570	16	28841933	28848521
ENSG00000224657	Y	24795392	24805025
ENSG00000264455	16	28855240	28855328
ENSG00000214147	3	190548754	190549962
ENSG00000261766	16	28873487	28874661
ENSG00000167862	17	73008765	73017356
ENSG00000264928	5	19735619	19735670
ENSG00000233308	3	190931080	190952394
ENSG00000237854	17	66098049	66111659
ENSG00000248766	5	20158771	20159065
ENSG00000118271	18	29171689	29178974
ENSG00000260442	16	28890278	28891241
ENSG00000158055	1	24645812	24690972
ENSG00000223812	3	191275113	191308145
ENSG00000262577	HG388_HG400_PATCH	111652919	111742304
ENSG00000256209	12	131953856	131977496
ENSG00000252461	16	28892801	28892928
ENSG00000201860	3	191358924	191359026
ENSG00000164104	4	174252846	174256276
ENSG00000241456	7	151124769	151136210
ENSG00000200270	3	191359118	191359213
ENSG00000260853	16	28968008	28978204
ENSG00000207069	2	25231714	25231815
ENSG00000237653	3	191670138	191670615
ENSG00000172432	6	43573053	43596899
ENSG00000240913	2	25280901	25281196
ENSG00000265810	7	151130575	151130725
ENSG00000196226	6	26043455	26043885
ENSG00000173621	11	66624118	66627946
ENSG00000216020	3	191693743	191693813
ENSG00000267023	17	66121918	66148609
ENSG00000241959	7	151161738	151162024
ENSG00000111843	6	10723148	10731362
ENSG00000240132	7	151198964	151200549
ENSG00000232353	3	191747669	191754346
ENSG00000255704	12	132081402	132081660
ENSG00000182446	17	79523913	79615495
ENSG00000214132	5	20304154	20305557
ENSG00000059145	16	1413206	1464752
ENSG00000242048	7	151503744	151507906
ENSG00000063015	17	27281919	27333458
ENSG00000071242	6	166822852	167319939
ENSG00000222583	3	191810911	191811225
ENSG00000221386	12	111740604	111740703
ENSG00000135482	12	56511943	56516278
ENSG00000257285	14	23398818	23424771
ENSG00000253080	12	111777331	111777425
ENSG00000229593	2	25302770	25304558
ENSG00000231383	3	191955826	192000886
ENSG00000257595	12	111807086	111841114
ENSG00000196565	11	5274420	5667019
ENSG00000237889	HSCHR6_MHC_APD	31509287	31518252
ENSG00000239911	7	151574127	151576299
ENSG00000130348	6	107077453	107116292
ENSG00000270889	7	36010757	36011177
ENSG00000265037	14	23426159	23426238
ENSG00000230126	3	192232811	192234362
ENSG00000232930	7	36069221	36095041
ENSG00000181722	3	114056941	114866118
ENSG00000188656	Y	9215731	9218480
ENSG00000203710	1	207669492	207813992
ENSG00000226709	3	192234620	192239187
ENSG00000258457	14	23451907	23468287
ENSG00000145826	5	135257968	135290723
ENSG00000154874	17	18441117	18528930
ENSG00000261184	7	36134882	36140263
ENSG00000238902	3	192251798	192251901
ENSG00000212219	7	151597360	151597459
ENSG00000131828	X	19362011	19379823
ENSG00000200184	3	192447344	192447505
ENSG00000222941	7	151613412	151613503
ENSG00000267352	17	66130816	66131745
ENSG00000257539	12	111819671	111823442
ENSG00000227562	7	151647471	151652070
ENSG00000173237	11	66742748	66744475
ENSG00000228815	7	36148634	36150482
ENSG00000232130	3	192862253	192894653
ENSG00000164663	6	41757634	41863099
ENSG00000239045	7	151765985	151766090
ENSG00000267708	17	66148917	66155184
ENSG00000271117	7	36186451	36187633
ENSG00000252114	14	23486367	23486590
ENSG00000229591	7	151817086	151818802
ENSG00000236229	3	192873245	192874997
ENSG00000207765	14	23502739	23502847
ENSG00000042286	10	71857979	71892690
ENSG00000133110	13	38136720	38172981
ENSG00000249854	5	20305674	20331565
ENSG00000202229	14	23625518	23625623
ENSG00000164916	7	4683388	4811074
ENSG00000236508	3	193025033	193032151
ENSG00000130287	19	19322782	19363042
ENSG00000213188	7	151825964	151826771
ENSG00000240131	14	23699170	23699325
ENSG00000164188	5	36248536	36302216
ENSG00000252347	14	23728669	23728775
ENSG00000225473	3	193271002	193272877
ENSG00000270405	7	152063848	152064100
ENSG00000270433	14	23763061	23765007
ENSG00000267731	17	66186025	66188943
ENSG00000204894	7	152064256	152064345
ENSG00000267472	17	66195062	66195737
ENSG00000169857	15	34158428	34331377
ENSG00000259018	14	23825615	23826212
ENSG00000241007	7	152064604	152065746
ENSG00000236297	3	193296601	193310879
ENSG00000164105	4	174291120	174298683
ENSG00000265100	17	66242770	66244079
ENSG00000251629	5	20611949	20937800
ENSG00000199157	14	23857799	23857881
ENSG00000253088	7	152099865	152099978
ENSG00000263563	17	21729601	21731762
ENSG00000237802	Y	9225731	9233636
ENSG00000258444	14	23884548	23884895
ENSG00000241735	7	152133980	152140272
ENSG00000224855	3	193336398	193345126
ENSG00000267009	17	66409764	66521090
ENSG00000215991	14	23887196	23887272
ENSG00000140297	15	59887074	59932438
ENSG00000128242	22	30950622	30970574
ENSG00000138792	4	111286889	111486441
ENSG00000207370	3	193341978	193342090
ENSG00000201920	17	39874406	39874512
ENSG00000262742	HSCHR5_1_CTG2	94039446	94636885
ENSG00000243991	3	193458262	193458510
ENSG00000157306	14	23980969	24029987
ENSG00000239542	17	39886381	39886657
ENSG00000223986	3	193483470	193483792
ENSG00000263830	17	39993316	39993580
ENSG00000221454	7	152136306	152136393
ENSG00000187325	X	77385245	77395203
ENSG00000173227	11	66774249	66818334
ENSG00000259623	17	40004770	40007699
ENSG00000020219	7	152142562	152144235
ENSG00000229155	3	193560349	193561813
ENSG00000259079	14	71797059	71797455
ENSG00000151657	10	7792925	7829990
ENSG00000207444	14	71865054	71865124
ENSG00000261455	7	152160871	152162634
ENSG00000204815	17	40086888	40117648
ENSG00000242330	14	71915406	71915673
ENSG00000214146	3	193675161	193721448
ENSG00000266869	14	72315323	72375147
ENSG00000137055	9	26904081	26947461
ENSG00000200298	14	72489124	72489233
ENSG00000261452	2	25380063	25382006
ENSG00000258871	14	73019288	73061833
ENSG00000124882	4	75230860	75254468
ENSG00000231139	7	152287726	152288026
ENSG00000230452	2	25427182	25432071
ENSG00000238043	3	193698403	193723887
ENSG00000206751	14	73319932	73320039
ENSG00000138138	10	89511269	89601100
ENSG00000258727	14	24030306	24037282
ENSG00000199404	7	152290058	152290176
ENSG00000256618	17	22022437	22023991
ENSG00000238557	7	152293008	152293115
ENSG00000272048	2	25450724	25451090
ENSG00000225416	7	152299298	152299977
ENSG00000238972	14	73376145	73376231
ENSG00000221445	2	25551509	25551590
ENSG00000250928	5	118347166	118347751
ENSG00000258464	14	24198247	24198950
ENSG00000137200	6	37400995	37450603
ENSG00000228405	HSCHR6_MHC_COX	32094614	32097047
ENSG00000212590	7	152306398	152306519
ENSG00000265439	7	152435527	152435815
ENSG00000259043	14	24218445	24220359
ENSG00000235072	2	25592042	25598714
ENSG00000214003	7	152446164	152446820
ENSG00000241251	12	43954587	43955100
ENSG00000197694	9	131314866	131395941
ENSG00000118276	18	29202210	29265799
ENSG00000249490	5	20612734	20614874
ENSG00000244328	7	152454747	152455034
ENSG00000257813	12	43963572	43965841
ENSG00000239011	5	118404992	118405095
ENSG00000265275	7	152753822	152753904
ENSG00000248885	5	118462477	118464139
ENSG00000224104	7	152841398	152841673
ENSG00000271508	12	44026896	44027084
ENSG00000179061	2	25592818	25593185
ENSG00000198885	2	96991069	96994091
ENSG00000257907	12	44053630	44054904
ENSG00000207331	3	98627303	98627408
ENSG00000089053	12	121746048	121837699
ENSG00000206486	HSCHR6_MHC_QBL	30610400	30630349
ENSG00000240476	3	98699902	98701940
ENSG00000159882	19	44507100	44518078
ENSG00000257742	12	44112796	44117803
ENSG00000242802	7	4815253	4833943
ENSG00000248308	5	20830275	20831056
ENSG00000185838	22	19770747	19842462
ENSG00000234722	7	153097005	153111048
ENSG00000135447	12	54969171	54982443
ENSG00000241305	3	98934068	98935110
ENSG00000257896	12	44130431	44134870
ENSG00000105988	10	93976089	93976550
ENSG00000240572	3	99045221	99045396
ENSG00000224220	2	25643986	25650512
ENSG00000248979	5	118468346	118468577
ENSG00000199881	10	94031904	94032007
ENSG00000266030	3	99085645	99085733
ENSG00000109321	4	75310851	75320726
ENSG00000202297	10	94094220	94094321
ENSG00000243296	3	99219191	99224352
ENSG00000232709	10	94178424	94180632
ENSG00000206786	5	118474554	118474660
ENSG00000013725	11	60739115	60787849
ENSG00000264536	5	118490332	118490411
ENSG00000207895	10	94200968	94201061
ENSG00000132382	17	4442192	4458926
ENSG00000144426	2	203879602	204091101
ENSG00000243089	3	99226031	99245957
ENSG00000140307	15	59930261	59949740
ENSG00000184111	10	94356609	94357044
ENSG00000258212	12	44402423	44403946
ENSG00000261640	HG7_PATCH	141985579	141988698
ENSG00000187664	19	19366450	19373605
ENSG00000269657	17	66539369	66542970
ENSG00000244464	3	99316908	99342664
ENSG00000248286	5	21196829	21196969
ENSG00000260474	HG7_PATCH	141987080	141991423
ENSG00000264313	10	94418801	94419055
ENSG00000266587	5	118593035	118593132
ENSG00000201160	2	25919945	25920057
ENSG00000260168	HG7_PATCH	141999017	141999300
ENSG00000249359	5	21323982	21341484
ENSG00000260849	HG7_PATCH	142059022	142059481
ENSG00000243333	5	118642039	118642326
ENSG00000202092	5	118781411	118781528
ENSG00000260925	HG7_PATCH	142080131	142080409
ENSG00000199906	3	40540382	40540494
ENSG00000164405	5	132202252	132203723
ENSG00000222070	2	25945061	25945165
ENSG00000234067	3	40628026	40628919
ENSG00000259951	HG7_PATCH	142094141	142094414
ENSG00000196532	6	26045639	26046097
ENSG00000239084	5	118804654	118804750
ENSG00000226845	3	40637698	40638985
ENSG00000260554	HG7_PATCH	142107887	142108157
ENSG00000187536	2	26032794	26033525
ENSG00000109046	17	25621102	25640657
ENSG00000226302	3	40644616	40646918
ENSG00000128708	2	172778958	172848599
ENSG00000224403	3	193711120	193711774
ENSG00000176597	3	182971032	183016292
ENSG00000177830	11	867357	915058
ENSG00000213663	5	118882826	118883301
ENSG00000171798	10	134973951	135039916
ENSG00000260215	HG7_PATCH	142136731	142137173
ENSG00000229072	3	40740557	40740829
ENSG00000270618	14	24236871	24238207
ENSG00000137720	11	111749659	111756699
ENSG00000234287	3	40803036	40803290
ENSG00000222931	14	24261139	24261445
ENSG00000249919	5	118890945	118891353
ENSG00000213931	11	5289582	5526847
ENSG00000224917	Y	24816763	24819006
ENSG00000258887	14	24294845	24296605
ENSG00000231873	3	40807698	40904117
ENSG00000239067	5	118945897	118946000
ENSG00000256258	12	132106436	132107748
ENSG00000259334	14	24391456	24403777
ENSG00000250895	5	118988218	118988695
ENSG00000230727	Y	24908998	24915934
ENSG00000213996	19	19375173	19384200
ENSG00000230102	3	193723226	193788759
ENSG00000256424	12	132131658	132132666
ENSG00000127951	7	76822688	76829143
ENSG00000215256	14	24407940	24458048
ENSG00000241481	2	98086678	98100408
ENSG00000145819	5	142149949	142608576
ENSG00000187837	6	26055968	26056699
ENSG00000144649	3	43020759	43101703
ENSG00000226634	HSCHR6_MHC_COX	31682228	31685807
ENSG00000185829	17	44594068	44657088
ENSG00000228240	Y	24997731	24998862
ENSG00000227532	7	116827602	116827794
ENSG00000183666	5	21341942	21589481
ENSG00000174109	16	1469745	1479345
ENSG00000212154	12	132145608	132145719
ENSG00000084676	2	24714783	24993571
ENSG00000234259	5	119015892	119016775
ENSG00000184984	15	34260921	34357291
ENSG00000230785	7	116902972	116904942
ENSG00000230066	Y	9334896	9342768
ENSG00000251293	5	119581143	119669197
ENSG00000236493	10	94428502	94429500
ENSG00000251975	5	119673244	119673348
ENSG00000270073	Y	9345205	9347784
ENSG00000255152	6	31707797	31732628
ENSG00000171428	8	18027986	18081198
ENSG00000107669	10	123499939	123688316
ENSG00000228978	HSCHR6_MHC_APD	31555632	31557434
ENSG00000261036	5	119681602	119740532
ENSG00000201412	10	94470256	94470365
ENSG00000225118	10	94637849	94638046
ENSG00000159885	19	44529494	44537265
ENSG00000101966	X	122993574	123047829
ENSG00000226425	10	94819420	94820183
ENSG00000135413	12	55024595	55028679
ENSG00000196946	12	8290733	8341133
ENSG00000232805	10	94866629	94867140
ENSG00000109846	11	111779289	111794446
ENSG00000131584	1	1227756	1244989
ENSG00000134153	15	34376218	34394149
ENSG00000237417	10	94966614	94969384
ENSG00000233489	7	153146514	153146960
ENSG00000165507	10	45466429	45474258
ENSG00000226509	7	153665750	153665911
ENSG00000180901	17	73028670	73061984
ENSG00000231314	HSCHR6_MHC_APD	31559653	31561620
ENSG00000197599	16	1484384	1494557
ENSG00000177885	17	73314157	73401790
ENSG00000091490	4	25749055	25865382
ENSG00000213432	10	95043761	95044315
ENSG00000212396	10	95270305	95270437
ENSG00000221352	10	95368343	95368456
ENSG00000233096	3	41012032	41013069
ENSG00000227995	10	95641050	95641695
ENSG00000144647	3	43120724	43147568
ENSG00000233919	3	41203778	41210038
ENSG00000114026	3	9791628	9829903
ENSG00000180764	10	95717948	95721297
ENSG00000221337	3	41690747	41690828
ENSG00000145860	5	158584417	158637061
ENSG00000141338	17	66863433	66951533
ENSG00000235956	HSCHR6_MHC_SSTO	32123003	32129017
ENSG00000252895	10	95806795	95806882
ENSG00000222406	10	48931789	48931904
ENSG00000183251	11	5322244	5323226
ENSG00000006652	7	112063023	112121072
ENSG00000207558	14	101518783	101518862
ENSG00000173465	11	65337901	65341413
ENSG00000207742	14	101520638	101520723
ENSG00000266173	17	61780192	61819330
ENSG00000164406	5	132208014	132210738
ENSG00000207993	14	101521008	101521110
ENSG00000184881	11	5344541	5345582
ENSG00000227781	10	48952491	48980269
ENSG00000208027	14	101521738	101521848
ENSG00000197584	3	177990720	178562217
ENSG00000140299	15	59951345	59981733
ENSG00000170279	7	148287657	148312952
ENSG00000214711	2	31395924	31456724
ENSG00000267022	19	44529506	44591471
ENSG00000203837	10	118187379	118237469
ENSG00000100029	22	30972612	31003070
ENSG00000205572	5	69321074	69338940
ENSG00000208004	14	101522556	101522637
ENSG00000242180	11	5363744	5364809
ENSG00000172765	3	129366635	129612419
ENSG00000141437	18	29339525	29340843
ENSG00000207561	17	66420592	66420689
ENSG00000207978	14	101526092	101526175
ENSG00000203585	12	67913609	67960906
ENSG00000267461	17	66553657	66578718
ENSG00000066583	5	128430444	128449721
ENSG00000176239	11	5372738	5373676
ENSG00000269048	6	166945369	166947709
ENSG00000217643	2	26045338	26045819
ENSG00000267659	17	66587937	66760023
ENSG00000256077	12	67964977	67983767
ENSG00000249141	6	167271582	167369612
ENSG00000235872	12	68052771	68064699
ENSG00000157927	7	4836686	4923350
ENSG00000266269	12	111925282	111925382
ENSG00000218682	2	26079330	26079835
ENSG00000272215	12	112002625	112002687
ENSG00000263690	17	66762614	66762700
ENSG00000255970	12	68102827	68123255
ENSG00000178386	19	44555520	44572144
ENSG00000267250	17	66789690	66793963
ENSG00000234803	Y	9355208	9364506
ENSG00000231749	17	67000855	67014464
ENSG00000197721	1	207818458	207911761
ENSG00000217718	2	26109833	26110075
ENSG00000176973	11	65339820	65341669
ENSG00000232913	10	95841707	95868571
ENSG00000186088	7	76940068	77045717
ENSG00000267361	17	67090430	67091640
ENSG00000260867	16	58231016	58251709
ENSG00000240863	16	58233474	58233740
ENSG00000007944	6	16129356	16148479
ENSG00000265331	17	67095683	67095797
ENSG00000263810	3	99410324	99410415
ENSG00000170276	11	111782966	111789574
ENSG00000203343	16	58315593	58316079
ENSG00000237629	2	26217663	26217950
ENSG00000273374	3	99521543	99524902
ENSG00000103056	16	68392231	68482591
ENSG00000249926	12	132147141	132149249
ENSG00000260241	HG7_PATCH	142155394	142155893
ENSG00000267203	17	67314874	67315102
ENSG00000264897	3	99683158	99683242
ENSG00000212379	16	58411956	58412052
ENSG00000261078	16	58416893	58417702
ENSG00000261533	3	99898411	99900574
ENSG00000252352	17	67351274	67351359
ENSG00000261214	HG7_PATCH	142162383	142162825
ENSG00000252271	16	58418346	58418446
ENSG00000267653	17	67473280	67497896
ENSG00000259903	HG7_PATCH	142195614	142196085
ENSG00000199872	2	26265544	26265650
ENSG00000238377	3	99940365	99940436
ENSG00000260186	16	58455230	58496374
ENSG00000215537	Y	25012691	25013903
ENSG00000267194	17	67547499	67550002
ENSG00000243974	3	99944218	99944917
ENSG00000078618	1	52254863	52344477
ENSG00000100883	14	35451163	35498773
ENSG00000260768	HG7_PATCH	142378492	142378952
ENSG00000222017	2	198557830	198639547
ENSG00000273488	3	100080031	100080481
ENSG00000205595	4	75480629	75490486
ENSG00000261619	HG7_PATCH	142383314	142383764
ENSG00000252989	3	100364965	100365041
ENSG00000235440	2	26324186	26325005
ENSG00000254445	11	111783460	111797595
ENSG00000200556	16	58530812	58530918
ENSG00000227517	17	67573392	67899141
ENSG00000243495	3	100383894	100384320
ENSG00000207493	16	58582403	58582537
ENSG00000149300	11	111788756	111797596
ENSG00000247626	2	198570087	198573113
ENSG00000184698	11	5410607	5411664
ENSG00000260794	HG7_PATCH	142421876	142422330
ENSG00000206952	16	58593700	58593835
ENSG00000215012	22	19833661	19842419
ENSG00000260346	HG7_PATCH	142436169	142436653
ENSG00000213431	3	100629819	100631019
ENSG00000231655	2	26363132	26364133
ENSG00000260865	16	58631493	58631849
ENSG00000188888	17	36481413	36499730
ENSG00000261106	HG7_PATCH	142445732	142458950
ENSG00000169607	2	113493930	113522254
ENSG00000184321	11	5423827	5424777
ENSG00000201642	3	100671471	100671577
ENSG00000239121	16	58652579	58652668
ENSG00000242573	3	100881938	100882830
ENSG00000267184	17	67703334	67703514
ENSG00000245768	16	58767816	59142878
ENSG00000167360	11	5443341	5444436
ENSG00000261735	HG7_PATCH	142451885	142452425
ENSG00000252100	17	67945002	67945088
ENSG00000096872	9	26947037	27062928
ENSG00000174442	15	66797297	66842115
ENSG00000204839	8	144648357	144655141
ENSG00000260353	HG7_PATCH	142462860	142463266
ENSG00000214465	2	26372073	26373600
ENSG00000237560	17	67957848	67979679
ENSG00000196912	2	98108978	98206428
ENSG00000261225	HG7_PATCH	142500930	142504458
ENSG00000167359	11	5461800	5462744
ENSG00000212999	8	93895865	93898013
ENSG00000187918	11	5474638	5475707
ENSG00000260250	HG7_PATCH	142511506	142515082
ENSG00000164106	4	174305852	174327531
ENSG00000227133	2	26382892	26384005
ENSG00000026297	6	167342992	167370679
ENSG00000178980	19	48281829	48287943
ENSG00000254318	8	94146324	94179079
ENSG00000169764	2	64068074	64118696
ENSG00000154485	10	127455022	127464390
ENSG00000262987	HG7_PATCH	142521598	142525182
ENSG00000177917	2	153574407	153617767
ENSG00000181609	11	5509915	5510979
ENSG00000255772	12	68323015	68363797
ENSG00000224042	7	116903971	116904442
ENSG00000261808	HG7_PATCH	142539536	142540431
ENSG00000268080	8	94241867	94242388
ENSG00000235915	HSCHR6_MHC_APD	31565222	31568007
ENSG00000261805	HG7_PATCH	142636796	142653708
ENSG00000256835	12	68371887	68372167
ENSG00000230605	7	116904447	116904584
ENSG00000237951	2	26384925	26385423
ENSG00000175520	11	5528530	5531215
ENSG00000225766	14	24505662	24520580
ENSG00000260829	HG7_PATCH	142807823	142808190
ENSG00000108106	19	55912652	55919145
ENSG00000184281	11	2421718	2425106
ENSG00000238202	7	116940915	116962290
ENSG00000255733	12	68383225	68628466
ENSG00000173442	11	65343509	65360121
ENSG00000260632	HG7_PATCH	142822936	142824191
ENSG00000138083	2	45168902	45173216
ENSG00000214684	7	117080036	117080834
ENSG00000124641	6	41873092	41888877
ENSG00000130349	6	107349407	107372546
ENSG00000164107	4	174446120	174451380
ENSG00000049759	18	55711599	56068772
ENSG00000225378	2	26894122	26897332
ENSG00000199801	17	67982127	67982235
ENSG00000180815	X	19378174	19533379
ENSG00000176043	14	73396320	73396638
ENSG00000001460	1	24683489	24743424
ENSG00000230258	17	68013465	68125000
ENSG00000156006	8	18248755	18258728
ENSG00000233974	5	21481436	21484120
ENSG00000260513	HG736_PATCH	57187307	57207557
ENSG00000072364	5	132211071	132299326
ENSG00000103249	16	1494935	1525581
ENSG00000267603	17	68047418	68064236
ENSG00000264537	HG736_PATCH	56933773	56933842
ENSG00000225024	2	26901087	26901378
ENSG00000261676	HG736_PATCH	56943078	56949839
ENSG00000115977	2	69688532	69901481
ENSG00000123384	12	57522276	57607134
ENSG00000186026	19	44576297	44593766
ENSG00000174111	17	36508111	36556019
ENSG00000244432	12	68395174	68395328
ENSG00000185658	21	40556102	40693485
ENSG00000161634	12	55038375	55042277
ENSG00000261137	HG736_PATCH	57008034	57012046
ENSG00000152430	2	198591603	198651486
ENSG00000270114	7	153723372	153735689
ENSG00000203563	5	21493692	21494062
ENSG00000153339	18	29409136	29533099
ENSG00000272130	5	21569864	21570154
ENSG00000187902	19	55940107	55954230
ENSG00000143437	1	150782181	150849244
ENSG00000203335	7	153752670	153756646
ENSG00000236946	12	68429547	68430633
ENSG00000233363	7	153789286	153793128
ENSG00000256708	12	68537098	68537470
ENSG00000236408	7	154630098	154657193
ENSG00000112514	6	33384219	33386094
ENSG00000164332	5	158690089	158713044
ENSG00000266788	HG736_PATCH	57023478	57023557
ENSG00000145835	2	27050037	27050388
ENSG00000272760	7	154742936	154743898
ENSG00000175518	11	5535623	5537935
ENSG00000273183	7	154748139	154748817
ENSG00000251301	12	68726668	68845443
ENSG00000200424	16	58778155	58778261
ENSG00000273344	7	154795158	154797413
ENSG00000253766	5	21616371	21779631
ENSG00000244003	16	58804428	58804722
ENSG00000006282	17	48620419	48633213
ENSG00000164616	5	135266006	135287280
ENSG00000164117	4	175157809	175205415
ENSG00000260451	16	58810444	58811467
ENSG00000238168	12	112019179	112019607
ENSG00000228727	6	31730576	31732628
ENSG00000144741	3	66119285	66438540
ENSG00000212122	5	112768251	112770728
ENSG00000242423	16	58859795	58860272
ENSG00000170577	2	45232300	45236569
ENSG00000258099	12	112037302	112038060
ENSG00000230286	2	27173176	27232675
ENSG00000180871	2	218990012	219001976
ENSG00000264816	HG736_PATCH	57032941	57033200
ENSG00000221615	5	21734320	21734413
ENSG00000261638	16	58881711	58914117
ENSG00000125875	20	416124	443197
ENSG00000141741	17	37884749	37887040
ENSG00000267680	19	44598492	44612479
ENSG00000157884	2	26804070	26864236
ENSG00000244043	16	59122741	59122995
ENSG00000178928	19	48304500	48322308
ENSG00000261144	16	59200855	59201056
ENSG00000137198	6	16238811	16295780
ENSG00000238601	16	59448677	59448749
ENSG00000200062	16	59574030	59574170
ENSG00000205500	2	27207644	27237480
ENSG00000270222	16	59689506	59690240
ENSG00000063241	19	55964352	55973710
ENSG00000260013	16	59788365	59788930
ENSG00000074054	2	122095352	122407163
ENSG00000188690	10	127477146	127511817
ENSG00000261807	16	59889257	60087875
ENSG00000228770	7	36268230	36268493
ENSG00000261278	16	60058482	60059045
ENSG00000010704	6	26087509	26098571
ENSG00000157703	7	138279030	138386097
ENSG00000229679	7	36268889	36270716
ENSG00000237974	7	117127791	117127983
ENSG00000261590	16	60391118	60391378
ENSG00000178971	17	8130191	8151362
ENSG00000232661	7	117200787	117204730
ENSG00000234457	7	36345240	36345513
ENSG00000234001	7	117226261	117226470
ENSG00000261436	16	60393746	60476149
ENSG00000228806	7	154898110	154898361
ENSG00000083622	7	117244845	117287469
ENSG00000181616	11	5565719	5566779
ENSG00000260070	7	36359384	36360088
ENSG00000201066	7	154973591	154973894
ENSG00000224136	7	117522913	117523729
ENSG00000182612	17	79604197	79615779
ENSG00000201432	7	36377276	36377387
ENSG00000237400	7	36502632	36544121
ENSG00000187747	11	5602107	5603114
ENSG00000173156	11	66824289	66839484
ENSG00000105705	19	19386827	19431653
ENSG00000163788	3	43328004	43466256
ENSG00000230539	7	36637440	36639726
ENSG00000174384	7	72507941	72515008
ENSG00000115325	2	74776153	74784681
ENSG00000221561	7	36681752	36681849
ENSG00000112144	6	52866077	52926600
ENSG00000272984	7	36773609	36774140
ENSG00000227600	HSCHR6_MHC_SSTO	32127544	32146625
ENSG00000199913	7	72509641	72509742
ENSG00000213430	5	21882694	21884421
ENSG00000266868	16	28969904	28969982
ENSG00000047188	5	112849380	112930982
ENSG00000229424	7	36790292	36802686
ENSG00000188343	8	94710789	94743755
ENSG00000112294	6	24495080	24537435
ENSG00000149925	16	30064411	30081778
ENSG00000205580	7	72518503	72525485
ENSG00000235728	7	36820613	36822394
ENSG00000261067	16	28986125	29002096
ENSG00000260039	HG736_PATCH	57059581	57076842
ENSG00000163464	2	219027568	219031718
ENSG00000262226	HSCHR12_1_CTG1	160539	165865
ENSG00000178409	6	107386386	107436473
ENSG00000172667	3	178735011	178790067
ENSG00000225739	7	36858564	36859295
ENSG00000156011	8	18384811	18942240
ENSG00000154764	3	13857755	13921618
ENSG00000263137	HSCHR12_1_CTG1	191426	203184
ENSG00000230831	7	36878577	36880978
ENSG00000221325	7	36958962	36959037
ENSG00000260367	16	28986294	28990145
ENSG00000261756	HG736_PATCH	57081978	57087966
ENSG00000224101	7	37037401	37053235
ENSG00000148925	11	13409548	13484844
ENSG00000262016	HSCHR12_1_CTG1	218679	220336
ENSG00000261552	16	29000461	29002099
ENSG00000262193	HSCHR12_1_CTG1	220871	236414
ENSG00000221157	7	37145128	37145215
ENSG00000268129	3	142719749	142720309
ENSG00000145757	5	94987885	95034415
ENSG00000224706	7	37156384	37156790
ENSG00000185339	22	31002825	31023265
ENSG00000260908	16	29065053	29119429
ENSG00000171303	2	26915619	26956288
ENSG00000253104	5	22139356	22141577
ENSG00000243733	3	142830644	142831201
ENSG00000238772	7	37209283	37209384
ENSG00000158669	8	41434706	41482520
ENSG00000222869	7	37390747	37390846
ENSG00000241679	3	142842204	142850735
ENSG00000238699	16	29077576	29077679
ENSG00000213744	7	37415125	37415626
ENSG00000231636	2	27272551	27273132
ENSG00000211483	3	142884490	142884579
ENSG00000147813	8	144656955	144660819
ENSG00000244171	3	142895127	142897307
ENSG00000200113	7	37459231	37459370
ENSG00000139324	12	88536073	88593664
ENSG00000201566	7	37474718	37474819
ENSG00000178503	7	37625103	37625932
ENSG00000240888	3	143031909	143033271
ENSG00000225314	7	37860812	37861212
ENSG00000164494	6	107473761	107780768
ENSG00000240012	3	143061088	143065913
ENSG00000172809	17	72199721	72206794
ENSG00000168967	5	22142461	22152465
ENSG00000121236	11	5617339	5634188
ENSG00000171956	15	60296421	60353929
ENSG00000103472	16	29086163	29128039
ENSG00000244493	3	143100180	143101003
ENSG00000204396	6	31733367	31745108
ENSG00000114098	3	137906109	138017231
ENSG00000243033	3	143222117	143223115
ENSG00000233369	7	72569033	72619657
ENSG00000079257	3	158363611	158390482
ENSG00000243759	3	143235965	143237071
ENSG00000156521	10	71897737	71906432
ENSG00000150764	11	111797868	111893308
ENSG00000248374	3	143339370	143346532
ENSG00000139641	12	56512034	56538455
ENSG00000235110	3	143574581	143574985
ENSG00000236315	HSCHR6_MHC_APD	31567993	31572083
ENSG00000110448	11	60869867	60895324
ENSG00000234826	7	117638912	117644099
ENSG00000259321	14	24608654	24609653
ENSG00000163466	2	219081817	219119079
ENSG00000257947	12	44638177	44657765
ENSG00000222226	7	118102553	118102648
ENSG00000199804	14	24627812	24627931
ENSG00000257864	12	44642215	44642787
ENSG00000165794	14	21467414	21470030
ENSG00000229982	7	118520157	118521342
ENSG00000260669	14	24678852	24685193
ENSG00000201788	12	45274651	45274752
ENSG00000257319	12	45444684	45496890
ENSG00000124126	20	47240790	47444420
ENSG00000257331	12	45457256	45459134
ENSG00000070985	11	2425745	2444275
ENSG00000257572	12	45465552	45466626
ENSG00000068784	2	45615819	45839304
ENSG00000272056	2	27276486	27277144
ENSG00000230520	7	118590440	118591313
ENSG00000229122	2	27283906	27284683
ENSG00000135973	2	105858200	105859924
ENSG00000270516	7	118818231	118819203
ENSG00000231202	7	38335364	38335834
ENSG00000263692	7	119124379	119124463
ENSG00000231916	7	38350984	38351409
ENSG00000172551	12	55224303	55252177
ENSG00000225992	7	38362047	38362331
ENSG00000256882	7	119209294	119209370
ENSG00000184434	9	26993134	27005691
ENSG00000272908	7	38365671	38369244
ENSG00000225546	7	119344610	119547429
ENSG00000213699	2	26987152	27004099
ENSG00000199556	12	45511554	45511671
ENSG00000164118	4	175204828	175254531
ENSG00000213066	6	167412670	167466201
ENSG00000272148	2	27285296	27285775
ENSG00000173120	11	66886740	67025558
ENSG00000249978	7	38374642	38375115
ENSG00000134297	12	45566847	45609824
ENSG00000226212	7	38380301	38380599
ENSG00000188501	15	66839517	66858317
ENSG00000236099	2	27381431	27382097
ENSG00000133107	13	38210773	38444562
ENSG00000256273	12	68738444	68743739
ENSG00000268556	2	105867759	105869601
ENSG00000238312	3	100920676	100920779
ENSG00000261107	HG736_PATCH	57128283	57128994
ENSG00000218497	GL000223.1	42781	68787
ENSG00000241738	3	101076136	101078086
ENSG00000252409	3	41729360	41729525
ENSG00000177169	12	132379196	132407712
ENSG00000256075	12	68867521	68868682
ENSG00000222942	3	41808107	41808411
ENSG00000232830	3	101133072	101133477
ENSG00000223513	3	41900842	41901086
ENSG00000256917	12	68881467	68881643
ENSG00000134072	3	9799026	9811676
ENSG00000197483	19	55987699	55995854
ENSG00000251986	3	41910490	41910587
ENSG00000213686	10	48963181	48964127
ENSG00000240087	12	68946775	68947662
ENSG00000212145	3	41940603	41940745
ENSG00000170144	2	178077291	178088686
ENSG00000172123	17	33738079	33760302
ENSG00000201554	3	101177374	101177470
ENSG00000234270	3	41996937	41997255
ENSG00000238525	3	101220999	101221101
ENSG00000234945	2	27558402	27565466
ENSG00000228418	10	48980162	48981273
ENSG00000235339	3	42018500	42019526
ENSG00000236575	GL000223.1	93511	119608
ENSG00000234040	12	69020650	69020967
ENSG00000089060	12	113736564	113797298
ENSG00000135966	2	105880871	105946491
ENSG00000113302	5	158741791	158757895
ENSG00000175841	3	101237711	101242731
ENSG00000258359	12	112107656	112108166
ENSG00000229339	3	42092673	42093186
ENSG00000234562	3	42187138	42187863
ENSG00000236786	Y	9385717	9388290
ENSG00000222872	3	42263332	42263457
ENSG00000242299	3	101295333	101295791
ENSG00000231280	3	42362497	42364187
ENSG00000257877	12	112250597	112251224
ENSG00000229631	GL000223.1	149787	180454
ENSG00000100036	22	31031639	31065003
ENSG00000232426	10	48988121	48998766
ENSG00000243396	3	101318087	101318488
ENSG00000238476	GL000223.1	18464	18566
ENSG00000231436	Y	9448180	9458885
ENSG00000090971	19	55996371	55998935
ENSG00000251784	GL000223.1	110776	110888
ENSG00000252348	3	101334670	101334772
ENSG00000101266	20	459116	524465
ENSG00000212319	3	101347154	101347250
ENSG00000201511	3	101366265	101366366
ENSG00000243678	17	49230920	49249108
ENSG00000201121	3	101380904	101381008
ENSG00000256628	3	101395274	101398061
ENSG00000177519	2	154333852	154335322
ENSG00000244119	3	101431316	101432035
ENSG00000105392	19	48322703	48346587
ENSG00000249474	3	101542637	101543842
ENSG00000234608	12	112277571	112280706
ENSG00000077420	10	26727132	26856732
ENSG00000214407	3	101659703	101716770
ENSG00000152422	5	82373317	82649606
ENSG00000249206	5	22580334	22580928
ENSG00000174808	4	75669969	75719896
ENSG00000145808	5	128795958	129074376
ENSG00000202177	3	101673921	101674029
ENSG00000249404	5	23013157	23014636
ENSG00000241280	3	101679202	101716770
ENSG00000264118	5	23201554	23201836
ENSG00000233523	7	72602009	72602776
ENSG00000225485	17	36584662	36668628
ENSG00000167065	22	31048038	31063877
ENSG00000170214	5	159343790	159399551
ENSG00000167987	11	60897728	60929089
ENSG00000120156	9	27109139	27230173
ENSG00000228668	7	38384631	38385100
ENSG00000257738	12	45594600	45595334
ENSG00000231575	10	95868873	95880864
ENSG00000241756	7	38570643	38570939
ENSG00000160746	3	43396351	43733086
ENSG00000257368	12	45838549	45839221
ENSG00000227404	7	38694805	38696213
ENSG00000234724	10	95897505	95899257
ENSG00000250319	5	23262268	23263294
ENSG00000257657	12	45875654	46004403
ENSG00000233854	7	39023843	39053151
ENSG00000182487	7	72634611	72649979
ENSG00000206631	10	95915396	95915502
ENSG00000120708	5	135364584	135399507
ENSG00000154025	17	18853658	18925908
ENSG00000206912	5	23299264	23299371
ENSG00000070182	14	65213002	65346601
ENSG00000228553	10	95984917	95987045
ENSG00000234110	Y	9461792	9463961
ENSG00000120029	10	103605356	103815950
ENSG00000250332	5	23303674	23305252
ENSG00000226223	Y	9477858	9478325
ENSG00000165757	10	30301729	30404423
ENSG00000268894	10	96039034	96046828
ENSG00000232617	Y	9502838	9506619
ENSG00000259471	15	66874528	66978132
ENSG00000183385	Y	9528709	9531566
ENSG00000249289	5	23329536	23330001
ENSG00000133401	5	31639517	32111037
ENSG00000123815	19	41197434	41224112
ENSG00000169116	4	75858305	75975325
ENSG00000165644	10	76993727	76995788
ENSG00000248591	5	23456577	23456959
ENSG00000118849	3	158414681	158450485
ENSG00000113312	5	159436120	159492550
ENSG00000251692	16	1535887	1538982
ENSG00000273450	10	96074664	96075084
ENSG00000267365	17	68163102	68165543
ENSG00000182405	15	34394274	34396591
ENSG00000244332	10	96337196	96370995
ENSG00000267170	17	68237465	68237902
ENSG00000090061	14	99947506	100001381
ENSG00000235746	10	96406121	96407753
ENSG00000259009	19	48337701	48364769
ENSG00000248594	12	112277571	112279211
ENSG00000249607	5	23689036	23689495
ENSG00000230338	10	96533913	96534390
ENSG00000252083	5	23972297	23972403
ENSG00000256294	19	44616334	44637027
ENSG00000162992	2	182537815	182545603
ENSG00000173198	X	77526961	77583048
ENSG00000234072	2	27579113	27590489
ENSG00000235199	10	96625609	96632886
ENSG00000105398	19	48373723	48389654
ENSG00000137834	15	66994566	67074338
ENSG00000206485	HSCHR6_MHC_QBL	30633702	30645208
ENSG00000147761	Y	9544433	9552871
ENSG00000267109	17	68308972	68365057
ENSG00000179028	X	51942963	51946358
ENSG00000267471	17	68625058	68625406
ENSG00000233345	HSCHR6_MHC_APD	31735723	31742275
ENSG00000155622	X	52112173	52118823
ENSG00000271239	17	68774745	68775371
ENSG00000001461	1	24742284	24799466
ENSG00000117335	1	207925402	207968858
ENSG00000271101	17	69008138	69009728
ENSG00000234865	5	23980696	23981047
ENSG00000228521	7	154995857	154996899
ENSG00000241754	3	102382007	102392757
ENSG00000225612	7	155059009	155059762
ENSG00000201065	3	102473908	102474014
ENSG00000273117	7	155087628	155089251
ENSG00000201922	3	102878804	102878968
ENSG00000188334	19	48471303	48495427
ENSG00000236691	3	102959831	102960074
ENSG00000100726	16	1543345	1560458
ENSG00000200600	5	23994611	23994712
ENSG00000260426	7	155192617	155194477
ENSG00000226432	5	24170479	24171355
ENSG00000267229	HG388_HG400_PATCH	111657010	111750144
ENSG00000179954	19	55999771	56030465
ENSG00000167863	17	73034958	73043080
ENSG00000221838	7	99699172	99707968
ENSG00000263002	19	44645710	44663156
ENSG00000134152	15	34432875	34502297
ENSG00000213453	2	27615651	27616234
ENSG00000230210	10	49087398	49094515
ENSG00000266481	7	39333906	39334005
ENSG00000164093	4	111538579	111563279
ENSG00000138449	2	190425305	190448484
ENSG00000266197	10	49090136	49090419
ENSG00000115163	2	26987157	27023935
ENSG00000206947	7	39368602	39368733
ENSG00000079332	10	71907045	71930279
ENSG00000175535	10	118305443	118327367
ENSG00000224122	7	39444197	39445945
ENSG00000270010	17	40190250	40190752
ENSG00000179296	10	49217898	49239729
ENSG00000250694	5	24352418	24353552
ENSG00000108468	17	46147414	46178883
ENSG00000169393	19	48497908	48528410
ENSG00000179300	X	77911566	77914825
ENSG00000227172	7	39585245	39605838
ENSG00000267221	17	40192731	40195135
ENSG00000172578	3	183205319	183273477
ENSG00000235267	2	27678023	27678729
ENSG00000236015	7	39608975	39609797
ENSG00000147010	X	19552093	19905719
ENSG00000267658	17	40306618	40307990
ENSG00000204382	X	52235228	52243954
ENSG00000231951	7	39649209	39649889
ENSG00000153292	6	46965440	47010099
ENSG00000251294	5	24554127	24613331
ENSG00000106540	7	39649316	39649879
ENSG00000267758	17	40420605	40421825
ENSG00000252149	10	49248476	49248591
ENSG00000228554	7	39739940	39742895
ENSG00000265167	16	60463552	60463637
ENSG00000032389	2	3192696	3381653
ENSG00000229572	3	42382080	42383859
ENSG00000112320	6	107811162	107981357
ENSG00000243899	10	49256241	49268060
ENSG00000261310	16	60520723	60557154
ENSG00000236194	17	40422535	40424701
ENSG00000270741	5	119993772	119994066
ENSG00000239181	3	42463638	42463730
ENSG00000125869	20	9495005	9511171
ENSG00000188185	7	39773231	39832691
ENSG00000222609	5	120046393	120046535
ENSG00000235787	3	42511132	42511371
ENSG00000259844	16	60688139	60690553
ENSG00000221020	17	40551027	40551109
ENSG00000248927	5	120116913	120126473
ENSG00000238704	17	40592216	40592277
ENSG00000200003	2	27698361	27698462
ENSG00000264314	17	40646791	40646848
ENSG00000249562	5	24578403	24578670
ENSG00000265127	16	60803883	60803987
ENSG00000126542	10	49272334	49327498
ENSG00000267222	17	40647885	40648568
ENSG00000261178	16	60959637	60962445
ENSG00000171148	3	9821544	9834695
ENSG00000262028	HG388_HG400_PATCH	111744779	111751966
ENSG00000267632	17	40661802	40663537
ENSG00000265611	17	40666206	40666325
ENSG00000224631	16	61089303	61089868
ENSG00000252480	7	39807940	39808043
ENSG00000221531	2	27804756	27804813
ENSG00000256929	17	40673736	40674065
ENSG00000270797	7	39828566	39828903
ENSG00000267185	17	40685550	40686027
ENSG00000226220	7	39836192	39837510
ENSG00000251135	5	120375785	120379727
ENSG00000159374	2	74785010	74875465
ENSG00000259080	2	27805913	27858041
ENSG00000266929	17	40688528	40714080
ENSG00000237251	7	39856148	39907739
ENSG00000260600	16	61725660	61727654
ENSG00000163743	4	76404247	76439974
ENSG00000206484	HSCHR6_MHC_QBL	30645360	30648733
ENSG00000201289	16	61777058	61777380
ENSG00000226906	Y	25082602	25119431
ENSG00000233225	7	39872813	39874544
ENSG00000260115	16	61952225	61974601
ENSG00000265328	3	103242877	103242960
ENSG00000243499	12	132152037	132152791
ENSG00000207441	16	62221444	62221550
ENSG00000244000	Y	25163210	25163968
ENSG00000137210	6	10747992	10852986
ENSG00000237901	16	62391275	62391650
ENSG00000248853	5	120394939	120396648
ENSG00000238507	16	62438155	62438258
ENSG00000222778	3	143905747	143905862
ENSG00000244060	12	112317142	112318053
ENSG00000231589	16	62630276	62632353
ENSG00000260332	16	62842126	62842610
ENSG00000232462	10	49363368	49364177
ENSG00000244024	3	145241325	145242202
ENSG00000250847	5	120531675	120531905
ENSG00000152266	11	13513602	13517728
ENSG00000223123	16	62859865	62859952
ENSG00000236544	7	155213901	155249794
ENSG00000147145	X	78003206	78012591
ENSG00000225482	10	49500742	49501460
ENSG00000261502	16	63090690	63163558
ENSG00000241695	3	145402359	145402879
ENSG00000227365	7	155302978	155311318
ENSG00000239797	3	145542044	145542526
ENSG00000255933	12	132241511	132242592
ENSG00000269986	16	63100430	63100894
ENSG00000221113	7	155664585	155664701
ENSG00000112486	6	167525295	167553184
ENSG00000200516	12	132285860	132285979
ENSG00000207061	7	155978816	155978917
ENSG00000214544	7	72656902	72694143
ENSG00000184470	22	19863040	19929341
ENSG00000261199	16	63214514	63214975
ENSG00000244358	3	145657699	145679323
ENSG00000229855	5	120535399	120693093
ENSG00000169972	1	1243947	1247057
ENSG00000260658	16	63348168	63651950
ENSG00000250099	5	24749483	24749881
ENSG00000205476	14	99977603	100070363
ENSG00000271739	7	119646030	119646155
ENSG00000233417	7	119781070	119783050
ENSG00000241808	16	63384667	63385053
ENSG00000186367	5	129083772	129102425
ENSG00000248156	5	24786951	24787133
ENSG00000164292	5	95049226	95160087
ENSG00000261743	16	63402748	63403360
ENSG00000259864	16	63737387	63737569
ENSG00000261014	16	63764181	63788661
ENSG00000248682	10	49718568	49719632
ENSG00000113580	5	142657496	142815077
ENSG00000261653	16	63969682	63970810
ENSG00000223004	5	24811590	24811657
ENSG00000231906	10	49754517	49754758
ENSG00000184792	22	31089769	31303811
ENSG00000248908	5	24835389	24840692
ENSG00000260715	16	64189073	64190478
ENSG00000262176	HG388_HG400_PATCH	111749658	111756698
ENSG00000261028	16	64276512	64377813
ENSG00000172878	2	172864490	172947158
ENSG00000244088	5	120911543	120912015
ENSG00000138434	2	182756560	182795465
ENSG00000260668	16	64294474	64295143
ENSG00000229859	11	60970779	60980570
ENSG00000168724	5	34929698	34959069
ENSG00000259846	16	64398684	64634150
ENSG00000205571	5	69345350	69374349
ENSG00000207141	14	24821263	24821363
ENSG00000206731	2	27864910	27865036
ENSG00000073969	17	44668035	44834830
ENSG00000167380	19	44669226	44682534
ENSG00000258657	14	25064929	25126980
ENSG00000154760	17	33762115	33775856
ENSG00000259859	16	64769828	64770707
ENSG00000184939	16	68563993	68609975
ENSG00000198108	5	129240165	129522327
ENSG00000115091	2	114647537	114720173
ENSG00000197601	11	13690217	13753893
ENSG00000260187	16	64770691	64771183
ENSG00000258098	14	25593693	25596204
ENSG00000213661	5	120951942	120952502
ENSG00000260068	16	64772226	64772467
ENSG00000121879	3	178865902	178957881
ENSG00000257179	14	25736270	25736542
ENSG00000263243	HSCHR17_4_CTG4	39017555	39023462
ENSG00000166984	6	167559902	167610401
ENSG00000249600	5	121007068	121007567
ENSG00000259847	16	65175659	65210616
ENSG00000270846	2	28118983	28120062
ENSG00000247311	5	121464457	121490551
ENSG00000150768	11	111895538	111935114
ENSG00000250524	5	24882052	24885570
ENSG00000108278	17	34842473	34855154
ENSG00000260834	16	65224876	65268817
ENSG00000263057	HSCHR17_4_CTG4	39032193	39041479
ENSG00000260364	16	65266959	65466723
ENSG00000179038	11	66963391	66964638
ENSG00000260517	16	29127448	29229181
ENSG00000120160	9	27284656	27297137
ENSG00000249610	5	121490191	121491710
ENSG00000264619	HSCHR6_MHC_APD	31737296	31743982
ENSG00000265321	2	28219234	28219316
ENSG00000261742	16	65318402	65610203
ENSG00000166949	15	67356101	67487533
ENSG00000259807	16	29228491	29231352
ENSG00000199911	5	24910703	24910804
ENSG00000078589	X	78200829	78217451
ENSG00000196927	16	29259550	29261449
ENSG00000251413	10	49832049	49833138
ENSG00000270528	2	28238644	28239349
ENSG00000207961	14	101526910	101527011
ENSG00000260953	16	29273594	29275800
ENSG00000236800	10	49872244	49880469
ENSG00000250803	5	121493063	121518353
ENSG00000198106	16	29262829	29519817
ENSG00000228754	10	49953590	49954173
ENSG00000251273	5	25126414	25190765
ENSG00000172020	3	115342171	115440337
ENSG00000261818	16	65614571	65680850
ENSG00000228403	10	50086067	50086694
ENSG00000241577	10	50092000	50143258
ENSG00000235650	HSCHR6_MHC_COX	33161393	33165893
ENSG00000079263	2	231067826	231223762
ENSG00000104611	8	19171128	19253729
ENSG00000223522	2	28530558	28533326
ENSG00000165511	10	45493146	45496336
ENSG00000120436	6	167569759	167571817
ENSG00000173020	11	67033881	67054027
ENSG00000169213	1	52373628	52456436
ENSG00000121152	2	97001525	97039583
ENSG00000260413	16	29323671	29342598
ENSG00000255692	12	120137573	120138816
ENSG00000141738	17	37894180	37903544
ENSG00000227861	HSCHR6_MHC_APD	31741930	31743982
ENSG00000169567	5	130494720	130507428
ENSG00000239178	12	45948373	45948442
ENSG00000135426	12	55341802	55378530
ENSG00000273015	12	46119510	46121558
ENSG00000271699	16	29362067	29381593
ENSG00000055130	7	148395006	148498128
ENSG00000245662	5	25190791	25306281
ENSG00000053918	11	2465914	2870339
ENSG00000164543	7	43622357	43666385
ENSG00000263007	HG388_HG400_PATCH	111779288	111794445
ENSG00000112494	6	167684657	167729507
ENSG00000198692	Y	22737611	22755040
ENSG00000265093	12	46267812	46268111
ENSG00000108785	17	40698782	40700724
ENSG00000270429	12	46274733	46276049
ENSG00000164885	7	150750899	150755617
ENSG00000268809	2	105882490	105882585
ENSG00000266962	17	40704456	40706766
ENSG00000239397	12	46397821	46398468
ENSG00000267189	17	40799852	40800161
ENSG00000120162	9	27325207	27529779
ENSG00000254634	16	29437121	29465435
ENSG00000267132	17	40800196	40800756
ENSG00000227077	17	18476045	18476415
ENSG00000225991	2	28531028	28531437
ENSG00000171847	12	8373856	8380214
ENSG00000251654	5	25219082	25298721
ENSG00000128463	15	34517200	34522357
ENSG00000267042	17	40831981	40834038
ENSG00000264948	17	18508369	18508669
ENSG00000262262	17	18541332	18541683
ENSG00000135127	12	120427673	120532298
ENSG00000174977	17	18553508	18554855
ENSG00000135974	2	105953816	105965668
ENSG00000264885	17	18570942	18572774
ENSG00000240445	17	18574259	18576186
ENSG00000229951	2	28607276	28617539
ENSG00000238639	16	29448818	29448921
ENSG00000272139	5	121646992	121647368
ENSG00000224126	17	18580574	18581070
ENSG00000260335	16	29460512	29460946
ENSG00000105507	19	48533210	48547310
ENSG00000147138	X	78426469	78427726
ENSG00000265693	17	18607953	18608082
ENSG00000225354	10	96642311	96643100
ENSG00000257148	HSCHR6_MHC_DBB	31112259	31112376
ENSG00000110881	12	50451331	50477394
ENSG00000260280	16	29466412	29476283
ENSG00000249621	5	121656986	121659053
ENSG00000173064	12	112597992	112819896
ENSG00000233377	10	96700010	96700878
ENSG00000249916	5	121705457	121719263
ENSG00000164120	4	175411328	175444305
ENSG00000187535	16	1560428	1662111
ENSG00000260761	5	25319943	25321455
ENSG00000228460	10	96766883	96767313
ENSG00000233665	10	50184599	50201091
ENSG00000257691	16	29486385	29486676
ENSG00000205578	7	72707497	72716496
ENSG00000241553	3	9834179	9849410
ENSG00000260863	10	96769431	96769569
ENSG00000226576	10	50192609	50226942
ENSG00000233890	HSCHR6_MHC_DBB	31120050	31125719
ENSG00000257506	16	29490200	29493912
ENSG00000147896	9	27524312	27526496
ENSG00000264800	10	50193557	50193632
ENSG00000011052	17	49230951	49249105
ENSG00000248605	5	25404842	25446034
ENSG00000078596	X	78615881	78623164
ENSG00000205846	12	8608522	8630926
ENSG00000234736	10	50329884	50359592
ENSG00000205534	16	29538889	29606395
ENSG00000250328	5	121772192	121814782
ENSG00000117602	1	24829387	24867530
ENSG00000124198	20	47538427	47653230
ENSG00000258588	11	5617955	5665628
ENSG00000270640	2	28619682	28619977
ENSG00000112578	6	41888926	41900784
ENSG00000238203	HSCHR6_MHC_APD	31744721	31756461
ENSG00000200483	12	132299808	132299913
ENSG00000206650	12	69021014	69021155
ENSG00000258096	12	46765246	46767561
ENSG00000205581	21	40714241	40721573
ENSG00000256955	12	132341965	132348596
ENSG00000234925	12	69036299	69036773
ENSG00000270210	2	28648812	28649586
ENSG00000096060	6	35541362	35696360
ENSG00000187550	19	56041100	56048456
ENSG00000257261	12	46777462	46850051
ENSG00000232764	Y	25171741	25172810
ENSG00000227938	2	28671034	28673051
ENSG00000124688	6	43597277	43608689
ENSG00000120686	13	38923986	38937140
ENSG00000255992	12	132409281	132413896
ENSG00000237012	HSCHR6_MHC_DBB	30605056	30611220
ENSG00000062038	16	68670092	68756519
ENSG00000117862	1	52485803	52521843
ENSG00000257496	12	46778016	46780774
ENSG00000227268	10	89618918	89623194
ENSG00000233126	Y	25195394	25197342
ENSG00000147894	9	27546544	27573864
ENSG00000272369	12	46931285	47046333
ENSG00000227251	Y	25204177	25205333
ENSG00000228890	Y	9555262	9558905
ENSG00000272963	12	46986356	46987088
ENSG00000271905	12	132486235	132486320
ENSG00000166527	12	8662071	8674962
ENSG00000086544	19	41223008	41246765
ENSG00000120440	6	167738574	167772991
ENSG00000208892	12	132515769	132515904
ENSG00000201016	5	25701326	25701433
ENSG00000270018	12	112335140	112335710
ENSG00000271642	12	47075854	47076496
ENSG00000157851	2	27070615	27173219
ENSG00000205936	Y	25525631	25538844
ENSG00000229186	12	112337067	112340042
ENSG00000258352	12	47529281	47532153
ENSG00000251593	5	25909612	25911343
ENSG00000231274	19	56052023	56056909
ENSG00000257000	12	132562348	132565005
ENSG00000251925	Y	25569246	25569383
ENSG00000124788	6	16299343	16761722
ENSG00000256804	12	132611006	132611309
ENSG00000212855	Y	9578193	9596085
ENSG00000242915	2	28683123	28683228
ENSG00000225189	Y	25608612	25618427
ENSG00000256576	12	132671287	132674240
ENSG00000184454	1	24882602	24935819
ENSG00000151327	14	35514113	35582336
ENSG00000165655	10	77157588	77161664
ENSG00000233969	7	119808399	119826118
ENSG00000251538	5	121964647	122066380
ENSG00000187021	10	118349897	118368687
ENSG00000230730	2	28856148	28887406
ENSG00000252023	7	120312925	120313029
ENSG00000230073	Y	25669468	25671516
ENSG00000165512	10	45495923	45500774
ENSG00000236208	10	50504157	50507063
ENSG00000259015	14	73427303	73428701
ENSG00000222560	5	26012998	26013134
ENSG00000231295	7	120386792	120392568
ENSG00000218891	19	56088899	56092211
ENSG00000256312	12	132674758	132675542
ENSG00000222232	2	28906842	28906949
ENSG00000105499	19	48551100	48614074
ENSG00000101695	18	29598335	29653176
ENSG00000119333	9	131395940	131419066
ENSG00000202225	7	120621480	120621607
ENSG00000215540	Y	25683455	25693089
ENSG00000171862	10	89622870	89731687
ENSG00000234927	7	120690981	120691257
ENSG00000231968	HSCHR6_MHC_DBB	29523343	29527656
ENSG00000135622	2	74881355	74909186
ENSG00000249099	5	26382628	26399928
ENSG00000256574	10	45798102	45811056
ENSG00000185527	17	79617489	79630142
ENSG00000118855	3	158449987	158547508
ENSG00000212628	7	120723754	120723867
ENSG00000256943	12	132851977	132854915
ENSG00000203690	6	167770521	167797998
ENSG00000207090	7	120835002	120835111
ENSG00000179943	19	56102746	56113336
ENSG00000213310	7	121038506	121038821
ENSG00000235939	10	50627323	50680949
ENSG00000226833	2	28931819	28959071
ENSG00000150773	11	111934734	111944998
ENSG00000240058	5	122011490	122012450
ENSG00000271237	10	50759354	50760698
ENSG00000229094	HSCHR6_MHC_DBB	31120916	31132215
ENSG00000188493	19	41246761	41257458
ENSG00000229680	HSCHR6_MHC_DBB	29555643	29556705
ENSG00000212114	5	122112126	122112222
ENSG00000227371	7	121059126	121059899
ENSG00000252295	5	122131820	122131922
ENSG00000165066	8	41502697	41508855
ENSG00000091527	3	133292574	133309105
ENSG00000171794	10	135043778	135045062
ENSG00000260686	5	122168051	122170228
ENSG00000226389	10	50979887	50981345
ENSG00000181786	19	8807751	8809172
ENSG00000236647	Y	25695956	25697532
ENSG00000101349	20	9518036	9819689
ENSG00000234985	7	121080888	121081315
ENSG00000198315	6	28109688	28127250
ENSG00000230571	5	26669455	26669845
ENSG00000166523	12	8685901	8693559
ENSG00000260004	16	65635004	65635601
ENSG00000147408	8	19261672	19615540
ENSG00000199015	14	101528343	101528476
ENSG00000151650	10	135050908	135055433
ENSG00000225466	Y	25727742	25760787
ENSG00000260695	16	65895015	65897687
ENSG00000248426	5	26669820	26670098
ENSG00000216179	14	101530832	101530915
ENSG00000261234	16	65972092	65972356
ENSG00000199107	14	101531637	101531715
ENSG00000199012	14	101531784	101531874
ENSG00000181733	19	8841316	8842371
ENSG00000256542	12	132853935	132855447
ENSG00000250703	5	26670443	26670590
ENSG00000186687	5	130506503	130541119
ENSG00000239103	5	122345237	122345335
ENSG00000237885	10	96791397	96791805
ENSG00000199025	14	101531918	101532024
ENSG00000263432	5	122358184	122358478
ENSG00000231829	10	96901682	96928182
ENSG00000199092	14	101532249	101532328
ENSG00000221690	7	121214723	121214808
ENSG00000273233	2	29033147	29033572
ENSG00000207959	14	101533061	101533138
ENSG00000227743	7	121283388	121290414
ENSG00000239974	HSCHR6_MHC_SSTO	32139229	32142928
ENSG00000224169	Y	25803986	25805205
ENSG00000225533	10	96943410	96943974
ENSG00000249996	5	122371966	122390362
ENSG00000252704	7	121376497	121376779
ENSG00000234026	10	96988000	96990901
ENSG00000163013	2	73481810	73511559
ENSG00000223403	14	101536248	101539274
ENSG00000223407	Y	25805613	25813969
ENSG00000150893	13	39261266	39460074
ENSG00000251033	5	26711660	26750106
ENSG00000247363	12	69068151	69081535
ENSG00000233272	7	121482422	121485185
ENSG00000214362	10	97354355	97355129
ENSG00000263654	5	122406477	122406773
ENSG00000258275	14	25826970	25827895
ENSG00000144278	2	154728426	155310361
ENSG00000181016	7	112120908	112131117
ENSG00000134758	18	29671818	29711524
ENSG00000229183	11	60989688	61018929
ENSG00000133422	22	31321117	31364284
ENSG00000258659	11	5640994	5665628
ENSG00000255916	12	132906436	132908161
ENSG00000257976	14	25900399	25901440
ENSG00000230805	14	101540206	101544247
ENSG00000264994	2	29136530	29136614
ENSG00000131470	17	40724333	40729849
ENSG00000223652	5	122422943	122425994
ENSG00000228333	HSCHR6_MHC_DBB	33139275	33146375
ENSG00000160570	19	42702750	42724292
ENSG00000212270	14	26275854	26275918
ENSG00000241825	12	69078375	69080088
ENSG00000167785	19	8920380	8943004
ENSG00000257986	14	26305064	26612511
ENSG00000146521	6	168185217	168197539
ENSG00000226688	10	97512963	97849995
ENSG00000249616	5	26739862	26741292
ENSG00000212037	14	26641372	26641464
ENSG00000233560	12	69099414	69100846
ENSG00000265145	2	29149933	29150010
ENSG00000257503	14	26677242	26677630
ENSG00000259004	14	101587193	101589879
ENSG00000115641	2	105974169	106054970
ENSG00000174482	9	27948076	28670283
ENSG00000213655	5	122571773	122572064
ENSG00000206761	14	101611818	101612032
ENSG00000232354	3	42548016	42574750
ENSG00000225005	7	72728107	72729213
ENSG00000256678	12	69198791	69199259
ENSG00000258681	14	101683709	101684578
ENSG00000262119	14	27061953	27063723
ENSG00000198841	1	52497775	52499488
ENSG00000222224	2	29150109	29150206
ENSG00000256325	12	69221898	69222333
ENSG00000206709	7	72753097	72753203
ENSG00000258497	14	101723669	101744655
ENSG00000269155	6	168196210	168198927
ENSG00000207261	5	27111676	27111781
ENSG00000202035	7	72818118	72818219
ENSG00000257842	14	27067618	27275673
ENSG00000250539	5	122736616	122738038
ENSG00000252713	7	72921538	72921604
ENSG00000115896	2	198669426	199437305
ENSG00000265724	7	73125647	73125727
ENSG00000231116	HSCHR6_MHC_APD	31756648	31775083
ENSG00000129845	Y	9590765	9611898
ENSG00000241709	7	73146901	73147201
ENSG00000249400	5	122804475	122805123
ENSG00000265706	2	29150849	29150926
ENSG00000135517	12	56843286	56862950
ENSG00000177192	12	132413745	132428406
ENSG00000225969	7	73149368	73150384
ENSG00000230084	3	42643455	42695880
ENSG00000248490	5	27412720	27436518
ENSG00000226469	12	112364822	112366821
ENSG00000270584	7	156056241	156056496
ENSG00000200283	2	29195280	29195387
ENSG00000202105	5	122846130	122846231
ENSG00000228569	7	156225217	156228527
ENSG00000239193	16	29550583	29550686
ENSG00000267765	17	40835205	40851484
ENSG00000261467	7	73400322	73403097
ENSG00000175183	12	77252495	77272840
ENSG00000266758	16	29610500	29610586
ENSG00000233878	7	156230483	156238282
ENSG00000079215	5	36606457	36688436
ENSG00000114395	3	50388126	50395891
ENSG00000146285	6	108025308	108145521
ENSG00000263957	2	29304136	29304217
ENSG00000235275	5	122971804	122973097
ENSG00000260727	16	29624425	29624961
ENSG00000239671	17	40866317	40866661
ENSG00000232415	7	73473906	73476614
ENSG00000250862	5	123556272	123556770
ENSG00000115008	2	113531492	113542167
ENSG00000240203	3	42717684	42717983
ENSG00000260133	16	29630106	29647649
ENSG00000207741	7	73605528	73605624
ENSG00000106603	7	43648055	43769316
ENSG00000230970	3	42744145	42748154
ENSG00000258460	14	101798853	101800668
ENSG00000250151	3	9834766	9877085
ENSG00000252538	7	73672856	73672946
ENSG00000133226	1	24958207	24999758
ENSG00000238391	7	73901758	73901870
ENSG00000259023	14	101872324	101874259
ENSG00000260514	16	29635838	29636146
ENSG00000252378	7	73985677	73985754
ENSG00000173811	3	42774067	42788260
ENSG00000182648	7	156264890	156433286
ENSG00000259082	14	101908413	101910652
ENSG00000222375	16	29742372	29742725
ENSG00000253807	5	123641923	123740772
ENSG00000151651	10	135075907	135090372
ENSG00000273069	7	74021239	74021625
ENSG00000214578	17	40904898	40905817
ENSG00000260719	16	29756568	29759620
ENSG00000250337	5	27472399	27496508
ENSG00000100593	14	77940740	77965210
ENSG00000225611	3	42812104	42815127
ENSG00000262756	16	29793246	29794294
ENSG00000232729	7	74103273	74143339
ENSG00000251421	5	123731296	123736088
ENSG00000239544	14	73430353	73430716
ENSG00000185565	3	115521235	117716095
ENSG00000235288	3	42846696	42893920
ENSG00000259952	16	29817817	29819053
ENSG00000108479	17	73747675	73761792
ENSG00000241487	14	73507329	73507622
ENSG00000176422	12	56862301	56864763
ENSG00000134717	1	52521797	52556388
ENSG00000258813	14	73525139	73526123
ENSG00000238045	16	29819966	29823306
ENSG00000119335	9	131445703	131458679
ENSG00000273328	3	42850906	42949597
ENSG00000197291	17	40905932	40913275
ENSG00000226660	7	142000747	142001255
ENSG00000201999	16	66335712	66335843
ENSG00000251662	5	123731640	123736348
ENSG00000236459	3	42930853	42931798
ENSG00000246898	16	66442427	66446038
ENSG00000261962	16	29820250	29831687
ENSG00000259166	14	101913979	101923454
ENSG00000232210	7	74155796	74156460
ENSG00000258448	14	73534816	73535326
ENSG00000235833	2	98140412	98141439
ENSG00000132623	20	9966774	10037410
ENSG00000206552	3	42975744	42978277
ENSG00000131115	19	44711700	44741421
ENSG00000259109	14	73656471	73656712
ENSG00000260146	16	66484901	66485254
ENSG00000141540	17	72209653	72258155
ENSG00000226936	HSCHR6_MHC_COX	33166523	33168208
ENSG00000184378	3	169484709	169487683
ENSG00000258376	14	73710726	73712687
ENSG00000261690	16	29829301	29832573
ENSG00000261656	16	66503699	66515133
ENSG00000105929	7	138391040	138484305
ENSG00000196850	12	110969120	111021125
ENSG00000237702	7	142008365	142008871
ENSG00000248600	5	123791066	123795791
ENSG00000258498	14	102018558	102026768
ENSG00000173681	X	19930978	19988416
ENSG00000272104	3	50388323	50405354
ENSG00000252839	14	73713526	73713588
ENSG00000260785	17	69093916	69198318
ENSG00000260755	16	66543340	66543951
ENSG00000258944	14	73738890	73740789
ENSG00000229224	2	29319709	29320391
ENSG00000261519	16	66583183	66585092
ENSG00000129933	19	19431490	19469563
ENSG00000211710	7	142013007	142013489
ENSG00000133115	13	39540062	39565203
ENSG00000251214	5	123795605	123796242
ENSG00000260650	16	66613886	66614619
ENSG00000229870	10	51023142	51023608
ENSG00000251393	14	73929129	73943880
ENSG00000266310	2	29726773	29726859
ENSG00000155749	2	202152994	202222121
ENSG00000260465	16	66754800	66765688
ENSG00000242699	2	29903895	29904189
ENSG00000224075	Y	9638762	9650854
ENSG00000160828	7	74112305	74306731
ENSG00000260558	16	66772166	66773229
ENSG00000211734	7	142020496	142021363
ENSG00000230737	2	30113237	30115220
ENSG00000170948	19	8943074	8954016
ENSG00000258373	12	112430800	112431679
ENSG00000246777	16	66785655	66788643
ENSG00000228970	2	98253060	98254266
ENSG00000252003	7	121721774	121721835
ENSG00000197644	2	30122463	30130065
ENSG00000093010	22	19929130	19957498
ENSG00000170468	14	73957644	73960105
ENSG00000172426	6	43612783	43640336
ENSG00000258122	16	66875336	66887351
ENSG00000232375	3	43078613	43078943
ENSG00000226636	7	121799354	121802297
ENSG00000265478	17	18713269	18714253
ENSG00000228379	Y	9650924	9655122
ENSG00000233862	2	30273932	30366670
ENSG00000261705	16	66921918	66922834
ENSG00000255242	14	73957669	73960096
ENSG00000145723	5	102421704	102455855
ENSG00000250438	5	123805284	123805594
ENSG00000250111	17	18739020	18745677
ENSG00000258443	14	73983937	73987352
ENSG00000204237	17	79632066	79633665
ENSG00000261088	16	66923072	66924996
ENSG00000204221	HSCHR6_MHC_COX	33168491	33178914
ENSG00000248296	5	123828468	123872041
ENSG00000122729	9	32384618	32454767
ENSG00000257624	12	112438543	112438789
ENSG00000211706	7	142028121	142028610
ENSG00000265408	16	66976615	66997159
ENSG00000264485	17	18743931	18744231
ENSG00000266370	12	112475403	112475519
ENSG00000114796	3	183353356	183402265
ENSG00000264273	17	18762667	18764779
ENSG00000258695	14	73989582	73997314
ENSG00000265918	16	67053422	67053718
ENSG00000229208	Y	9669027	9684305
ENSG00000207948	16	67236224	67236298
ENSG00000258408	14	74005925	74006485
ENSG00000111732	12	8754762	8765467
ENSG00000262691	16	67295011	67297687
ENSG00000221721	5	27986282	27986392
ENSG00000204379	X	52255219	52260363
ENSG00000211707	7	142032006	142032527
ENSG00000221383	2	30288990	30289079
ENSG00000201201	16	67355561	67355890
ENSG00000206481	HSCHR6_MHC_QBL	30657119	30675200
ENSG00000234418	7	121856401	121858491
ENSG00000239194	16	67424594	67424753
ENSG00000258524	14	74037863	74038371
ENSG00000258323	12	112501713	112503559
ENSG00000213302	7	121874585	121874957
ENSG00000200688	12	112506908	112507013
ENSG00000211745	7	142045252	142045816
ENSG00000250079	5	28213466	28214666
ENSG00000200135	12	112587164	112587276
ENSG00000167625	19	42724423	42732353
ENSG00000182093	21	40752170	40800454
ENSG00000231874	Y	9707273	9708390
ENSG00000170234	5	159488808	159546430
ENSG00000258603	14	74083412	74100644
ENSG00000137185	6	28192664	28201260
ENSG00000148459	10	26986588	27035727
ENSG00000257494	12	112694604	112696895
ENSG00000185298	17	79633394	79640934
ENSG00000182218	14	100111447	100146906
ENSG00000229200	7	142099455	142099977
ENSG00000230316	7	121943712	121950131
ENSG00000263838	12	47581595	47581674
ENSG00000225943	2	30299959	30301138
ENSG00000261320	16	67464570	67465367
ENSG00000258972	14	74098179	74098723
ENSG00000180817	10	71962586	71993667
ENSG00000133818	11	14299472	14386052
ENSG00000203401	16	67466595	67468931
ENSG00000116044	2	178092323	178257425
ENSG00000211732	7	142104121	142104553
ENSG00000131634	16	1578689	1605581
ENSG00000256783	12	133033746	133036610
ENSG00000270049	16	67515217	67521153
ENSG00000211731	7	142111393	142111859
ENSG00000207187	2	30410300	30410432
ENSG00000247774	12	47599681	47610239
ENSG00000259202	15	67435072	67439277
ENSG00000251907	14	74126267	74126363
ENSG00000230166	10	51117659	51117988
ENSG00000226873	Y	25820526	25821539
ENSG00000258660	14	74164806	74167054
ENSG00000183020	11	924894	1012239
ENSG00000231712	2	30432861	30433173
ENSG00000253291	7	142119820	142120321
ENSG00000174059	1	208057594	208084747
ENSG00000270568	10	51211725	51212022
ENSG00000256875	12	133038828	133039442
ENSG00000184277	15	102161847	102192594
ENSG00000120685	13	39584003	39612252
ENSG00000214986	10	51214507	51216406
ENSG00000264741	14	74225450	74225522
ENSG00000249785	5	28286496	28287772
ENSG00000167741	17	4460222	4464113
ENSG00000179921	2	219124219	219128582
ENSG00000171443	19	56111388	56114504
ENSG00000253534	7	142124137	142124565
ENSG00000259065	14	74254063	74269973
ENSG00000170190	17	73083822	73102257
ENSG00000256261	2	30481193	30482893
ENSG00000170231	5	159614374	159665742
ENSG00000215689	GL000193.1	49252	88375
ENSG00000261221	19	56116771	56128635
ENSG00000171121	3	178957530	178984790
ENSG00000229510	GL000193.1	86545	86855
ENSG00000103591	15	67493371	67547533
ENSG00000105723	19	42734338	42746777
ENSG00000252867	5	28624764	28624870
ENSG00000179922	19	56132108	56135967
ENSG00000157077	1	52608046	52812358
ENSG00000250453	5	28782785	28809356
ENSG00000181143	19	8959520	9092018
ENSG00000135423	12	56864736	56882198
ENSG00000235997	2	30569525	30575297
ENSG00000234729	HSCHR6_MHC_COX	32097222	32100578
ENSG00000240107	3	103257479	103259331
ENSG00000148655	10	77360998	78319925
ENSG00000270495	5	28808645	28809362
ENSG00000243195	3	103349505	103349756
ENSG00000265076	3	103773552	103773640
ENSG00000132256	11	5684425	5959849
ENSG00000214405	3	103781883	103782426
ENSG00000221377	2	30655219	30655314
ENSG00000163781	3	133317019	133380737
ENSG00000231198	7	39872885	39873392
ENSG00000213015	19	56146382	56154835
ENSG00000228486	2	98280680	98319527
ENSG00000175741	7	39894093	39894655
ENSG00000143379	1	150898739	150937213
ENSG00000132475	17	73772515	73781974
ENSG00000271035	5	28897892	28898381
ENSG00000188176	17	4487294	4511614
ENSG00000242855	7	39927972	39928261
ENSG00000259826	7	39987121	39989354
ENSG00000092020	14	35554673	35591723
ENSG00000238759	17	69294297	69294359
ENSG00000085274	3	169490619	169507504
ENSG00000230118	2	30969310	30969567
ENSG00000224979	HSCHR6_MHC_APD	31776526	31786115
ENSG00000222563	17	69307309	69307383
ENSG00000170893	3	129693148	129696781
ENSG00000204394	6	31745295	31763730
ENSG00000225818	17	69592479	69593420
ENSG00000197701	4	53179	88099
ENSG00000273444	7	40146887	40147053
ENSG00000162685	5	28925707	28927696
ENSG00000234450	7	156426049	156426481
ENSG00000240527	10	97593265	97633515
ENSG00000270577	7	40155284	40155542
ENSG00000224903	7	156446879	156450387
ENSG00000198937	6	37450696	37467698
ENSG00000227805	10	97759535	97760000
ENSG00000199273	7	40167720	40167831
ENSG00000007545	16	1662326	1727909
ENSG00000171425	19	56146825	56156988
ENSG00000248711	7	40191212	40193750
ENSG00000266407	10	97824072	97824156
ENSG00000206938	7	156664772	156664912
ENSG00000230033	7	156737415	156738339
ENSG00000234579	2	31209805	31214292
ENSG00000200728	10	97872504	97872608
ENSG00000201428	12	112704881	112705198
ENSG00000203446	7	40577726	40586527
ENSG00000187657	Y	9743204	9745748
ENSG00000214021	3	9849770	9896822
ENSG00000227658	7	40815157	40824816
ENSG00000216093	2	31258419	31258510
ENSG00000257845	14	27244701	27291313
ENSG00000213152	12	112739674	112740467
ENSG00000038427	5	82767284	82878122
ENSG00000177853	10	97889472	97965044
ENSG00000232458	7	41004266	41019537
ENSG00000230685	HSCHR6_MHC_COX	31685771	31694945
ENSG00000013016	2	31456880	31492313
ENSG00000226400	5	28927136	28927391
ENSG00000257658	12	112759563	112760893
ENSG00000126062	3	50392180	50397041
ENSG00000224017	7	41141202	41173105
ENSG00000220823	GL000193.1	92420	92496
ENSG00000255783	GL000193.1	95248	95324
ENSG00000196535	17	27400528	27507430
ENSG00000256974	GL000193.1	96645	96721
ENSG00000236310	7	41706766	41744933
ENSG00000228118	17	69617119	69617577
ENSG00000239225	Y	9748407	9749571
ENSG00000201671	2	31451178	31451276
ENSG00000264723	GL000193.1	169660	169941
ENSG00000257925	12	47631517	47672804
ENSG00000257181	12	69235068	69237017
ENSG00000224116	7	41733514	41818986
ENSG00000234950	Y	9789162	9797032
ENSG00000252127	GL000193.1	175230	175324
ENSG00000256664	12	69235726	69236164
ENSG00000249226	5	29001867	29003464
ENSG00000240499	7	121968523	122080410
ENSG00000170929	19	9203855	9204889
ENSG00000258181	12	47641907	47651322
ENSG00000178921	17	8150936	8173809
ENSG00000228639	17	70017992	70030233
ENSG00000228892	HSCHR6_MHC_SSTO	32142859	32152743
ENSG00000196843	2	97202480	97218375
ENSG00000104529	8	144661867	144681711
ENSG00000213721	7	42152964	42153219
ENSG00000260105	17	41017939	41026386
ENSG00000261396	16	67572460	67574009
ENSG00000221560	12	113132839	113132981
ENSG00000170923	19	9212945	9213982
ENSG00000258116	12	47735397	47735872
ENSG00000238284	7	42701325	42746046
ENSG00000257452	12	113345433	113455556
ENSG00000157828	Y	22918050	22942918
ENSG00000256124	17	70026432	70034889
ENSG00000259945	16	67576026	67576866
ENSG00000229161	7	42834505	42842093
ENSG00000150776	11	111944810	111955874
ENSG00000185751	X	52380351	52387001
ENSG00000173581	19	56152428	56164527
ENSG00000236718	Y	9860098	9871796
ENSG00000260894	16	67576207	67576475
ENSG00000231539	7	42869271	42884037
ENSG00000199566	12	47739949	47740080
ENSG00000161807	19	9225274	9226439
ENSG00000213620	2	31513628	31514470
ENSG00000261019	7	42940871	42942238
ENSG00000261386	16	67583117	67597861
ENSG00000257924	12	47747537	47763718
ENSG00000264906	12	47757969	47758052
ENSG00000234983	7	42958340	42959683
ENSG00000100596	14	77972340	78083116
ENSG00000257906	12	47808791	47813962
ENSG00000184368	X	20024831	20135035
ENSG00000170920	19	9236688	9237626
ENSG00000258159	12	113453412	113453903
ENSG00000226704	HSCHR6_MHC_APD	31788760	31794206
ENSG00000183963	22	31460091	31500743
ENSG00000235029	7	156799001	156799826
ENSG00000258369	12	47856870	47857404
ENSG00000160447	9	131464802	131483197
ENSG00000243479	7	156803499	156809120
ENSG00000127837	2	219128850	219134980
ENSG00000025796	6	108188960	108279393
ENSG00000049319	2	31747550	31806136
ENSG00000257807	12	47878472	47879505
ENSG00000184924	2	25012603	25016251
ENSG00000039068	16	68771128	68869451
ENSG00000186777	4	264464	299110
ENSG00000129757	11	2904443	2907111
ENSG00000236102	7	156850403	156851208
ENSG00000252770	12	69305701	69305762
ENSG00000257905	12	47986991	47987223
ENSG00000234623	HSCHR6_MHC_DBB	29624714	29640106
ENSG00000257289	12	69307584	69307802
ENSG00000229365	7	156880649	156881237
ENSG00000227587	HSCHR6_MHC_COX	31499694	31502076
ENSG00000173221	5	95087023	95158709
ENSG00000263910	12	69350186	69350266
ENSG00000257433	12	48099868	48136077
ENSG00000225224	7	156985062	156985526
ENSG00000125538	2	113587328	113594480
ENSG00000257336	12	69351157	69351457
ENSG00000235941	HSCHR6_MHC_APD	31794605	31797087
ENSG00000188811	13	39612443	39624246
ENSG00000130803	19	9251056	9274100
ENSG00000252547	12	69511348	69511432
ENSG00000269215	5	39105358	39107350
ENSG00000236018	7	156990294	156991205
ENSG00000258140	12	69605903	69618022
ENSG00000177728	17	73437240	73496171
ENSG00000224629	7	157055716	157055923
ENSG00000229660	7	157074230	157075380
ENSG00000112139	6	37600284	37667082
ENSG00000257818	12	69678177	69679265
ENSG00000165891	12	77415027	77459360
ENSG00000257764	12	69747273	69748005
ENSG00000187626	6	28212401	28227011
ENSG00000011258	17	49254786	49337524
ENSG00000145451	4	175558065	175750465
ENSG00000232804	HSCHR6_MHC_APD	31806879	31809393
ENSG00000185418	15	102193801	102264807
ENSG00000157578	21	40777770	40817731
ENSG00000183146	Y	23544840	23548246
ENSG00000232006	7	42993734	43099149
ENSG00000266185	12	69794683	69794978
ENSG00000211728	7	142131412	142131918
ENSG00000201933	7	43136331	43136443
ENSG00000241765	12	69816436	69816775
ENSG00000233418	HSCHR6_MHC_DBB	30611130	30631079
ENSG00000181211	7	43157495	43202786
ENSG00000257507	12	69843250	69854504
ENSG00000238330	14	74265718	74265821
ENSG00000227245	3	43128971	43129560
ENSG00000211727	7	142139278	142139815
ENSG00000259804	16	67595314	67596212
ENSG00000222331	3	43252233	43252363
ENSG00000252601	5	29070603	29070717
ENSG00000127054	1	1246965	1260071
ENSG00000241939	3	43356443	43356745
ENSG00000237718	16	67648284	67649245
ENSG00000132639	20	10199478	10288066
ENSG00000258586	14	74289262	74296838
ENSG00000271941	3	43388415	43389135
ENSG00000270165	16	67772491	67773825
ENSG00000076356	1	208195587	208417665
ENSG00000248687	5	29104987	29105545
ENSG00000234617	3	43391136	43393454
ENSG00000127947	7	77166592	77269388
ENSG00000262141	16	67889858	67890014
ENSG00000264069	7	43190494	43190593
ENSG00000253188	7	142143652	142144084
ENSG00000158125	2	31557187	31637581
ENSG00000251811	3	43513969	43514088
ENSG00000252983	7	43234020	43234081
ENSG00000213373	17	41026687	41050751
ENSG00000270576	14	74307223	74307312
ENSG00000223916	3	43526464	43527372
ENSG00000221526	16	67911560	67911643
ENSG00000223258	7	43247361	43247465
ENSG00000153157	6	10748027	10979553
ENSG00000223300	14	74324764	74324868
ENSG00000263126	16	67916364	67920270
ENSG00000235886	3	43820453	43821474
ENSG00000270430	5	29105675	29106968
ENSG00000228680	7	43278665	43288867
ENSG00000267660	16	67977450	67978423
ENSG00000113600	5	39284364	39424970
ENSG00000242875	Y	23673224	23687672
ENSG00000150779	11	111955524	111957522
ENSG00000211725	7	142148928	142149399
ENSG00000256713	11	61008514	61018920
ENSG00000262962	16	68036335	68038855
ENSG00000234728	HSCHR6_MHC_APD	31813742	31818898
ENSG00000258891	14	74362867	74404817
ENSG00000101972	X	123094062	123556514
ENSG00000104613	8	19674651	19709594
ENSG00000112576	6	41902671	42018095
ENSG00000263201	16	68047339	68049814
ENSG00000214725	16	29874914	29879371
ENSG00000211724	7	142161931	142162407
ENSG00000259786	5	29143610	29172465
ENSG00000202336	16	68051613	68051720
ENSG00000230099	7	142168380	142169045
ENSG00000205045	17	33791268	33864880
ENSG00000252039	17	41043355	41043452
ENSG00000200510	17	41084865	41084959
ENSG00000270140	14	74371970	74372339
ENSG00000212149	17	41092592	41092719
ENSG00000105486	19	48618702	48673860
ENSG00000254827	11	2909010	2924970
ENSG00000199472	14	74373019	74373130
ENSG00000261732	16	1682260	1736716
ENSG00000183722	13	39917029	40177665
ENSG00000253409	7	142176329	142176790
ENSG00000172752	3	130064359	130203688
ENSG00000260502	HG79_PATCH	136335502	136346383
ENSG00000259114	14	74498500	74549566
ENSG00000243635	3	104221544	104222110
ENSG00000244652	3	106044584	106045140
ENSG00000200610	3	106234744	106234845
ENSG00000200361	3	106407525	106407626
ENSG00000249112	5	124043520	124046430
ENSG00000144749	3	66429221	66551687
ENSG00000228563	2	31752012	31788534
ENSG00000211721	7	142180515	142181016
ENSG00000221789	16	68089682	68089787
ENSG00000242759	3	106555658	106959488
ENSG00000261864	16	68111243	68156174
ENSG00000229769	7	142206511	142207011
ENSG00000270422	2	31876450	31876931
ENSG00000268643	19	42738735	42759284
ENSG00000211720	7	142223820	142224284
ENSG00000248391	5	29380403	29396088
ENSG00000201850	16	68123352	68123446
ENSG00000239910	14	74641159	74641454
ENSG00000107201	9	32455300	32526322
ENSG00000260114	16	29930957	29933226
ENSG00000212445	16	68223190	68223324
ENSG00000258513	14	74659292	74659526
ENSG00000165629	10	7830092	7849778
ENSG00000107672	10	123716603	123734732
ENSG00000247735	16	29938157	29940254
ENSG00000262514	16	68233698	68234884
ENSG00000204370	11	111957497	111990353
ENSG00000223647	2	32018892	32029049
ENSG00000250616	16	30107751	30115437
ENSG00000138092	2	25016005	25045245
ENSG00000211717	7	142231573	142232090
ENSG00000204957	19	42746927	42749125
ENSG00000188000	19	9296279	9299493
ENSG00000240435	16	68243345	68243681
ENSG00000258559	14	74755830	74761128
ENSG00000174667	19	9324526	9325542
ENSG00000154222	1	52811395	52831865
ENSG00000238448	2	32035264	32035357
ENSG00000211716	7	142239537	142240058
ENSG00000248418	5	29600783	29600975
ENSG00000258737	14	74772128	74772766
ENSG00000159433	15	42867857	43013179
ENSG00000237521	19	9361606	9362820
ENSG00000237007	2	32047660	32048505
ENSG00000183311	HSCHR6_MHC_QBL	30677512	30682738
ENSG00000130396	6	168227602	168372703
ENSG00000211715	7	142242281	142242747
ENSG00000166189	10	103825147	103827792
ENSG00000165383	10	50117528	50143242
ENSG00000254148	17	70030248	70053871
ENSG00000177776	14	74844521	74845121
ENSG00000105722	19	42751724	42759309
ENSG00000159917	19	44732882	44809199
ENSG00000235672	17	18811592	18812178
ENSG00000206053	16	1728257	1752281
ENSG00000077312	19	41256542	41271294
ENSG00000211714	7	142247109	142247615
ENSG00000212618	17	18847312	18847386
ENSG00000250984	5	29796045	29796375
ENSG00000196110	19	9404951	9420514
ENSG00000196893	17	18854938	18857462
ENSG00000182718	15	60639333	60695082
ENSG00000270000	14	74938633	74939063
ENSG00000265267	2	32048087	32048175
ENSG00000264405	12	69978502	69978603
ENSG00000234899	17	70033455	70217977
ENSG00000211713	7	142250703	142251158
ENSG00000133103	13	40229764	40365802
ENSG00000262037	HSCHR19_1_CTG3	20959110	20990226
