ENSG00000259005	14	74940710	74941567
ENSG00000165633	10	50222290	50323554
ENSG00000107951	10	30598730	30663377
ENSG00000249744	5	29848791	29849325
ENSG00000211746	7	142326363	142327046
ENSG00000230873	6	17102489	17131603
ENSG00000263045	17	18889461	18889647
ENSG00000265649	14	74946836	74946907
ENSG00000242272	2	32048482	32048886
ENSG00000265185	17	18965225	18965807
ENSG00000258769	14	74949688	74950138
ENSG00000108231	10	95517566	95557916
ENSG00000228691	HSCHR6_MHC_APD	31836794	31842041
ENSG00000198728	10	103867317	103880210
ENSG00000211747	7	142334163	142334913
ENSG00000141140	17	34851477	34899284
ENSG00000273165	2	32078045	32078492
ENSG00000137261	6	24544332	24646383
ENSG00000211749	7	142353468	142353964
ENSG00000262562	HSCHR19_1_CTG3	21112510	21139919
ENSG00000160446	9	131483148	131486406
ENSG00000247131	12	70107413	70132348
ENSG00000233787	5	29881816	29883052
ENSG00000255292	11	111957627	112064528
ENSG00000258425	14	75018884	75026751
ENSG00000262074	17	18966762	18967449
ENSG00000221326	2	32144931	32145018
ENSG00000223136	5	29948935	29949237
ENSG00000148498	10	34398488	35104253
ENSG00000271228	2	32238130	32238437
ENSG00000204038	10	82009466	82013395
ENSG00000226101	17	70068474	70089622
ENSG00000185437	21	40817781	40887433
ENSG00000183495	12	132434508	132565005
ENSG00000250587	5	30248457	30249000
ENSG00000159915	19	44754318	44779470
ENSG00000213717	7	43313758	43314181
ENSG00000144355	2	172949468	172954405
ENSG00000112146	6	52916789	52965671
ENSG00000231638	7	43548327	43562141
ENSG00000017373	17	36686251	36762183
ENSG00000252308	7	43618487	43618571
ENSG00000151224	10	82031576	82049440
ENSG00000263802	2	32313373	32313460
ENSG00000229497	7	43806889	43807198
ENSG00000110628	11	2920951	2946476
ENSG00000261367	16	30118996	30121862
ENSG00000272716	2	32390115	32390826
ENSG00000237972	7	43958296	43959653
ENSG00000227036	17	70319264	70636611
ENSG00000099889	22	19957419	20004331
ENSG00000261416	16	30194826	30196278
ENSG00000214783	7	43980494	44058774
ENSG00000250118	5	30365512	30365791
ENSG00000204852	12	111051832	111087235
ENSG00000188321	19	9434448	9461838
ENSG00000229816	2	32426669	32429068
ENSG00000106605	7	43798279	43846939
ENSG00000241668	5	31053672	31054260
ENSG00000253940	5	31066077	31066239
ENSG00000266453	7	157098487	157098765
ENSG00000146802	7	112402437	112430647
ENSG00000124207	20	47662849	47713489
ENSG00000234210	7	157258925	157292410
ENSG00000063244	19	56165512	56186081
ENSG00000201113	2	32439525	32439631
ENSG00000223872	7	157294016	157296271
ENSG00000213599	16	30205213	30215631
ENSG00000272754	2	32546707	32548071
ENSG00000140199	15	34525460	34630261
ENSG00000254138	5	31094084	31267717
ENSG00000236320	17	33875144	33885117
ENSG00000229417	10	97949122	97949975
ENSG00000233191	7	157305988	157309535
ENSG00000207960	7	157367028	157367114
ENSG00000263249	HSCHR19_1_CTG3	21209842	21223406
ENSG00000231515	7	157531702	157533148
ENSG00000167491	19	19496635	19619740
ENSG00000230197	17	18981088	18991191
ENSG00000229418	10	98052442	98066452
ENSG00000170633	12	121837844	121868389
ENSG00000233038	7	157647221	157658784
ENSG00000141068	17	25783670	25953461
ENSG00000135083	5	159678659	159772403
ENSG00000261927	HSCHR19_1_CTG3	20857729	20879339
ENSG00000103599	15	67547138	67794598
ENSG00000062370	19	44830708	44871377
ENSG00000264682	HSCHR19_1_CTG3	20988332	20988414
ENSG00000238850	GL000225.1	183252	183364
ENSG00000183778	21	40928369	41045064
ENSG00000267230	17	41127706	41129292
ENSG00000262975	HSCHR19_1_CTG3	20998050	21005050
ENSG00000272839	7	157661230	157661846
ENSG00000273432	7	43991509	44058750
ENSG00000200127	17	41149933	41150024
ENSG00000231980	7	157820065	157823820
ENSG00000267267	17	41181274	41184051
ENSG00000265746	17	18985750	18988147
ENSG00000189134	6	28227098	28228736
ENSG00000240828	17	41231319	41231797
ENSG00000140326	15	43015757	43029324
ENSG00000257815	12	70297813	70637140
ENSG00000155329	5	132332677	132362296
ENSG00000160445	9	131492065	131534693
ENSG00000263102	HSCHR19_1_CTG3	21027635	21036574
ENSG00000198496	17	41277627	41305688
ENSG00000261444	16	30225730	30226020
ENSG00000108733	17	33901814	33905882
ENSG00000261203	16	30229541	30233251
ENSG00000262059	HSCHR19_1_CTG3	21150279	21154362
ENSG00000183461	X	52511761	52516905
ENSG00000169504	1	25071848	25170815
ENSG00000263394	17	18994382	18995138
ENSG00000268975	19	41277553	41292590
ENSG00000244393	10	51253146	51371338
ENSG00000173674	X	20142636	20159962
ENSG00000262202	17	19015313	19015949
ENSG00000184809	21	40969074	40984748
ENSG00000106462	7	148504475	148581413
ENSG00000137338	6	28249314	28270326
ENSG00000262319	17	19044330	19047002
ENSG00000156990	3	9879533	9886286
ENSG00000011198	3	43731605	43775863
ENSG00000266664	17	19053592	19054599
ENSG00000049130	12	88886570	88974628
ENSG00000138381	2	190526111	190535557
ENSG00000262292	17	19064102	19065587
ENSG00000183604	16	30234230	30346695
ENSG00000112183	6	17281577	17294106
ENSG00000157343	6	35704809	35716856
ENSG00000115844	2	172964167	172967628
ENSG00000183067	21	41117334	41174023
ENSG00000145861	5	159774758	159797648
ENSG00000260891	16	68246304	68255574
ENSG00000241057	7	44001189	44012924
ENSG00000158985	5	130581186	130734140
ENSG00000263276	16	68258616	68261637
ENSG00000235677	10	98319942	98320679
ENSG00000235336	HSCHR6_MHC_APD	31842327	31858180
ENSG00000262160	16	68259872	68263048
ENSG00000239556	7	44024593	44029806
ENSG00000257185	14	27278623	27305664
ENSG00000227915	Y	25824651	25824982
ENSG00000261469	16	68270748	68271570
ENSG00000202047	10	98379133	98379240
ENSG00000214087	17	79648204	79650954
ENSG00000198832	22	31500758	31516055
ENSG00000227032	10	98380634	98381464
ENSG00000260441	16	68290065	68294346
ENSG00000138834	16	1756184	1820318
ENSG00000228434	7	44043645	44047465
ENSG00000266311	17	19067522	19077749
ENSG00000149923	16	30087299	30096698
ENSG00000204583	12	133179736	133187037
ENSG00000252026	16	68318126	68318221
ENSG00000258081	14	27305934	27629626
ENSG00000207287	10	98502924	98503030
ENSG00000238343	16	68347142	68347243
ENSG00000259797	16	68350704	68352939
ENSG00000236552	10	98510045	98510675
ENSG00000272655	7	44053161	44058769
ENSG00000197579	9	32540542	32552551
ENSG00000261987	17	19070209	19072981
ENSG00000002919	17	46180719	46200436
ENSG00000222177	16	68363290	68363432
ENSG00000144847	3	118619404	118864915
ENSG00000257612	14	27342339	27383949
ENSG00000199263	16	68508456	68508567
ENSG00000241334	16	68511140	68511473
ENSG00000263934	17	19091329	19092027
ENSG00000207976	10	98588426	98588521
ENSG00000228903	7	44066550	44081491
ENSG00000232875	10	98675390	98675659
ENSG00000159399	2	75061108	75120486
ENSG00000169763	Y	25827587	25840726
ENSG00000265165	14	27377848	27377931
ENSG00000222899	14	27396859	27396981
ENSG00000269120	13	41111138	41111323
ENSG00000132274	11	5710919	5758319
ENSG00000029534	8	41510739	41754280
ENSG00000145725	5	102455853	102548500
ENSG00000183036	21	41239243	41301322
ENSG00000258932	14	27727923	28314492
ENSG00000150907	13	41129804	41240734
ENSG00000229964	3	193809350	193826963
ENSG00000146072	6	47199268	47277641
ENSG00000008118	1	209757062	209787283
ENSG00000185404	2	231191899	231268447
ENSG00000129083	11	14464986	14521573
ENSG00000232874	3	193848405	193848990
ENSG00000165264	9	32552997	32573160
ENSG00000270617	7	43906157	43946188
ENSG00000239624	GL000233.1	28800	28881
ENSG00000242201	3	193863463	193863756
ENSG00000240688	GL000233.1	35214	35296
ENSG00000265117	GL000233.1	35452	35534
ENSG00000225742	3	193920805	193967942
ENSG00000272225	10	51253787	51262426
ENSG00000196586	6	76458909	76629254
ENSG00000258548	14	28081794	28108842
ENSG00000222100	10	51255380	51255495
ENSG00000236882	5	95187936	95195837
ENSG00000238097	3	193965437	193975561
ENSG00000062582	7	43906157	43909492
ENSG00000225784	10	51287081	51371070
ENSG00000235109	6	28292470	28324048
ENSG00000161905	17	4534197	4545589
ENSG00000167992	11	61025762	61062896
ENSG00000261857	19	41277553	41283395
ENSG00000257241	12	70340323	70340861
ENSG00000102738	13	41303432	41345309
ENSG00000257139	12	70574118	70595784
ENSG00000103047	16	68877507	69119083
ENSG00000080709	5	113696642	113832337
ENSG00000257613	12	70612912	70615642
ENSG00000267681	17	41296973	41297272
ENSG00000227277	HSCHR6_MHC_SSTO	32153001	32155440
ENSG00000222405	12	70837564	70837703
ENSG00000162989	2	155554811	155714863
ENSG00000267002	17	41316200	41322420
ENSG00000268721	12	70840240	70841365
ENSG00000168594	4	175750819	175899331
ENSG00000148680	10	92500578	92617671
ENSG00000131127	4	331603	378653
ENSG00000188522	17	18872102	18908117
ENSG00000012779	10	45869661	45941561
ENSG00000258168	12	70861860	70932859
ENSG00000242461	12	113491867	113492240
ENSG00000199899	12	113594570	113594666
ENSG00000243643	Y	9873804	9875984
ENSG00000225795	7	122316634	122316865
ENSG00000233796	12	113596556	113596917
ENSG00000079432	19	42772689	42799949
ENSG00000258976	14	75081396	75083350
ENSG00000241043	9	32566787	32568619
ENSG00000107021	9	131549483	131572711
ENSG00000201208	12	113616228	113616324
ENSG00000235459	7	122321344	122321757
ENSG00000225685	Y	9904163	9906760
ENSG00000261768	HG79_PATCH	136346630	136354672
ENSG00000211750	7	142364198	142364710
ENSG00000118985	5	95220802	95297775
ENSG00000138031	2	25042038	25142708
ENSG00000270672	7	142374104	142375550
ENSG00000257286	12	113623429	113629966
ENSG00000148734	10	72007085	72043432
ENSG00000258439	14	75124752	75125293
ENSG00000096080	6	43639040	43655528
ENSG00000122728	9	32629452	32635667
ENSG00000257935	12	113909808	113918429
ENSG00000211751	7	142378572	142379076
ENSG00000115993	2	202241930	202316302
ENSG00000227573	7	122489800	122490406
ENSG00000235193	Y	9925635	9927195
ENSG00000188133	9	32783497	32787397
ENSG00000251766	Y	9928019	9928137
ENSG00000222604	14	75178654	75178748
ENSG00000238487	12	114040596	114040658
ENSG00000177189	X	20168029	20285523
ENSG00000235691	Y	9928411	9928816
ENSG00000226680	7	122709303	122743643
ENSG00000085840	1	52838501	52870131
ENSG00000170788	10	82095861	82116511
ENSG00000249550	12	114117264	114211488
ENSG00000102743	13	41363548	41384247
ENSG00000167578	19	41284121	41302847
ENSG00000223595	7	122870174	122870795
ENSG00000143418	1	150933059	150947479
ENSG00000264657	14	28102411	28102484
ENSG00000223164	14	28459211	28459321
ENSG00000201469	12	133300531	133300643
ENSG00000182903	4	419604	492945
ENSG00000197358	14	28733596	28735180
ENSG00000239997	3	106567518	106568107
ENSG00000256108	12	133321742	133322315
ENSG00000241787	3	106613199	106614565
ENSG00000187288	3	9908398	9921938
ENSG00000252289	Y	9930484	9930602
ENSG00000232524	7	123096683	123099910
ENSG00000226975	Y	10007397	10007923
ENSG00000232888	12	133402287	133402772
ENSG00000171587	21	41382926	42219065
ENSG00000239632	3	106614576	106615255
ENSG00000242214	3	106615330	106615668
ENSG00000221886	5	159820155	159827104
ENSG00000106608	7	43915493	43966010
ENSG00000242836	3	106615738	106616518
ENSG00000259658	15	102277302	102285913
ENSG00000236620	Y	25862069	25872955
ENSG00000249580	3	106616518	106617115
ENSG00000252079	12	133411960	133412086
ENSG00000257869	14	28787347	28887818
ENSG00000224866	Y	25880340	25882396
ENSG00000240179	14	28959116	28959568
ENSG00000184719	10	90033621	90344287
ENSG00000243658	3	106617736	106619438
ENSG00000258175	14	29061429	29082829
ENSG00000240034	3	106619440	106619702
ENSG00000196878	1	209788215	209825811
ENSG00000236617	12	133464428	133465169
ENSG00000250630	3	106619701	106619928
ENSG00000255703	12	133476570	133476954
ENSG00000184140	15	102345902	102346876
ENSG00000239586	3	106619915	106620812
ENSG00000185133	22	31518717	31530682
ENSG00000232424	Y	25886405	25892840
ENSG00000240796	3	106621020	106621370
ENSG00000091513	3	133464800	133497850
ENSG00000100601	14	78138747	78174363
ENSG00000252626	3	106726415	106726517
ENSG00000182854	15	102358366	102359350
ENSG00000214128	7	138482695	138522846
ENSG00000228271	3	193994471	194005157
ENSG00000207637	7	158325410	158325505
ENSG00000239455	3	106823758	106825847
ENSG00000153234	2	157180944	157198860
ENSG00000225365	7	158330187	158332571
ENSG00000036530	14	100150641	100193638
ENSG00000177693	15	102462245	102463298
ENSG00000250790	12	133488056	133489173
ENSG00000172538	10	50339199	50342053
ENSG00000128881	15	43030932	43213007
ENSG00000214145	3	194014254	194030592
ENSG00000232715	7	158383321	158383812
ENSG00000178093	19	19623227	19626838
ENSG00000265598	7	158384308	158384388
ENSG00000270011	19	9434850	9493293
ENSG00000121864	3	179040779	179053323
ENSG00000224324	7	158415880	158416141
ENSG00000215567	15	20083769	20093074
ENSG00000267595	17	41320187	41320266
ENSG00000164609	5	159828648	159848718
ENSG00000228030	7	158512421	158512852
ENSG00000150625	4	176554085	176923815
ENSG00000267340	17	41321897	41322094
ENSG00000231411	Y	10009199	10010334
ENSG00000263309	HSCHR17_4_CTG4	39078948	39093886
ENSG00000123307	12	55413729	55423798
ENSG00000271483	3	194192652	194192814
ENSG00000231419	7	158799213	158822886
ENSG00000233058	3	194208183	194239008
ENSG00000234414	Y	23673258	23711212
ENSG00000226061	Y	10011462	10011816
ENSG00000257662	14	29062985	29063125
ENSG00000237447	Y	10027986	10029907
ENSG00000244675	3	194217046	194222232
ENSG00000236383	17	41368960	41383338
ENSG00000125863	20	10381657	10414870
ENSG00000252053	3	194254232	194254312
ENSG00000201241	15	20088867	20088969
ENSG00000257231	12	114227347	114227612
ENSG00000232873	3	194283707	194284730
ENSG00000239114	16	30290569	30290672
ENSG00000260219	16	30366762	30367848
ENSG00000103044	16	69139467	69152622
ENSG00000171135	3	9932238	9936033
ENSG00000120690	13	41506056	41635576
ENSG00000199787	16	30430946	30431080
ENSG00000267173	19	44833848	44905774
ENSG00000202476	16	30465318	30465418
ENSG00000251966	Y	10033981	10034093
ENSG00000011260	17	49337889	49375297
ENSG00000222701	16	30482908	30483024
ENSG00000225840	Y	10036113	10036711
ENSG00000231770	3	194304740	194310989
ENSG00000261346	16	30488501	30500674
ENSG00000251705	Y	10037764	10037915
ENSG00000260487	16	30491909	30492667
ENSG00000271365	Y	13262741	13262939
ENSG00000183597	22	20004537	20053449
ENSG00000154016	17	18923986	18950950
ENSG00000196975	2	69871557	70053596
ENSG00000257359	12	114370374	114375060
ENSG00000251706	16	30494456	30494516
ENSG00000271309	Y	13263065	13263272
ENSG00000261332	16	30510087	30510875
ENSG00000270570	Y	13263395	13263563
ENSG00000257603	12	114514938	114517707
ENSG00000266305	16	30515240	30515322
ENSG00000267508	19	44886459	44905774
ENSG00000084764	2	27193480	27250064
ENSG00000119705	14	78174414	78227447
ENSG00000119004	2	204103663	204163009
ENSG00000125449	17	73106047	73126360
ENSG00000163872	3	183415606	183530413
ENSG00000135625	2	73518058	73520833
ENSG00000018510	2	178257372	178408564
ENSG00000134748	1	52870236	52886511
ENSG00000167136	9	131580753	131584956
ENSG00000071553	X	153656978	153664862
ENSG00000258919	14	102095321	102098867
ENSG00000221465	10	98680459	98680548
ENSG00000184956	11	1012821	1036706
ENSG00000231025	10	98752207	98755716
ENSG00000258404	14	102100791	102197445
ENSG00000153071	5	39371780	39462402
ENSG00000173769	3	44283378	44373590
ENSG00000241494	14	102144280	102144717
ENSG00000263502	Y	13340359	13340440
ENSG00000259088	14	102262892	102276658
ENSG00000252855	Y	13340551	13340633
ENSG00000234855	10	98862513	98863504
ENSG00000257997	12	114518186	114551294
ENSG00000207208	14	102269564	102269668
ENSG00000207338	7	123098042	123098148
ENSG00000149346	20	10415951	10617477
ENSG00000256705	14	102299772	102305868
ENSG00000151687	2	190539016	190625919
ENSG00000186010	19	19626545	19644285
ENSG00000230442	7	123224913	123265011
ENSG00000258567	Y	13462594	13463857
ENSG00000201164	16	68569418	68569561
ENSG00000111737	12	120532899	120555306
ENSG00000260084	16	68607685	68623415
ENSG00000167383	19	44921685	44952766
ENSG00000259154	Y	13470597	13471863
ENSG00000252040	16	68664126	68664257
ENSG00000252640	16	68664754	68664871
ENSG00000231398	10	99034769	99037854
ENSG00000119042	2	200134223	200335989
ENSG00000237169	10	99068895	99069715
ENSG00000272686	7	123389122	123391220
ENSG00000201104	7	123430659	123430765
ENSG00000228211	7	123454193	123469306
ENSG00000123689	1	209848765	209849733
ENSG00000225850	10	99094321	99102770
ENSG00000120688	13	41635410	41658137
ENSG00000198917	9	131581930	131592100
ENSG00000149922	16	30097114	30103208
ENSG00000258282	14	29142447	29142933
ENSG00000225583	7	123572186	123572513
ENSG00000113492	5	34998206	35048198
ENSG00000170605	12	55523465	55524586
ENSG00000174227	4	492989	533985
ENSG00000129084	11	14515329	14665181
ENSG00000063245	19	56186592	56221224
ENSG00000257126	14	29198289	29234483
ENSG00000198087	6	47445525	47594999
ENSG00000241345	7	123634676	123667713
ENSG00000137074	9	32972604	33025166
ENSG00000114982	2	97258907	97308524
ENSG00000117594	1	209859510	209908295
ENSG00000076382	17	26904588	26926297
ENSG00000179919	12	55614809	55615759
ENSG00000101384	20	10618332	10654694
ENSG00000066117	12	50478755	50494495
ENSG00000268519	12	77949297	77950568
ENSG00000197706	12	55640982	55642086
ENSG00000242593	7	123672259	124035172
ENSG00000235560	16	30546073	30548465
ENSG00000257056	14	29252697	29254993
ENSG00000229334	3	194353652	194366130
ENSG00000175497	2	115199876	116603328
ENSG00000188324	12	55688072	55689016
ENSG00000260494	16	30548523	30549552
ENSG00000103024	16	1820287	1821731
ENSG00000204161	10	50362773	50396630
ENSG00000167384	19	44979854	45004576
ENSG00000125337	6	168396921	168445769
ENSG00000239791	16	30583571	30595181
ENSG00000206480	HSCHR6_MHC_QBL	30685021	30700042
ENSG00000213139	3	186256230	186264491
ENSG00000260167	16	30597228	30619914
ENSG00000271192	3	44038388	44038935
ENSG00000172058	5	70196492	70214357
ENSG00000257207	2	111160511	111230652
ENSG00000261588	16	30598983	30599241
ENSG00000172932	11	67056018	67069956
ENSG00000272121	3	44039573	44040641
ENSG00000252980	3	44112579	44112678
ENSG00000123965	7	74306894	74366314
ENSG00000168802	16	69151913	69166487
ENSG00000171570	19	41284147	41314103
ENSG00000259606	14	75310727	75322378
ENSG00000207954	3	44155704	44155802
ENSG00000211752	7	142423173	142423688
ENSG00000188629	19	9435021	9493293
ENSG00000258587	14	75340387	75340957
ENSG00000163701	3	9944296	9958086
ENSG00000257302	12	71065698	71066636
ENSG00000211753	7	142428484	142428984
ENSG00000149970	X	21392536	21672813
ENSG00000258646	14	75471422	75475184
ENSG00000007402	3	50400233	50541675
ENSG00000207387	12	71300697	71300798
ENSG00000156639	6	37787275	38122400
ENSG00000257265	12	71401553	71425863
ENSG00000260678	16	30626577	30627000
ENSG00000232869	7	142448053	142448741
ENSG00000229435	7	159024125	159026067
ENSG00000261680	16	30635606	30636035
ENSG00000257454	12	71427902	71498306
ENSG00000206924	14	75487464	75487570
ENSG00000234530	HSCHR6_MHC_COX	31502098	31514044
ENSG00000196748	6	35744371	35747329
ENSG00000260113	16	30638297	30638499
ENSG00000091409	2	173292082	173371181
ENSG00000256671	2	111222628	111230511
ENSG00000141456	17	4574679	4607632
ENSG00000232045	HSCHR6_MHC_APD	31858893	31876828
ENSG00000204983	7	142457319	142460923
ENSG00000252074	16	30686621	30686723
ENSG00000141441	18	29704840	30050447
ENSG00000100078	22	31530795	31536593
ENSG00000179152	3	44379611	44450943
ENSG00000229802	HSCHR6_MHC_DBB	33146132	33150126
ENSG00000159459	15	43235095	43398311
ENSG00000257761	12	71976073	71977632
ENSG00000261585	HG79_PATCH	136100292	136103978
ENSG00000122778	7	138516126	138666064
ENSG00000185792	19	56219798	56249768
ENSG00000183808	8	94741584	94753245
ENSG00000116127	2	73612886	73837920
ENSG00000188825	17	41447213	41466567
ENSG00000181023	11	5757681	5758768
ENSG00000262164	HSCHR17_4_CTG4	39114796	39123271
ENSG00000181074	11	5775923	5776959
ENSG00000258978	14	75583129	75583303
ENSG00000262279	HG306_PATCH	112831997	113149158
ENSG00000259138	14	75593856	75603633
ENSG00000272453	HG79_PATCH	136125799	136131098
ENSG00000133665	10	82104501	82127829
ENSG00000262937	HG79_PATCH	136178005	136178098
ENSG00000252013	14	75668784	75668872
ENSG00000181009	11	5798864	5799897
ENSG00000261016	HG79_PATCH	136193329	136194004
ENSG00000182240	21	42539728	42654445
ENSG00000258820	14	75726114	75738653
ENSG00000113838	3	186263862	186288332
ENSG00000262546	HG79_PATCH	136213263	136213359
ENSG00000269858	19	41304901	41314338
ENSG00000259879	HG79_PATCH	136214525	136215000
ENSG00000181001	11	5809084	5810046
ENSG00000119660	14	75758809	75761016
ENSG00000266834	HG79_PATCH	136224931	136225005
ENSG00000138942	22	31556168	31603005
ENSG00000236787	10	51339438	51339770
ENSG00000265941	HG79_PATCH	136225630	136225703
ENSG00000180988	11	5841544	5842578
ENSG00000243701	3	106959539	107045811
ENSG00000259687	14	75761107	75763341
ENSG00000266284	HG79_PATCH	136225991	136226063
ENSG00000174749	4	113066553	113116412
ENSG00000090238	16	30103635	30108236
ENSG00000265651	HG79_PATCH	136226382	136226447
ENSG00000223182	10	51383526	51383726
ENSG00000260299	HG79_PATCH	136344395	136346293
ENSG00000259029	Y	13477233	13478499
ENSG00000228326	10	51532102	51532572
ENSG00000125899	20	11008408	11010014
ENSG00000211764	7	142494049	142494098
ENSG00000257300	12	114535487	114536028
ENSG00000212998	8	94752349	94753001
ENSG00000250067	19	19627036	19648390
ENSG00000107949	10	127512115	127542264
ENSG00000230553	10	51535126	51535474
ENSG00000258991	Y	13488005	13489271
ENSG00000259319	14	75890386	75894444
ENSG00000153303	6	168456425	168482237
ENSG00000074071	16	1821891	1823156
ENSG00000223638	19	56270380	56274541
ENSG00000216588	19	45116940	45140081
ENSG00000257915	12	114542347	114543736
ENSG00000223111	10	51611024	51611224
ENSG00000204140	6	35748794	35761452
ENSG00000170606	5	132387654	132442141
ENSG00000211765	7	142494244	142494294
ENSG00000261786	3	44158791	44163857
ENSG00000270455	Y	13491303	13493369
ENSG00000211766	7	142494381	142494426
ENSG00000229292	19	56280507	56284545
ENSG00000224721	14	76041231	76045931
ENSG00000212461	12	72033135	72033263
ENSG00000271937	3	44379433	44380044
ENSG00000211767	7	142494531	142494579
ENSG00000239828	3	106991458	107101007
ENSG00000225873	3	44462619	44465499
ENSG00000176273	10	95653730	95715819
ENSG00000124214	20	47729878	47804904
ENSG00000242951	14	76062148	76062549
ENSG00000141434	18	29765032	29800367
ENSG00000164603	7	112459202	112579971
ENSG00000138660	4	113152893	113191203
ENSG00000264774	3	44556708	44556793
ENSG00000211768	7	142494682	142494731
ENSG00000185359	17	79650356	79670168
ENSG00000171097	9	131595221	131644773
ENSG00000009790	1	209929377	209955668
ENSG00000214825	3	44566236	44567297
ENSG00000201096	14	76070516	76070621
ENSG00000259103	14	76280845	76314041
ENSG00000113658	5	135468534	135524435
ENSG00000257476	12	114676775	114679575
ENSG00000152503	5	114460459	114516243
ENSG00000205409	11	5862158	5863182
ENSG00000211769	7	142494803	142494850
ENSG00000211770	7	142494923	142494975
ENSG00000252882	17	41473361	41473459
ENSG00000204022	10	90346510	90366733
ENSG00000242488	14	76304500	76305457
ENSG00000183269	11	5877904	5878964
ENSG00000150782	11	112013974	112034840
ENSG00000236869	3	44598849	44727145
ENSG00000158497	5	143191726	143200284
ENSG00000214820	3	44621430	44622518
ENSG00000259161	14	102309731	102310459
ENSG00000132640	20	11871371	11907257
ENSG00000180974	11	5905501	5906527
ENSG00000211771	7	142495140	142495186
ENSG00000271780	14	102414684	102415762
ENSG00000233509	3	44658620	44666289
ENSG00000067066	2	231280657	231408805
ENSG00000272077	3	44708904	44710856
ENSG00000165572	13	41701705	41706882
ENSG00000211772	7	142498725	142500432
ENSG00000184478	11	5968570	5969591
ENSG00000272444	14	102418753	102419400
ENSG00000235805	3	44750803	44752378
ENSG00000259013	14	102435701	102435938
ENSG00000258876	14	76437267	76437930
ENSG00000238958	3	44834507	44834597
ENSG00000171757	3	169511216	169530774
ENSG00000207783	3	44903380	44903473
ENSG00000237254	7	142510271	142511084
ENSG00000258959	14	102502652	102532565
ENSG00000143412	1	150954493	150968110
ENSG00000235845	3	44940670	44942417
ENSG00000120696	13	41763969	41768702
ENSG00000255399	12	114845996	114850636
ENSG00000258578	14	76480022	76480486
ENSG00000227123	3	44979165	44979974
ENSG00000183054	2	111271389	111334762
ENSG00000175426	5	95726119	95769847
ENSG00000252410	3	45075966	45076080
ENSG00000240457	14	102543520	102543810
ENSG00000265677	14	102807306	102807406
ENSG00000224094	3	45201266	45201667
ENSG00000239061	14	102825136	102825239
ENSG00000134744	1	52873954	53019159
ENSG00000212330	14	102968013	102968116
ENSG00000178550	3	45266617	45267519
ENSG00000164604	7	112718386	112727833
ENSG00000145817	5	143537723	143550278
ENSG00000266015	14	103005981	103006063
ENSG00000259230	14	103011591	103022163
ENSG00000202268	3	45296902	45297112
ENSG00000197705	18	30252634	30353025
ENSG00000232455	3	45525466	45551037
ENSG00000197774	16	1823208	1831709
ENSG00000237405	HSCHR6_MHC_SSTO	32155615	32158971
ENSG00000239224	14	103049227	103049514
ENSG00000230988	14	103128577	103129045
ENSG00000251927	3	45633747	45633819
ENSG00000202459	14	103161725	103161832
ENSG00000230530	3	45720535	45730626
ENSG00000161405	17	37921198	38020441
ENSG00000259508	14	103236377	103241128
ENSG00000089094	12	121866900	122018920
ENSG00000238853	14	103255828	103255928
ENSG00000073008	19	45147098	45166850
ENSG00000261840	16	30709030	30710379
ENSG00000179873	19	56296770	56348166
ENSG00000206969	14	103332193	103332300
ENSG00000211990	14	103345958	103346075
ENSG00000263203	16	69152757	69154331
ENSG00000254405	HSCHR6_MHC_COX	31695130	31720011
ENSG00000259515	14	103399911	103403514
ENSG00000272707	3	194358234	194358393
ENSG00000222287	16	30712658	30712756
ENSG00000213176	14	103507806	103508431
ENSG00000266447	3	194370319	194370419
ENSG00000206755	16	30721858	30721986
ENSG00000259444	14	103561060	103565222
ENSG00000221718	3	194387894	194387945
ENSG00000260899	16	30751988	30762702
ENSG00000132478	17	73780681	73821886
ENSG00000233987	3	194426277	194427693
ENSG00000259717	14	103587184	103589344
ENSG00000120662	13	41790505	41837742
ENSG00000259374	14	103606012	103608296
ENSG00000262026	16	30789770	30791473
ENSG00000150783	11	112038095	112043282
ENSG00000125458	17	73126320	73127890
ENSG00000238130	HSCHR6_MHC_COX	31527243	31529513
ENSG00000259535	14	103614934	103615745
ENSG00000172830	11	67070919	67080078
ENSG00000164889	7	150754297	150773614
ENSG00000164953	8	94767072	94831462
ENSG00000259525	14	103650541	103651376
ENSG00000240095	3	145679542	145681410
ENSG00000137270	6	52991762	53013627
ENSG00000228835	18	30349758	30354376
ENSG00000067798	12	78224685	78606790
ENSG00000174652	19	9523272	9546254
ENSG00000264026	17	70339081	70351277
ENSG00000261051	3	145777372	145779466
ENSG00000251533	14	103653558	103655365
ENSG00000262845	HSCHR17_4_CTG4	39134095	39143514
ENSG00000263680	17	70422080	70424993
ENSG00000165406	10	45950035	46090354
ENSG00000243415	3	145781829	145822991
ENSG00000243514	17	70623370	70623763
ENSG00000239117	14	103669523	103669601
ENSG00000263893	17	70638870	70640629
ENSG00000270705	14	103674085	103674126
ENSG00000242837	14	103707829	103708309
ENSG00000200783	17	70659962	70660291
ENSG00000272790	11	112041253	112071394
ENSG00000006125	17	33905065	34053436
ENSG00000240032	3	145784131	145786972
ENSG00000270938	14	103745560	103746292
ENSG00000222545	17	70710522	70710610
ENSG00000106123	7	142552792	142568847
ENSG00000252274	17	70814975	70815111
ENSG00000243596	3	146060783	146066267
ENSG00000264196	17	70835178	70835857
ENSG00000240624	14	103749270	103749805
ENSG00000163424	3	118864997	118878889
ENSG00000266501	17	71064009	71064427
ENSG00000241358	3	146109150	146134390
ENSG00000265469	17	71159174	71159498
ENSG00000264860	17	71161116	71192732
ENSG00000257748	14	29269290	29299410
ENSG00000260248	17	71171622	71172772
ENSG00000237900	HSCHR6_MHC_COX	31854934	31857319
ENSG00000263101	HSCHR17_4_CTG4	39149809	39150512
ENSG00000205330	12	55714346	55715408
ENSG00000189227	15	67813406	67819628
ENSG00000182541	22	31608225	31676066
ENSG00000263296	HSCHR17_4_CTG4	39155572	39156273
ENSG00000199812	3	146289264	146289370
ENSG00000241457	3	146307389	146308112
ENSG00000258038	14	29299450	29437606
ENSG00000262068	HSCHR17_4_CTG4	39164900	39175703
ENSG00000125878	20	584441	591042
ENSG00000257320	HSCHR6_MHC_COX	31866341	31866586
ENSG00000243620	3	146627472	147088443
ENSG00000244357	3	45784167	45784460
ENSG00000141076	16	69165194	69265033
ENSG00000162032	16	1826713	1843701
ENSG00000236930	3	45925132	45925605
ENSG00000242671	3	146639710	146643005
ENSG00000261862	HSCHR17_4_CTG4	39182405	39183581
ENSG00000135541	6	135604670	135818914
ENSG00000201635	3	45944679	45944790
ENSG00000226933	3	46064788	46065648
ENSG00000263242	HSCHR17_4_CTG4	39186076	39186483
ENSG00000185453	19	48673949	48700877
ENSG00000229515	3	46183850	46185169
ENSG00000237222	3	194429150	194502897
ENSG00000198788	11	1074875	1104419
ENSG00000262347	HSCHR17_4_CTG4	39190263	39191234
ENSG00000256563	12	133548924	133549476
ENSG00000185915	X	21673609	21676448
ENSG00000252269	12	133571776	133571888
ENSG00000262808	HSCHR17_4_CTG4	39196936	39197838
ENSG00000183844	21	42676139	42729358
ENSG00000252681	Y	25887089	25887252
ENSG00000271303	20	627259	634014
ENSG00000012660	6	53132196	53213947
ENSG00000246394	12	133606975	133613808
ENSG00000234805	3	194476318	194478151
ENSG00000205329	12	55725485	55726420
ENSG00000181322	3	137980279	138048728
ENSG00000261852	HSCHR17_4_CTG4	39202918	39203693
ENSG00000225312	HSCHR6_MHC_DBB	33150329	33152518
ENSG00000183313	11	6007122	6008215
ENSG00000230401	3	194485967	194489441
ENSG00000150627	4	176986985	177103978
ENSG00000102886	16	30116131	30125177
ENSG00000232910	Y	25897335	25897907
ENSG00000187857	12	55758895	55759833
ENSG00000204376	X	52528159	52533303
ENSG00000091482	X	21724090	21776281
ENSG00000238031	3	194548619	194553321
ENSG00000262731	HSCHR17_4_CTG4	39210879	39211741
ENSG00000183389	11	6023216	6024424
ENSG00000270299	20	627270	656444
ENSG00000233303	3	194815317	194816786
ENSG00000262862	HSCHR17_4_CTG4	39215722	39216596
ENSG00000205328	12	55794214	55795289
ENSG00000265333	3	194855235	194855309
ENSG00000180934	11	6047901	6048971
ENSG00000244314	3	194867459	194867732
ENSG00000183826	6	38136227	38607924
ENSG00000215397	20	642240	656823
ENSG00000185821	12	55820038	55820976
ENSG00000230266	3	194868600	194873519
ENSG00000145365	4	113195698	113207059
ENSG00000141699	17	40731531	40762641
ENSG00000178150	19	48675575	48790865
ENSG00000180919	11	6128914	6130065
ENSG00000125571	2	113670548	113676459
ENSG00000231508	10	99152954	99153304
ENSG00000179695	12	55845998	55846936
ENSG00000206600	3	194935516	194935622
ENSG00000180913	11	6149840	6150706
ENSG00000257515	12	72102951	72104154
ENSG00000231970	10	99160872	99179281
ENSG00000251763	17	41489795	41489898
ENSG00000184954	12	55862984	55863922
ENSG00000180909	11	6173006	6173818
ENSG00000197580	11	112046190	112095422
ENSG00000267151	17	41522075	41528568
ENSG00000200737	10	99180952	99181064
ENSG00000264677	10	99242426	99242530
ENSG00000255307	11	6190560	6191638
ENSG00000239754	HSCHR6_MHC_COX	31900979	31907413
ENSG00000258065	14	29326590	29327907
ENSG00000227356	10	99588235	99609555
ENSG00000101276	20	740724	749131
ENSG00000265398	10	99635569	99635654
ENSG00000164488	6	168693510	168720434
ENSG00000175485	11	6220376	6221489
ENSG00000230928	10	100011780	100016332
ENSG00000136802	9	131644391	131680318
ENSG00000205327	12	55886147	55887100
ENSG00000221419	10	100154975	100155064
ENSG00000264610	10	100191049	100191117
ENSG00000180878	11	6226796	6232362
ENSG00000012174	X	21857754	21903542
ENSG00000236818	10	100772860	100773709
ENSG00000179626	12	55944983	55946028
ENSG00000162757	1	209955661	209957904
ENSG00000078967	7	43966037	43995735
ENSG00000158987	5	130759614	130970929
ENSG00000234109	10	100807396	100808076
ENSG00000119777	2	27255778	27264563
ENSG00000166960	18	30517366	31021065
ENSG00000228157	17	18996287	19000150
ENSG00000086061	9	33025209	33039905
ENSG00000089154	12	120565007	120632513
ENSG00000148840	10	103892787	103910082
ENSG00000262377	HG306_PATCH	113185251	113254266
ENSG00000148688	10	92631473	92668312
ENSG00000234000	HSCHR6_MHC_DBB	30634431	30645937
ENSG00000117595	1	209959036	209979465
ENSG00000127838	2	219135115	219211516
ENSG00000137764	15	67835047	68099461
ENSG00000207164	14	29370442	29370553
ENSG00000066629	14	100204030	100408397
ENSG00000258028	14	29406095	29497969
ENSG00000125898	20	814358	838106
ENSG00000179615	12	55968199	55969128
ENSG00000130640	10	135093135	135125841
ENSG00000112186	6	17393447	17558023
ENSG00000263091	HSCHR17_4_CTG4	39221598	39222361
ENSG00000257523	14	29445042	29448130
ENSG00000270242	Y	13551375	13552752
ENSG00000175482	11	67118248	67124443
ENSG00000266286	HSCHR17_4_CTG4	39240638	39241794
ENSG00000051009	11	6232565	6255941
ENSG00000175398	12	56030644	56031638
ENSG00000271375	Y	13629403	13629913
ENSG00000234385	Y	13901758	13903233
ENSG00000261968	HSCHR17_4_CTG4	39254169	39254756
ENSG00000222982	12	114942681	114942992
ENSG00000252065	14	29451509	29451616
ENSG00000265161	Y	13947443	13947512
ENSG00000255830	12	114986659	114987657
ENSG00000257522	14	29734031	29850501
ENSG00000215583	Y	14043242	14044475
ENSG00000259775	14	103798011	103798704
ENSG00000112562	6	168841831	169073984
ENSG00000272533	14	103804186	103804311
ENSG00000198028	19	9577183	9609283
ENSG00000259428	14	103830576	103831157
ENSG00000243904	14	103840370	103841253
ENSG00000230797	X	21874105	21876845
ENSG00000244691	14	103878456	103879098
ENSG00000170439	12	56075330	56078395
ENSG00000258454	14	76702160	76729817
ENSG00000224934	10	101190948	101197874
ENSG00000101280	20	853296	896977
ENSG00000258402	14	76747286	76776409
ENSG00000106290	7	99704693	99717464
ENSG00000212061	14	76814398	76814481
ENSG00000175445	8	19759228	19824769
ENSG00000263880	14	76821072	76821352
ENSG00000265010	17	71239232	71240845
ENSG00000259124	14	76961706	77193055
ENSG00000264985	17	71509824	71514909
ENSG00000182333	10	90424198	90438571
ENSG00000271423	14	77100057	77100371
ENSG00000257582	10	101286107	101290934
ENSG00000265780	17	71515985	71517546
ENSG00000242952	14	77101118	77102004
ENSG00000264750	17	71637165	71639245
ENSG00000150628	4	177105789	177116822
ENSG00000258566	14	77156482	77157085
ENSG00000265935	17	71658707	71659987
ENSG00000258569	14	77177001	77227731
ENSG00000228778	10	101286838	101288018
ENSG00000189152	17	19030782	19062489
ENSG00000263574	17	71733993	71752696
ENSG00000259081	14	77240627	77247861
ENSG00000238588	10	101361537	101361637
ENSG00000260082	16	30832389	30833431
ENSG00000260475	10	101380812	101381675
ENSG00000138193	10	95753746	96092580
ENSG00000175287	9	131683174	131704320
ENSG00000258610	14	77245295	77248592
ENSG00000143409	1	150969025	150980851
ENSG00000229278	10	101411746	101413662
ENSG00000076067	12	56915713	56984745
ENSG00000177338	17	71746469	71824659
ENSG00000258301	14	77248083	77253067
ENSG00000264940	17	19092978	19093558
ENSG00000233690	10	101457164	101457706
ENSG00000260083	16	30886543	30906541
ENSG00000175505	11	67131639	67141648
ENSG00000241081	14	77352720	77353093
ENSG00000117597	1	210001352	210030910
ENSG00000223174	14	77356606	77356956
ENSG00000081087	6	108362613	108487058
ENSG00000236022	17	19107138	19117358
ENSG00000259058	14	77388183	77390992
ENSG00000258674	19	19627036	19646885
ENSG00000162959	2	32090129	32236299
ENSG00000073331	4	113206665	113363776
ENSG00000130818	19	9638667	9649303
ENSG00000258602	14	77425981	77432145
ENSG00000265991	16	30886587	30886644
ENSG00000262721	16	30887087	30906537
ENSG00000102172	X	21958691	22025798
ENSG00000234721	17	71782941	71796932
ENSG00000211591	16	30905224	30905306
ENSG00000266728	17	25950390	25967803
ENSG00000100100	22	31677579	31688520
ENSG00000230447	16	30915669	30921529
ENSG00000164122	4	177134824	177198722
ENSG00000172766	13	41885341	41951166
ENSG00000265927	17	71827711	71832158
ENSG00000260852	16	30930640	30934590
ENSG00000172731	10	72058729	72142382
ENSG00000183486	21	42733870	42781317
ENSG00000266765	17	71890888	71908017
ENSG00000156113	10	78629359	79398353
ENSG00000101282	20	939095	982907
ENSG00000167986	11	61066923	61110068
ENSG00000262852	HG388_HG400_PATCH	111782965	111784816
ENSG00000261487	16	30959707	30967832
ENSG00000228520	HSCHR6_MHC_DBB	33154182	33158409
ENSG00000266357	17	72039591	72150351
ENSG00000260911	16	31054471	31061201
ENSG00000262978	HG388_HG400_PATCH	111783459	111797594
ENSG00000261124	16	31076816	31080567
ENSG00000224051	1	1260136	1264277
ENSG00000136754	10	27035522	27150016
ENSG00000252809	16	31120551	31120634
ENSG00000262766	16	31129399	31130068
ENSG00000258463	15	20104587	20104812
ENSG00000258289	14	65381079	65411309
ENSG00000160161	19	19649057	19657468
ENSG00000258706	15	20172667	20173605
ENSG00000262032	HSCHR5_2_CTG1	12574969	12824618
ENSG00000261385	16	31142754	31143198
ENSG00000262600	HG388_HG400_PATCH	111788755	111797595
ENSG00000259337	15	20178035	20178471
ENSG00000263343	16	31176969	31177248
ENSG00000262366	16	31185894	31186143
ENSG00000100890	14	35591052	35743271
ENSG00000259769	15	20251549	20253247
ENSG00000197961	19	9671029	9695209
ENSG00000229341	HSCHR6_MHC_APD	32052787	32065237
ENSG00000115226	2	27714750	27718112
ENSG00000260304	16	31193832	31194606
ENSG00000258397	15	20278952	20279587
ENSG00000196465	12	56546040	56553431
ENSG00000265632	12	114988567	114988654
ENSG00000239471	15	20300988	20301282
ENSG00000260060	16	31207452	31208284
ENSG00000258244	12	115025999	115026607
ENSG00000258410	15	20333998	20353206
ENSG00000261925	16	31237281	31238481
ENSG00000235649	Y	14077914	14108092
ENSG00000172062	5	70220768	70249769
ENSG00000122692	9	33041762	33076665
ENSG00000258780	15	20359029	20366079
ENSG00000258254	12	115059566	115060727
ENSG00000095906	16	1832902	1839192
ENSG00000125695	17	61780205	61829457
ENSG00000236477	Y	14365457	14366162
ENSG00000258628	15	20433873	20482756
ENSG00000105483	19	48684027	48759203
ENSG00000199220	12	115095754	115095867
ENSG00000237335	HSCHR6_MHC_COX	33178689	33187788
ENSG00000206478	HSCHR6_MHC_QBL	30700508	30701863
ENSG00000257817	12	115151616	115205762
ENSG00000089876	10	127524906	127585005
ENSG00000232226	Y	14373025	14378737
ENSG00000252459	12	115175509	115175603
ENSG00000204375	X	52541053	52546197
ENSG00000257517	12	115206479	115209656
ENSG00000259156	15	20487997	20496839
ENSG00000238056	HSCHR6_MHC_APD	32127476	32133491
ENSG00000243980	Y	14394177	14394465
ENSG00000150787	11	112097088	112140678
ENSG00000257958	12	115515130	115517958
ENSG00000125818	20	1093906	1160596
ENSG00000186567	19	45165545	45187631
ENSG00000183775	5	143550396	143865249
ENSG00000232730	Y	14442350	14443562
ENSG00000262277	HG388_HG400_PATCH	111797867	111893307
ENSG00000257519	12	115700975	115708401
ENSG00000164611	5	159848829	159855748
ENSG00000172613	11	67159176	67165881
ENSG00000105717	19	19672522	19729725
ENSG00000224060	Y	14460540	14468226
ENSG00000251800	3	146671746	146671865
ENSG00000207156	3	146714394	146714500
ENSG00000138443	2	204192942	204312446
ENSG00000239412	3	146994555	146995039
ENSG00000241218	3	107046677	107048044
ENSG00000108588	17	61822610	61853711
ENSG00000271579	12	115737393	115738513
ENSG00000241202	3	147104754	147105240
ENSG00000258654	15	20549989	20564419
ENSG00000129128	4	177241115	177253396
ENSG00000225117	Y	14474827	14499123
ENSG00000240804	3	147308783	147309622
ENSG00000239661	3	147561910	147564444
ENSG00000116157	1	53068044	53074723
ENSG00000239083	15	20557339	20557434
ENSG00000258108	12	116007469	116019544
ENSG00000257410	12	72187635	72193407
ENSG00000265002	15	20563361	20563434
ENSG00000221431	3	147629193	147629288
ENSG00000082146	2	202252581	202345569
ENSG00000258280	12	116014481	116015420
ENSG00000257991	12	72228814	72229176
ENSG00000239922	3	147657791	147724542
ENSG00000143469	1	210111538	210337636
ENSG00000166947	15	43398423	43513481
ENSG00000257802	12	72243008	72244208
ENSG00000206159	Y	14475147	14532255
ENSG00000260285	14	103991347	103995409
ENSG00000186340	6	169615875	169654139
ENSG00000197283	6	33387847	33421466
ENSG00000252469	14	104016682	104016743
ENSG00000258851	14	104019758	104028214
ENSG00000243574	7	123914733	123927598
ENSG00000201184	14	104033742	104033882
ENSG00000113384	5	32124810	32174456
ENSG00000264904	14	104042305	104042396
ENSG00000241324	7	123977434	123989914
ENSG00000246451	14	104148699	104150352
ENSG00000107968	10	30722866	30750762
ENSG00000100105	22	31721790	31742218
ENSG00000262942	HSCHR19_3_CTG3	22362752	22379435
ENSG00000257407	12	116019866	116077539
ENSG00000230268	7	124116425	124117009
ENSG00000177354	10	50507187	50535537
ENSG00000257365	14	65381203	65529368
ENSG00000262774	HSCHR19_3_CTG3	22311550	22313125
ENSG00000266553	14	77433863	77434108
ENSG00000241656	12	116030409	116030788
ENSG00000262856	HSCHR19_3_CTG3	22320733	22321783
ENSG00000243225	14	77435026	77435488
ENSG00000182183	1	53099016	53135355
ENSG00000240205	12	116155530	116155816
ENSG00000141431	18	31158579	31331156
ENSG00000257781	12	116193067	116237741
ENSG00000174796	4	76439156	76475683
ENSG00000175066	3	141882414	141944449
ENSG00000228425	HSCHR6_MHC_DBB	33195972	33217749
ENSG00000229325	3	195001452	195003470
ENSG00000180834	3	183533664	183543382
ENSG00000150630	4	177604689	177713881
ENSG00000155660	7	148700154	148725733
ENSG00000227433	3	195070393	195070759
ENSG00000188771	11	112118876	112131583
ENSG00000136688	2	113730780	113743242
ENSG00000207368	3	195140165	195140275
ENSG00000262520	HSCHR17_4_CTG4	39258173	39258880
ENSG00000121104	17	47787694	47866542
ENSG00000262121	HSCHR17_4_CTG4	39262003	39263159
ENSG00000255807	12	133610089	133610542
ENSG00000144867	3	133502877	133544616
ENSG00000180229	15	20587869	20711433
ENSG00000232845	Y	25908985	25911730
ENSG00000263229	HSCHR17_4_CTG4	39273915	39275094
ENSG00000268472	11	112130988	112132117
ENSG00000258115	12	72439929	72451157
ENSG00000064547	19	19734477	19739739
ENSG00000263236	HSCHR17_4_CTG4	39279811	39280887
ENSG00000200066	12	133664099	133664201
ENSG00000136206	7	44040488	44049721
ENSG00000132259	11	6255995	6265659
ENSG00000271963	12	133692278	133698926
ENSG00000236333	12	72647288	72668687
ENSG00000264450	HSCHR17_4_CTG4	39007052	39019534
ENSG00000237302	Y	25917379	25944297
ENSG00000162377	1	53152508	53164038
ENSG00000252586	Y	14482123	14482230
ENSG00000227447	Y	14551845	14619171
ENSG00000169962	1	1266694	1270686
ENSG00000240991	12	133702065	133702538
ENSG00000137413	6	42018251	42055199
ENSG00000257683	12	116248164	116323942
ENSG00000200112	12	116290453	116290523
ENSG00000255919	12	133793796	133794261
ENSG00000102882	16	30125426	30134827
ENSG00000231540	Y	25954968	25955206
ENSG00000226863	Y	14649708	14656818
ENSG00000239190	12	133814921	133815024
ENSG00000172671	10	46111043	46168228
ENSG00000238443	12	133815041	133815135
ENSG00000223362	Y	26001669	26003238
ENSG00000258034	12	116398992	116400538
ENSG00000171132	2	45878484	46415129
ENSG00000200665	12	116520375	116520481
ENSG00000214194	7	112756773	112758668
ENSG00000233774	Y	14730915	14746333
ENSG00000139318	12	89741009	89747048
ENSG00000231026	Y	26063388	26063870
ENSG00000250317	4	25863452	25931435
ENSG00000207967	12	116586365	116586459
ENSG00000224571	Y	26066052	26067657
ENSG00000272597	3	107048277	107048809
ENSG00000125895	20	1161205	1166059
ENSG00000220989	3	107084029	107084134
ENSG00000251184	9	131703757	131719300
ENSG00000154975	17	49707674	50237377
ENSG00000273125	3	107149777	107182759
ENSG00000226369	Y	26081100	26086248
ENSG00000148730	10	72164135	72188374
ENSG00000174792	4	76481258	76491095
ENSG00000112333	6	108487262	108510013
ENSG00000203879	X	153665266	153671814
ENSG00000175283	9	131707809	131709898
ENSG00000246548	14	77507407	77535846
ENSG00000227871	Y	26092074	26098440
ENSG00000086062	9	33104080	33167354
ENSG00000171109	3	179065480	179112719
ENSG00000168807	16	69221032	69342955
ENSG00000213892	19	45202421	45213986
ENSG00000251917	Y	26092765	26092918
ENSG00000213888	22	31742875	31744670
ENSG00000215595	20	1184098	1188918
ENSG00000171595	17	72270386	72311023
ENSG00000231423	Y	26102716	26106365
ENSG00000157601	21	42792231	42831141
ENSG00000162378	1	53192126	53293014
ENSG00000241469	3	107559075	107600847
ENSG00000251012	3	118866222	118906654
ENSG00000182117	15	34633917	34635378
ENSG00000156574	10	72192071	72207707
ENSG00000107404	1	1270656	1284730
ENSG00000153233	12	71031853	71314623
ENSG00000167524	17	26934982	26941218
ENSG00000197604	10	72194585	72196314
ENSG00000099769	16	1840414	1844972
ENSG00000138769	4	76503215	76555900
ENSG00000185721	22	31795509	31924726
ENSG00000246731	17	72206119	72209481
ENSG00000236649	HSCHR6_MHC_APD	32132559	32151099
ENSG00000244588	20	1206700	1277065
ENSG00000107719	10	72238577	72328205
ENSG00000114638	3	118892364	118924000
ENSG00000264272	17	72253035	72258159
ENSG00000172296	20	12989627	13147411
ENSG00000189159	17	73131343	73164376
ENSG00000122145	X	79270255	79287268
ENSG00000110148	11	6280966	6293357
ENSG00000102174	X	22050559	22269427
ENSG00000036565	8	20002366	20040717
ENSG00000204392	6	31765173	31774761
ENSG00000214982	10	51623417	51732824
ENSG00000184507	15	34635516	34649938
ENSG00000241131	3	147795946	147805816
ENSG00000082497	1	210406144	210419976
ENSG00000095319	9	131709978	131769375
ENSG00000128191	22	20067755	20099400
ENSG00000221457	3	147798620	147798709
ENSG00000241792	3	147810962	147845020
ENSG00000263206	17	19111897	19114672
ENSG00000229464	10	51654977	51655307
ENSG00000150722	2	182818968	182996125
ENSG00000227351	10	101548321	101549167
ENSG00000244650	3	147878698	147944393
ENSG00000149294	11	112831997	113149158
ENSG00000178440	10	51732523	51741813
ENSG00000205412	3	147884131	147885085
ENSG00000235397	17	19199909	19209574
ENSG00000222108	10	51739425	51739540
ENSG00000265263	17	19237621	19239440
ENSG00000243347	3	147913516	147997885
ENSG00000235618	10	51780942	51827563
ENSG00000227695	10	101686767	101718138
ENSG00000221540	17	19247819	19247887
ENSG00000242440	3	147998678	148117743
ENSG00000184465	6	169857307	170102159
ENSG00000265126	17	19315099	19316431
ENSG00000100603	14	78183942	78227550
ENSG00000258488	15	20721492	20725870
ENSG00000227078	17	19322348	19327670
ENSG00000135424	12	56078352	56109827
ENSG00000241993	3	148413781	148413991
ENSG00000141293	17	46210802	46507637
ENSG00000265335	17	19323592	19323655
ENSG00000235314	7	44078770	44081905
ENSG00000244089	3	148542569	148543174
ENSG00000226631	10	51784895	51787123
ENSG00000258797	15	20750883	20754751
ENSG00000235979	17	19342456	19364308
ENSG00000239775	7	44104507	44105678
ENSG00000240521	3	148568720	148677899
ENSG00000233011	10	51910363	51912047
ENSG00000089639	19	19740285	19754476
ENSG00000225137	10	52024738	52026575
ENSG00000257287	12	72825502	72825855
ENSG00000241627	3	148703655	148705455
ENSG00000137842	15	43415477	43477344
ENSG00000264652	7	44150448	44150511
ENSG00000257723	12	73004458	73005096
ENSG00000180644	10	72357104	72362531
ENSG00000252848	7	44165351	44165472
ENSG00000189343	17	19349246	19350169
ENSG00000225303	10	52232574	52234006
ENSG00000181984	15	20767700	20781019
ENSG00000239718	3	148804119	148820610
ENSG00000270108	14	104153913	104154464
ENSG00000122711	9	33218363	33248565
ENSG00000146677	7	44507441	44507939
ENSG00000251950	10	52345310	52345463
ENSG00000201031	3	148812140	148812249
ENSG00000269910	14	104160853	104161387
ENSG00000238523	10	52350412	52350472
ENSG00000240511	3	148817286	148817602
ENSG00000118322	5	159990127	160279221
ENSG00000269940	14	104160897	104161507
ENSG00000163702	3	9958758	9975314
ENSG00000200456	7	44543372	44543478
ENSG00000269958	14	104162690	104163500
ENSG00000225443	7	44550624	44550931
ENSG00000236294	7	113091127	113091457
ENSG00000261999	HG306_PATCH	112830002	112834182
ENSG00000271586	7	44640631	44641086
ENSG00000269963	14	104179904	104180586
ENSG00000236843	HSCHR6_MHC_DBB	30646089	30649462
ENSG00000164190	5	36876861	37066515
ENSG00000101298	20	1246960	1289972
ENSG00000253096	14	104192065	104192162
ENSG00000263285	HG306_PATCH	112848075	112848142
ENSG00000270591	14	104229140	104229614
ENSG00000165862	10	118380465	118404654
ENSG00000262033	HG306_PATCH	113140254	113144623
ENSG00000202275	14	104263609	104263685
ENSG00000176454	15	34651106	34659479
ENSG00000063854	16	1845621	1877195
ENSG00000258735	14	104314058	104324386
ENSG00000151176	12	113796371	113827203
ENSG00000262659	HG306_PATCH	113149159	113185159
ENSG00000258534	14	104320703	104346448
ENSG00000258914	14	104341392	104343815
ENSG00000122378	10	82167585	82192753
ENSG00000264439	14	104447135	104447220
ENSG00000102760	13	42031695	42045018
ENSG00000242894	14	104479979	104480268
ENSG00000069399	19	45250962	45263301
ENSG00000207568	14	104583742	104583851
ENSG00000266106	17	72303349	72305929
ENSG00000252620	3	195249885	195250019
ENSG00000252785	17	72303826	72303947
ENSG00000203995	1	53308183	53360670
ENSG00000200021	17	72413733	72413843
ENSG00000223711	3	195270871	195277400
ENSG00000128694	2	190611386	190627953
ENSG00000125434	17	8191081	8198661
ENSG00000236770	17	72545538	72548876
ENSG00000136279	7	44084239	44109055
ENSG00000101230	20	13202418	13281298
ENSG00000231027	17	72556855	72563482
ENSG00000236844	3	195281428	195281901
ENSG00000138162	10	123748689	124014060
ENSG00000171853	2	3383446	3488865
ENSG00000115350	2	75185619	75197255
ENSG00000197362	7	148766735	148787874
ENSG00000261222	17	72595979	72603368
ENSG00000236425	3	195288085	195288450
ENSG00000107262	9	33247818	33264761
ENSG00000242443	15	20776218	20776496
ENSG00000224769	3	195341818	195347104
ENSG00000221354	15	20777370	20777452
ENSG00000264659	17	72668851	72673739
ENSG00000258916	15	20798818	20804500
ENSG00000272792	3	195366861	195367331
ENSG00000138757	4	76567966	76649709
ENSG00000271662	3	195377017	195378343
ENSG00000258707	15	20832122	20832668
ENSG00000168961	17	25956824	25976586
ENSG00000229178	3	195382436	195384798
ENSG00000175809	X	22291065	22292574
ENSG00000270685	15	20844768	20845194
ENSG00000151033	10	30900718	30918691
ENSG00000092929	17	73823306	73840798
ENSG00000124767	6	38643701	38670917
ENSG00000231477	17	19360393	19361712
ENSG00000054392	1	210501596	210849638
ENSG00000184735	X	23018087	23020204
ENSG00000258590	15	20862967	20893737
ENSG00000262487	HSCHR17_4_CTG4	39077682	39132305
ENSG00000263726	17	19374432	19396273
ENSG00000262616	HSCHR17_4_CTG4	39160860	39161139
ENSG00000111581	12	69080514	69136785
ENSG00000228331	17	19400256	19400841
ENSG00000262376	HSCHR17_4_CTG4	39228430	39228825
ENSG00000240216	3	148947143	149009587
ENSG00000258748	14	104603487	104604235
ENSG00000266079	17	19460524	19461224
ENSG00000260409	15	20935076	20961512
ENSG00000258913	14	104689921	104754406
ENSG00000165186	X	23352133	23422489
ENSG00000236736	3	46352082	46353413
ENSG00000223552	3	46406446	46448550
ENSG00000233864	Y	14774265	14804162
ENSG00000264306	3	46591996	46592047
ENSG00000258598	14	104842867	104845288
ENSG00000256354	3	46667272	46667698
ENSG00000256206	11	14515329	14541890
ENSG00000240423	3	107602095	107647754
ENSG00000186314	5	144851362	145214932
ENSG00000198231	17	61850963	61896677
ENSG00000165606	10	50572237	50603497
ENSG00000257979	12	116606850	116607063
ENSG00000271856	3	107844668	107857457
ENSG00000258337	12	116612307	116619100
ENSG00000215522	HSCHR6_MHC_QBL	30838342	30857525
ENSG00000089123	20	13246709	13619587
ENSG00000263768	12	116693688	116693793
ENSG00000221724	3	108039239	108039325
ENSG00000258346	12	116806569	116827276
ENSG00000115159	2	157291802	157470247
ENSG00000243188	3	108044367	108045661
ENSG00000145681	5	82933624	83017432
ENSG00000175193	3	183547173	183602721
ENSG00000170955	11	6340176	6341877
ENSG00000154415	7	113516832	113715975
ENSG00000238472	10	101779351	101779456
ENSG00000198796	18	56148479	56296189
ENSG00000204021	10	90484301	90512543
ENSG00000158186	3	138066539	138124375
ENSG00000232230	10	101874174	101874980
ENSG00000178403	4	113434672	113437328
ENSG00000260914	16	69333585	69354614
ENSG00000164219	5	114546527	114598569
ENSG00000270623	10	101902822	101903752
ENSG00000143363	1	150980896	151008189
ENSG00000258235	12	73121703	73122624
ENSG00000197614	12	8789942	8815484
ENSG00000123131	X	23682379	23704516
ENSG00000244468	3	149002569	149051440
ENSG00000124228	20	47835884	47860614
ENSG00000216084	12	73184231	73184425
ENSG00000102763	13	42140973	42535256
ENSG00000243822	3	149074956	149075332
ENSG00000242086	3	195384933	195460422
ENSG00000069018	5	135548999	135732730
ENSG00000213296	7	124120578	124121449
ENSG00000258294	12	73509737	73537638
ENSG00000187754	X	52673140	52683950
ENSG00000152270	11	14665269	14892350
ENSG00000132612	16	69345259	69358949
ENSG00000207214	7	124287773	124287876
ENSG00000184012	21	42836478	42903043
ENSG00000164393	6	47624172	47665533
ENSG00000262769	17	19463424	19501235
ENSG00000225830	10	50663414	50747584
ENSG00000224897	7	124569927	124819369
ENSG00000240389	HSCHR6_MHC_APD	32143703	32147402
ENSG00000228983	17	19483256	19499371
ENSG00000136694	2	113763038	113765621
ENSG00000128915	15	60711808	60771359
ENSG00000142273	19	45281126	45303891
ENSG00000121310	1	53361656	53392884
ENSG00000185127	6	170102233	170106401
ENSG00000143952	2	64119280	64246206
ENSG00000160505	19	56347944	56393220
ENSG00000228411	Y	14913906	14915763
ENSG00000167588	12	50497602	50505102
ENSG00000263107	17	19485429	19485588
ENSG00000241476	X	52725946	52736239
ENSG00000236308	10	101949793	101950504
ENSG00000264037	12	116866057	116866123
ENSG00000172531	11	67165654	67188654
ENSG00000266179	17	19504173	19504658
ENSG00000112335	6	108532426	108582464
ENSG00000227492	10	101989424	101993757
ENSG00000258018	12	116955663	116956625
ENSG00000086065	9	33264940	33281977
ENSG00000266036	17	72743458	72745051
ENSG00000264624	17	72744752	72744838
ENSG00000184708	22	31832963	31892094
ENSG00000212464	10	101996913	101997059
ENSG00000165863	10	118423207	118429775
ENSG00000263586	17	72966799	72971823
ENSG00000099899	22	20099389	20104915
ENSG00000230224	10	102008028	102008852
ENSG00000207362	10	102018328	102018434
ENSG00000222761	14	104867280	104867385
ENSG00000231188	10	102095320	102106147
ENSG00000213159	14	104917316	104917770
ENSG00000252545	17	73027192	73027281
ENSG00000168214	4	26165077	26436541
ENSG00000239607	17	73037830	73038102
ENSG00000270993	17	73056586	73056715
ENSG00000183621	10	31109136	31320866
ENSG00000256545	10	102121397	102123376
ENSG00000232724	17	73070401	73075644
ENSG00000235823	10	102133372	102143125
ENSG00000271900	17	19505153	19505569
ENSG00000150712	5	32227100	32313115
ENSG00000130024	6	170104001	170124151
ENSG00000227225	17	19505572	19506521
ENSG00000212325	10	102158109	102158203
ENSG00000206713	17	73085957	73086069
ENSG00000273030	10	102172691	102173178
ENSG00000265800	17	73134511	73137445
ENSG00000111802	6	24650205	24667261
ENSG00000242752	17	19506587	19506658
ENSG00000171469	19	9715356	9732075
ENSG00000222072	10	102666931	102667037
ENSG00000263786	17	73141356	73142641
ENSG00000228725	17	19507110	19508361
ENSG00000252042	17	73141765	73141857
ENSG00000163376	3	67048727	67061634
ENSG00000128699	2	190635049	190649097
ENSG00000265242	17	73161681	73163344
ENSG00000239069	7	74311936	74312037
ENSG00000084734	2	27719709	27746554
ENSG00000182379	12	57610578	57620232
ENSG00000138658	4	113460492	113558151
ENSG00000184616	7	74320406	74331163
ENSG00000186104	11	14899553	14913798
ENSG00000153294	6	47653600	47689757
ENSG00000164176	5	83236373	83680611
ENSG00000172175	18	56338618	56417371
ENSG00000213380	16	69354043	69373570
ENSG00000136504	17	47865917	47906458
ENSG00000180185	16	1876968	1890208
ENSG00000175868	11	14926543	15103888
ENSG00000123130	X	23720370	23784592
ENSG00000230046	2	32602699	32604667
ENSG00000020633	1	25226002	25291612
ENSG00000147416	8	20054878	20084330
ENSG00000135537	6	108616098	108847999
ENSG00000166311	11	6411655	6416228
ENSG00000257488	12	48220637	48231681
ENSG00000165178	7	74572445	74587848
ENSG00000112715	6	43737921	43754224
ENSG00000101746	18	31431064	31804916
ENSG00000139146	12	31433518	31479992
ENSG00000205537	12	48276432	48295308
ENSG00000272572	10	102670860	102672496
ENSG00000273476	10	102727445	102727892
ENSG00000258203	12	48399060	48405010
ENSG00000135926	2	219138915	219157309
ENSG00000173572	19	56403065	56443702
ENSG00000143473	1	210856555	211307457
ENSG00000164951	8	94870035	94938294
ENSG00000007202	17	26941458	26972472
ENSG00000120094	17	46605888	46608359
ENSG00000110680	11	14988214	14993900
ENSG00000188779	15	68112042	68126899
ENSG00000164221	5	114602885	114632528
ENSG00000071051	2	106361354	106510730
ENSG00000090520	3	186285192	186315061
ENSG00000236873	HSCHR6_MHC_APD	32147333	32157217
ENSG00000115252	2	183004763	183387919
ENSG00000241634	3	108262214	108262722
ENSG00000202379	3	108293412	108293545
ENSG00000053108	5	132532147	132948255
ENSG00000241777	3	108444287	108444383
ENSG00000144035	2	73867959	73869520
ENSG00000228596	7	44824649	44826939
ENSG00000173917	17	46618256	46623441
ENSG00000228465	Y	26113711	26116841
ENSG00000234183	7	44888015	44889167
ENSG00000162039	16	1883984	1934295
ENSG00000232585	Y	26118927	26141228
ENSG00000228299	HSCHR6_MHC_DBB	31228737	31232108
ENSG00000179709	19	56459198	56499995
ENSG00000175463	11	67171386	67177560
ENSG00000224841	HSCHR6_MHC_COX	33181041	33188786
ENSG00000234081	Y	26153058	26153384
ENSG00000257985	12	48405087	48419252
ENSG00000231375	Y	26196025	26197634
ENSG00000165868	10	118430703	118502085
ENSG00000189298	6	28317691	28336947
ENSG00000138316	10	72432559	72522197
ENSG00000184786	6	170140210	170151655
ENSG00000240399	12	48448596	48449374
ENSG00000221633	3	108737757	108737963
ENSG00000237467	Y	26223946	26225959
ENSG00000183421	21	43159529	43187266
ENSG00000239314	3	108820303	108829189
ENSG00000186676	7	124673507	124675355
ENSG00000222635	12	48475102	48475211
ENSG00000229250	Y	26227851	26236493
ENSG00000226138	12	48478833	48479204
ENSG00000148341	9	131769315	131790582
ENSG00000135932	2	231577560	231685790
ENSG00000241224	3	108855561	108868973
ENSG00000258051	12	48554028	48554661
ENSG00000257885	12	48562630	48563442
ENSG00000267106	19	9731967	9756572
ENSG00000144034	2	73956231	73964527
ENSG00000232205	Y	26250254	26252165
ENSG00000261364	3	108895285	108896212
ENSG00000086102	9	33290509	33371155
ENSG00000257848	12	48565373	48567136
ENSG00000187257	7	77325760	77412339
ENSG00000235981	Y	26288505	26303990
ENSG00000224254	17	19508767	19509246
ENSG00000187244	19	45312328	45324673
ENSG00000231625	17	19519102	19537138
ENSG00000179294	17	36827961	36831187
ENSG00000171487	19	56511092	56573179
ENSG00000079112	8	95139399	95229531
ENSG00000113494	5	35048861	35230794
ENSG00000258123	12	73552970	73602097
ENSG00000223698	Y	26314334	26320641
ENSG00000105726	19	19756007	19774502
ENSG00000089048	20	13694969	13765532
ENSG00000188306	3	169539710	169555563
ENSG00000158691	6	28346732	28367511
ENSG00000172340	3	67410884	67705038
ENSG00000242854	Y	26325463	26329652
ENSG00000258107	14	29859552	29905618
ENSG00000250588	3	158680024	159615155
ENSG00000213588	6	33422356	33425325
ENSG00000230977	Y	26328624	26329218
ENSG00000244231	Y	26329581	26333378
ENSG00000120093	17	46626232	46682274
ENSG00000238478	15	20944008	20944114
ENSG00000207551	10	102734742	102734841
ENSG00000259383	15	20964640	20980123
ENSG00000172342	Y	26332656	26338017
ENSG00000236662	10	102740264	102745371
ENSG00000264932	17	19552686	19553248
ENSG00000198546	10	135121979	135166033
ENSG00000259443	15	20978413	20980200
ENSG00000273162	10	102819786	102820762
ENSG00000117614	1	25549170	25558993
ENSG00000188487	11	15133970	15268754
ENSG00000258420	15	20980793	20981327
ENSG00000171522	5	40679600	40693837
ENSG00000259089	15	21018628	21020287
ENSG00000226740	10	102896232	102899468
ENSG00000171466	19	9759330	9785776
ENSG00000259214	15	21031783	21031969
ENSG00000237579	10	102936080	102953904
ENSG00000182199	12	57623110	57628718
ENSG00000265322	15	21038124	21038198
ENSG00000172332	Y	26355714	26361728
ENSG00000238489	15	21060580	21060686
ENSG00000242389	Y	24026223	24064214
ENSG00000261048	15	21095535	21095935
ENSG00000270973	10	102940901	102941708
ENSG00000108292	17	36861795	36886056
ENSG00000251967	3	46692000	46692080
ENSG00000224952	HSCHR6_MHC_SSTO	32159380	32164831
ENSG00000142409	19	56598732	56632649
ENSG00000114248	3	169556967	169587718
ENSG00000261554	15	21098712	21099309
ENSG00000166197	10	103911933	103923627
ENSG00000030110	6	33540329	33548019
ENSG00000258799	15	21106770	21106938
ENSG00000227128	10	102989351	103029905
ENSG00000108379	17	44839872	44910520
ENSG00000270831	15	21122015	21140987
ENSG00000130023	6	170151718	170181680
ENSG00000263032	HG388_HG400_PATCH	111895537	111935113
ENSG00000117625	1	211431719	211489727
ENSG00000239533	Y	26356114	26360978
ENSG00000154258	17	66970629	67057205
ENSG00000145864	5	160715436	160976050
ENSG00000125954	14	65381203	65528521
ENSG00000162576	1	1288069	1297157
ENSG00000187987	6	28399707	28411279
ENSG00000145192	3	186330712	186339107
ENSG00000266545	15	21145581	21145662
ENSG00000242425	Y	26357107	26357382
ENSG00000162040	16	1961464	1968441
ENSG00000185219	3	44481262	44519162
ENSG00000225491	Y	26378973	26385131
ENSG00000258710	15	21145767	21198632
ENSG00000128573	7	113726382	114333827
ENSG00000238013	3	46839613	46839880
ENSG00000206384	3	130279178	130396999
ENSG00000125775	20	1290619	1309883
ENSG00000224827	Y	26422392	26423173
ENSG00000226074	3	46850849	46854048
ENSG00000124818	6	47749718	47800516
ENSG00000197061	6	26104104	26104518
ENSG00000167685	19	56643968	56672262
ENSG00000236409	3	47053032	47054636
ENSG00000133256	4	619373	664571
ENSG00000263843	17	73267450	73269976
ENSG00000258855	15	21166004	21166910
ENSG00000258473	14	77514515	77552789
ENSG00000257073	17	73314159	73315410
ENSG00000251938	3	47130098	47130169
ENSG00000227398	3	47205987	47288091
ENSG00000258819	14	77535523	77542687
ENSG00000258494	15	21174611	21175544
ENSG00000233740	Y	26424484	26427287
ENSG00000198736	16	1988211	1993327
ENSG00000228007	17	73334908	73335228
ENSG00000259698	15	21224717	21226180
ENSG00000259025	15	21258333	21260031
ENSG00000265987	17	73340486	73369743
ENSG00000231145	2	190642909	190643157
ENSG00000248792	Y	26424828	26437493
ENSG00000214381	3	108897012	108904104
ENSG00000113638	5	40714577	40756077
ENSG00000264853	17	73367028	73369817
ENSG00000258552	14	77639418	77639995
ENSG00000265342	17	73390204	73391044
ENSG00000201384	14	77667369	77667483
ENSG00000071859	X	153672473	153679002
ENSG00000258771	15	21286141	21286776
ENSG00000221754	14	77732561	77732633
ENSG00000234399	Y	26542751	26549673
ENSG00000264511	17	73402150	73402243
ENSG00000243059	15	21308174	21308467
ENSG00000266628	14	77817615	77817902
ENSG00000135211	7	77423045	77427897
ENSG00000223217	17	73405167	73405269
ENSG00000175265	15	34671269	34880704
ENSG00000260986	15	21333027	21335424
ENSG00000177340	12	31477250	31478879
ENSG00000258510	14	77825766	77826259
ENSG00000202332	17	73428071	73428168
ENSG00000158955	17	44910567	44964096
ENSG00000258684	15	21365634	21372686
ENSG00000116171	1	53392901	53517375
ENSG00000265636	17	73492726	73492837
ENSG00000223767	HSCHR6_MHC_APD	32157475	32159914
ENSG00000264829	17	73675554	73676047
ENSG00000212371	14	77932627	77932779
ENSG00000252349	17	19565313	19565403
ENSG00000185684	12	132568828	132613029
ENSG00000240233	14	78013911	78014212
ENSG00000262681	17	19622372	19625741
ENSG00000264270	17	73679623	73680879
ENSG00000258668	14	78119170	78119398
ENSG00000264785	17	19640995	19641855
ENSG00000258883	15	21893090	21903057
ENSG00000087338	2	70056774	70108528
ENSG00000237161	15	21936560	21938111
ENSG00000258790	14	35591755	35786680
ENSG00000174016	X	79591003	79700810
ENSG00000232561	7	74602783	74653438
ENSG00000163141	1	151009046	151020076
ENSG00000188316	10	118609023	118671299
ENSG00000204490	HSCHR6_MHC_COX	31530756	31533525
ENSG00000247765	15	21941147	21968151
ENSG00000207289	15	21950659	21950765
ENSG00000148677	10	92671853	92681033
ENSG00000258415	15	21987458	21987995
ENSG00000258712	15	22015703	22016791
ENSG00000130066	X	23801290	23804343
ENSG00000258767	15	22025293	22025752
ENSG00000154917	3	133543083	133614680
ENSG00000258848	15	22026731	22026974
ENSG00000265793	15	22049274	22049348
ENSG00000033800	15	68346517	68483096
ENSG00000264326	7	44921347	44921399
ENSG00000200790	15	22071734	22071840
ENSG00000272768	7	44924552	44925992
ENSG00000258585	15	22117083	22118114
ENSG00000230160	7	44959268	44959928
ENSG00000198704	6	28471073	28495992
ENSG00000223981	7	74619641	74620426
ENSG00000260997	7	44998598	45000508
ENSG00000102780	13	42614176	42830714
ENSG00000239128	3	47292013	47292116
ENSG00000231091	7	74653079	74653184
ENSG00000140986	16	1993975	2007607
ENSG00000203630	20	1316228	1317555
ENSG00000260236	3	47420579	47422489
ENSG00000258997	15	22133181	22152165
ENSG00000230607	17	19658557	19659520
ENSG00000238350	3	47507839	47507938
ENSG00000252279	17	41522875	41522981
ENSG00000205509	7	74696066	74704116
ENSG00000271161	3	47541331	47541897
ENSG00000231096	17	19743439	19743828
ENSG00000172661	10	46222648	46288409
ENSG00000252729	17	41550953	41551058
ENSG00000203780	10	127585108	127698161
ENSG00000224899	7	124791380	124793665
ENSG00000237888	17	41553566	41554033
ENSG00000170456	12	31535157	31744031
ENSG00000272110	3	47542573	47542672
ENSG00000270091	17	19799903	19800600
ENSG00000266443	3	47581504	47581590
ENSG00000100902	14	35747839	35786699
ENSG00000240541	3	149095565	149104370
ENSG00000244732	3	47601721	47602014
ENSG00000205898	7	124800028	124800601
ENSG00000257682	12	73597595	73600615
ENSG00000266126	17	19832685	19833050
ENSG00000214773	3	47643205	47646167
ENSG00000243164	12	74042446	74042819
ENSG00000137392	6	35762759	35765088
ENSG00000261033	17	19911364	19912547
ENSG00000235695	3	47705116	47705424
ENSG00000249008	4	178163693	178169927
ENSG00000252415	12	74072968	74073076
ENSG00000189011	7	74702428	74714647
ENSG00000257750	12	74154469	74192507
ENSG00000225681	17	19959600	19959943
ENSG00000001084	6	53362139	53481768
ENSG00000232956	7	45022622	45026560
ENSG00000237764	7	124812272	125019375
ENSG00000201809	12	74158059	74158193
ENSG00000148343	9	131798900	131834361
ENSG00000225014	17	20015137	20016303
ENSG00000272231	12	74293650	74293732
ENSG00000259037	14	105055358	105056184
ENSG00000234059	Y	15042075	15060090
ENSG00000257587	12	74300720	74313117
ENSG00000212186	17	20029701	20029801
ENSG00000264155	12	74411555	74411636
ENSG00000263494	17	20088395	20226286
ENSG00000166946	15	43477316	43487396
ENSG00000258332	12	74432866	74439608
ENSG00000264902	15	22156766	22156847
ENSG00000219445	7	124869633	124904345
ENSG00000267747	17	41622153	41687706
ENSG00000088832	20	1349622	1373806
ENSG00000109674	4	178230990	178284097
ENSG00000258786	15	22185845	22186733
ENSG00000149476	11	61100682	61120767
ENSG00000267440	17	41757641	41783252
ENSG00000135094	12	113830250	113864106
ENSG00000251138	12	74526946	74796315
ENSG00000213291	7	124940558	124940932
ENSG00000267253	17	41795682	41797804
ENSG00000204947	7	148799876	148823438
ENSG00000261841	15	22195622	22199970
ENSG00000196668	12	116971227	116974323
ENSG00000215964	17	41825568	41825631
ENSG00000261406	15	22268269	22269196
ENSG00000267604	17	41860172	41862050
ENSG00000187033	3	169629360	169656963
ENSG00000118689	6	108881038	109005977
ENSG00000234071	7	124985023	124985431
ENSG00000139323	12	89813495	89919801
ENSG00000239272	14	78149545	78150332
ENSG00000131462	17	40761694	40767252
ENSG00000197753	6	35773070	35801651
ENSG00000258917	14	78162934	78163720
ENSG00000172508	11	67182439	67193078
ENSG00000132356	5	40759481	40798476
ENSG00000227847	7	124985879	124986251
ENSG00000199440	14	78287373	78287485
ENSG00000141956	21	43218385	43299591
ENSG00000258421	14	78526285	78526621
ENSG00000259176	15	22278010	22413497
ENSG00000108433	17	45000483	45105003
ENSG00000136696	2	113779668	113810444
ENSG00000102879	16	30194148	30200397
ENSG00000199454	14	78644146	78644264
ENSG00000239438	14	78697624	78697962
ENSG00000187475	6	26107640	26108364
ENSG00000204390	6	31777396	31783437
ENSG00000165288	X	79926353	80065187
ENSG00000115353	2	75273590	75426826
ENSG00000233438	2	27760253	27790011
ENSG00000267166	17	41991801	42000369
ENSG00000225589	HSCHR6_MHC_DBB	30657847	30675928
ENSG00000138768	4	76649777	76735382
ENSG00000258736	14	105119885	105122124
ENSG00000267420	17	42004931	42009990
ENSG00000180596	6	26115101	26124154
ENSG00000260792	14	105127457	105131895
ENSG00000265291	14	105144031	105144086
ENSG00000212518	14	29945990	29946118
ENSG00000227869	7	125071401	125106455
ENSG00000112706	6	76630832	76782395
ENSG00000257120	14	30122015	30127122
ENSG00000166220	10	72530995	72545157
ENSG00000196659	2	178413726	178417742
ENSG00000264797	14	30174505	30174608
ENSG00000252889	3	108943976	108944074
ENSG00000006576	7	77428122	77586818
ENSG00000252686	14	30281122	30281224
ENSG00000140990	16	2009509	2011976
ENSG00000239288	3	108960354	108961972
ENSG00000257904	14	30409951	30449418
ENSG00000221044	17	42102389	42102591
ENSG00000241257	3	109082894	109083081
ENSG00000267638	17	42193280	42197963
ENSG00000099901	22	20103461	20114878
ENSG00000243885	3	149101966	149103587
ENSG00000244561	3	109115463	109116717
ENSG00000227439	Y	26631479	26632610
ENSG00000214844	17	19041448	19041895
ENSG00000262814	17	79670387	79674556
ENSG00000230618	3	109128525	109128931
ENSG00000224210	Y	26640856	26641730
ENSG00000202021	7	74712847	74712948
ENSG00000105479	19	48799714	48825151
ENSG00000240246	3	149150831	149151061
ENSG00000248975	14	30421603	30766249
ENSG00000196169	17	72322349	72351959
ENSG00000228980	3	109128837	109214014
ENSG00000197557	2	178477720	178483694
ENSG00000232003	Y	26646410	26647652
ENSG00000230195	7	74765876	74789332
ENSG00000165125	7	142568956	142583507
ENSG00000221843	2	27799389	27805588
ENSG00000241929	3	149179969	149182617
ENSG00000038002	4	178351924	178363657
ENSG00000224035	Y	15195704	15207719
ENSG00000239408	3	149182626	149182988
ENSG00000198719	6	170591294	170599561
ENSG00000244503	3	149212447	149213782
ENSG00000187164	10	118643742	118886097
ENSG00000212446	17	42213251	42213357
ENSG00000082512	1	211499957	211548288
ENSG00000244196	3	109190176	109190659
ENSG00000252581	3	149243418	149243513
ENSG00000197665	17	19059040	19062424
ENSG00000258102	12	116985911	116992186
ENSG00000224804	7	74855312	74864233
ENSG00000252541	3	109216492	109216576
ENSG00000241985	3	149366784	149367971
ENSG00000064933	2	190649107	190742355
ENSG00000178917	3	44540462	44552128
ENSG00000267080	17	42253341	42264085
ENSG00000265956	3	109321675	109321744
ENSG00000180573	6	26124373	26139344
ENSG00000258249	12	117037075	117041390
ENSG00000249595	7	74856621	74857439
ENSG00000241313	3	149374807	149379151
ENSG00000254977	7	74862851	74863847
ENSG00000240201	14	30524416	30525160
ENSG00000230036	10	52365750	52365953
ENSG00000204020	10	90521163	90537999
ENSG00000135916	2	231729354	231743963
ENSG00000205508	7	74910311	74918380
ENSG00000231268	HSCHR6_MHC_APD	32160089	32163445
ENSG00000226200	10	52384711	52401211
ENSG00000251854	3	149496796	149496895
ENSG00000252172	3	149635129	149635236
ENSG00000239351	3	149656784	149657586
ENSG00000115137	2	25166505	25194963
ENSG00000235412	Y	26716349	26753172
ENSG00000166313	11	6416355	6440644
ENSG00000240566	Y	26796955	26797681
ENSG00000204389	6	31783291	31785723
ENSG00000258234	12	48624881	48677993
ENSG00000258273	12	48727538	48727684
ENSG00000263565	17	73780602	73780688
ENSG00000157950	X	52780318	52790617
ENSG00000231588	10	52389292	52390835
ENSG00000257735	12	48744728	48836194
ENSG00000266980	17	73814896	73816136
ENSG00000231345	10	52415727	52420232
ENSG00000184831	X	23851470	23926057
ENSG00000101247	20	13765596	13799067
ENSG00000235462	Y	15265842	15274125
ENSG00000175756	1	1309110	1310875
ENSG00000232706	10	52436503	52446086
ENSG00000139410	12	113860042	113876081
ENSG00000115363	2	75696428	75796848
ENSG00000266457	3	47810601	47810701
ENSG00000183662	3	68053359	68594776
ENSG00000257883	12	117099387	117135870
ENSG00000221585	3	47891045	47891119
ENSG00000119147	2	106679702	106694615
ENSG00000257654	12	117136141	117140935
ENSG00000223915	Y	15342765	15343320
ENSG00000239374	12	117193200	117193679
ENSG00000185163	12	132621139	132628880
ENSG00000089009	12	112842994	112856642
ENSG00000196345	3	44596685	44624975
ENSG00000204487	HSCHR6_MHC_COX	31535744	31537711
ENSG00000215414	Y	15398518	15399258
ENSG00000231171	4	178649911	178911904
ENSG00000226168	10	52455352	52455741
ENSG00000163703	3	9975506	9987097
ENSG00000144048	2	73989311	74007284
ENSG00000201382	12	117219910	117220013
ENSG00000258429	16	69362524	69364498
ENSG00000240100	12	117346117	117346432
ENSG00000230011	10	52465140	52468666
ENSG00000262660	17	79670401	79687569
ENSG00000164949	8	95261481	95274578
ENSG00000252694	Y	15779840	15779936
ENSG00000163377	3	68780917	68981761
ENSG00000088205	2	118572226	118589955
ENSG00000241859	Y	15863536	16027704
ENSG00000243943	2	27805897	27858041
ENSG00000084693	2	27265232	27293490
ENSG00000257763	12	48749575	48750397
ENSG00000204928	5	145239296	145252531
ENSG00000258024	12	48779200	48780048
ENSG00000272617	16	69362547	69368774
ENSG00000198570	1	211649864	211666259
ENSG00000257792	12	48788293	48789175
ENSG00000234508	HSCHR6_MHC_SSTO	32165411	32170168
ENSG00000260371	16	69368994	69390209
ENSG00000224586	6	28493702	28502729
ENSG00000273434	12	48810933	48811120
ENSG00000226413	12	48835813	48836730
ENSG00000259900	16	69369179	69385633
ENSG00000258121	12	48877070	48894744
ENSG00000152377	5	136310987	136934068
ENSG00000240443	12	48881729	48882191
ENSG00000198678	12	48953665	48956739
ENSG00000226124	2	200625267	200715896
ENSG00000224709	12	49021671	49022565
ENSG00000165269	9	33384765	33402643
ENSG00000170385	1	211744910	211752084
ENSG00000197734	14	78227173	78236085
ENSG00000076108	12	56989380	57030600
ENSG00000242791	3	149694542	149697142
ENSG00000204533	19	56662314	56663250
ENSG00000061337	8	20103676	20161474
ENSG00000156463	5	145316142	145461354
ENSG00000199591	3	47973298	47973404
ENSG00000243251	10	50723151	50747086
ENSG00000224895	3	48001817	48002571
ENSG00000224831	3	149699965	149701095
ENSG00000072134	17	19118928	19240028
ENSG00000112584	6	170599791	170716153
ENSG00000218336	4	183065140	183724177
ENSG00000197487	19	56687389	56697144
ENSG00000270285	3	48080757	48080980
ENSG00000182000	3	149702182	149702584
ENSG00000265078	3	48136293	48136595
ENSG00000132603	16	69373333	69377014
ENSG00000183048	17	79670404	79688042
ENSG00000143443	1	151020216	151024462
ENSG00000236768	3	48162159	48162705
ENSG00000241947	3	149717432	149718477
ENSG00000178074	2	200775979	200820658
ENSG00000096063	6	35800743	35889119
ENSG00000235627	3	48202666	48202907
ENSG00000142227	19	48824766	48833810
ENSG00000167130	9	131843379	131852717
ENSG00000243944	3	149757001	149931513
ENSG00000253056	3	48221818	48221879
ENSG00000124201	20	47854483	47894963
ENSG00000140988	16	2012053	2014861
ENSG00000231884	3	48223037	48223216
ENSG00000206838	7	45143948	45144081
ENSG00000265483	3	48238054	48238106
ENSG00000226364	17	50939481	50976948
ENSG00000197275	8	95384188	95487337
ENSG00000162961	2	32092878	32264881
ENSG00000201772	7	45144505	45144641
ENSG00000229759	3	48297840	48298428
ENSG00000198089	22	31884674	32014572
ENSG00000165182	X	23925918	23957624
ENSG00000200656	7	45145567	45145698
ENSG00000199476	3	48330077	48330184
ENSG00000224689	19	9800600	9811452
ENSG00000088833	20	1422807	1454487
ENSG00000228638	3	48332283	48332865
ENSG00000117650	1	211836114	211848960
ENSG00000234359	7	45431225	45431804
ENSG00000227011	17	51062880	51065012
ENSG00000252466	3	48357850	48357949
ENSG00000213667	10	52486707	52487729
ENSG00000175634	11	67195931	67202872
ENSG00000265053	3	48421324	48421620
ENSG00000225537	7	45500311	45581781
ENSG00000229649	10	103012578	103023307
ENSG00000229711	10	52582452	52584285
ENSG00000244380	3	48481762	48488060
ENSG00000226999	7	45574122	45574280
ENSG00000252844	10	103027694	103027765
ENSG00000222238	10	103067286	103067475
ENSG00000236944	10	52722753	52723118
ENSG00000264209	3	48529745	48529838
ENSG00000174348	1	53527854	53551174
ENSG00000225208	10	103070775	103071262
ENSG00000211535	3	48616335	48616410
ENSG00000261368	10	52724030	52724980
ENSG00000263898	3	48681627	48681713
ENSG00000230967	10	103082242	103083151
ENSG00000223502	10	52822339	52828313
ENSG00000166224	10	72575717	72640930
ENSG00000222414	10	103124602	103124792
ENSG00000155438	2	122484521	122494499
ENSG00000239091	10	103131609	103131709
ENSG00000165795	14	21484922	21539031
ENSG00000258838	10	50723247	50747584
ENSG00000258723	14	78745915	78749719
ENSG00000263436	10	103361174	103361254
ENSG00000234876	HSCHR6_MHC_SSTO	32169488	32198715
ENSG00000197213	19	56700939	56709289
ENSG00000239163	14	78864221	78864302
ENSG00000221178	14	79084209	79084318
ENSG00000136695	2	113816215	113822959
ENSG00000168546	8	21547915	21669869
ENSG00000141200	17	51900239	51902573
ENSG00000118690	6	109169619	109295186
ENSG00000135312	6	78171948	78173490
ENSG00000174010	X	24001837	24045303
ENSG00000196605	19	9862669	9903856
ENSG00000100906	14	35870717	35873955
ENSG00000214765	7	45763379	45808617
ENSG00000115652	2	106709759	106810795
ENSG00000162971	2	200794698	200820459
ENSG00000269964	6	78400375	78636691
ENSG00000204532	19	56713670	56720821
ENSG00000231044	HSCHR6_MHC_COX	31907416	31914421
ENSG00000157315	16	69377151	69385712
ENSG00000173261	5	145463949	145483932
ENSG00000111666	12	102090725	102137918
ENSG00000257279	12	117415247	117425142
ENSG00000023516	13	42846289	42897396
ENSG00000174720	4	113558120	113578748
ENSG00000197622	1	151023447	151042801
ENSG00000258285	12	117537286	117579896
ENSG00000146021	5	136953189	137071779
ENSG00000130741	X	24072833	24096088
ENSG00000232040	6	28539407	28583989
ENSG00000021574	2	32288680	32382706
ENSG00000173239	10	90562487	90580303
ENSG00000008018	6	170844205	170862429
ENSG00000258320	12	74564225	74565610
ENSG00000257183	12	74642417	74677449
ENSG00000165272	9	33441152	33447609
ENSG00000257113	12	74668732	74669011
ENSG00000257364	12	74686104	74686876
ENSG00000168298	6	26156559	26157343
ENSG00000226182	HSCHR6_MHC_COX	31541313	31544094
ENSG00000146243	6	79577189	79656157
ENSG00000131848	19	56732681	56879752
ENSG00000232976	Y	26805484	26806553
ENSG00000108961	17	8191815	8193410
ENSG00000158373	6	26158349	26171577
ENSG00000242029	3	109366954	109529708
ENSG00000169627	16	30204255	30205627
ENSG00000129007	15	68483043	68498417
ENSG00000092841	12	56551945	56557280
ENSG00000149292	11	113185251	113254266
ENSG00000108592	17	61896793	61907372
ENSG00000271249	3	109420303	109421065
ENSG00000123684	1	211916799	212004114
ENSG00000129187	4	183811213	183839089
ENSG00000214380	3	109634823	109635787
ENSG00000257465	12	117683356	117683969
ENSG00000226270	Y	26829804	26831082
ENSG00000255686	12	117890817	117894791
ENSG00000162383	1	53552855	53608289
ENSG00000256071	12	118327259	118328813
ENSG00000227837	Y	26837938	26839079
ENSG00000132604	16	69389464	69442474
ENSG00000221280	12	118604604	118604676
ENSG00000110693	11	15987995	16761138
ENSG00000240342	12	118683877	118684807
ENSG00000223978	Y	27131348	27132623
ENSG00000258721	15	22297499	22298480
ENSG00000197697	6	26183958	26184454
ENSG00000235451	Y	16192955	16198480
ENSG00000270482	12	118813155	118814080
ENSG00000266220	Y	16364065	16364171
ENSG00000259324	15	22318882	22319785
ENSG00000255714	12	119083120	119086529
ENSG00000163704	3	9987226	9994078
ENSG00000204388	6	31795512	31798031
ENSG00000204363	X	52825184	52827141
ENSG00000223517	Y	16388092	16389369
ENSG00000252971	17	20193570	20193671
ENSG00000008952	3	169684423	169716161
ENSG00000273303	3	44607051	44635665
ENSG00000197462	7	125557925	125573886
ENSG00000258652	15	22332815	22333350
ENSG00000241590	12	119175769	119176316
ENSG00000108219	10	82213922	82292879
ENSG00000221418	7	125680283	125680354
ENSG00000241921	7	126019024	126064239
ENSG00000120659	13	43136872	43182149
ENSG00000156194	4	76781020	76823724
ENSG00000261277	15	22344660	22345900
ENSG00000127452	19	9920943	9938492
ENSG00000157617	21	43305221	43373999
ENSG00000095321	9	131857089	131873468
ENSG00000154898	17	20224477	20306870
ENSG00000144792	3	44619715	44641186
ENSG00000227249	7	126151189	126152933
ENSG00000141480	17	4613784	4624794
ENSG00000180628	10	92979908	93044088
ENSG00000238960	15	22348678	22348778
ENSG00000259435	15	22413569	22414386
ENSG00000214216	3	158680717	158984096
ENSG00000171405	X	52841228	52847325
ENSG00000260739	15	22433890	22436177
ENSG00000223877	15	22440227	22440848
ENSG00000224981	7	126508821	126510586
ENSG00000173145	10	96075004	96122716
ENSG00000271288	15	22466058	22466493
ENSG00000270356	15	22482836	22483268
ENSG00000145863	5	160974069	161129599
ENSG00000260007	15	68486139	68522056
ENSG00000271507	15	22490343	22490685
ENSG00000166532	12	8834196	8935691
ENSG00000221641	15	22513229	22513280
ENSG00000141198	17	52976748	53039310
ENSG00000259098	15	22546089	22546799
ENSG00000089157	12	120634489	120639038
ENSG00000114127	3	142025449	142166904
ENSG00000258732	15	22566922	22570823
ENSG00000259501	15	22646603	22647417
ENSG00000213190	1	151030234	151040970
ENSG00000263930	15	22675148	22675241
ENSG00000157184	1	53662101	53679869
ENSG00000177706	7	192969	300711
ENSG00000204387	6	31802385	31807541
ENSG00000259689	15	22691016	22693200
ENSG00000169020	4	666225	668127
ENSG00000112592	6	170863390	170881958
ENSG00000124721	6	38683117	38998301
ENSG00000186448	3	44626380	44689963
ENSG00000185182	15	22704721	22715604
ENSG00000128973	15	68499330	68549549
ENSG00000257636	14	30907198	31042835
ENSG00000114450	3	179116990	179169378
ENSG00000162144	11	61116217	61129771
ENSG00000127184	5	85913721	85916779
ENSG00000258350	14	31010982	31011394
ENSG00000188112	6	42068856	42110357
ENSG00000155754	2	202352148	202483901
ENSG00000231132	10	53004654	53005566
ENSG00000146858	7	138710452	138720775
ENSG00000186075	17	38024417	38034149
ENSG00000266591	10	53025085	53025212
ENSG00000207813	10	53059333	53059415
ENSG00000132207	16	30205208	30208882
ENSG00000235279	10	53062326	53066469
ENSG00000179813	13	43355686	43365683
ENSG00000213659	10	53079586	53080420
