ENSG00000222626	5	157403774	157403964
ENSG00000225670	1	159165775	159177763
ENSG00000254612	11	127810808	127811549
ENSG00000230314	6	11043757	11078459
ENSG00000270172	1	53708036	53710212
ENSG00000271378	5	37130532	37130802
ENSG00000248152	4	113900746	113993118
ENSG00000234166	1	16524349	16524852
ENSG00000272403	6	116765323	116766023
ENSG00000243066	19	14699169	14699465
ENSG00000253743	5	157411666	157416998
ENSG00000271947	2	7045855	7046432
ENSG00000269378	19	14732446	14733054
ENSG00000216835	6	48181340	48182530
ENSG00000226780	1	206214526	206223548
ENSG00000249373	4	113952443	113955707
ENSG00000231465	9	125233637	125238096
ENSG00000228848	2	149627593	149627950
ENSG00000242736	7	141999017	141999300
ENSG00000237349	1	109529585	109529867
ENSG00000253393	8	32897041	32897311
ENSG00000217241	6	116774177	116774728
ENSG00000273415	11	128050322	128053449
ENSG00000249116	5	1884080	1884763
ENSG00000244632	3	62781801	62782094
ENSG00000234578	1	53733607	53734273
ENSG00000256210	19	14903121	14903589
ENSG00000227550	7	142157378	142157849
ENSG00000231367	2	38633861	38742882
ENSG00000252692	1	206261008	206261093
ENSG00000252449	3	62800057	62800166
ENSG00000237276	1	16542404	16554522
ENSG00000263686	X	125866419	125866503
ENSG00000196656	4	114135137	114138326
ENSG00000228838	1	53753696	53755378
ENSG00000250708	4	174818403	174850676
ENSG00000218153	6	116778486	116779832
ENSG00000211739	7	142190638	142191080
ENSG00000244716	1	109534878	109535489
ENSG00000272575	11	128078724	128111334
ENSG00000230538	X	126524324	126526508
ENSG00000222274	2	100136565	100136694
ENSG00000240754	1	206288156	206306131
ENSG00000226340	2	149629822	149630366
ENSG00000269552	19	14962844	14963756
ENSG00000238896	6	11079248	11079346
ENSG00000225030	1	53757463	53757810
ENSG00000230393	2	100721381	100723966
ENSG00000241657	7	142197570	142198069
ENSG00000239077	2	114605710	114605813
ENSG00000228914	9	125370315	125371079
ENSG00000271245	6	11155162	11155383
ENSG00000172148	19	14974598	14975527
ENSG00000265562	8	33053355	33053455
ENSG00000171858	20	60962172	60963576
ENSG00000263656	2	149649447	149649513
ENSG00000270019	2	114645780	114647327
ENSG00000215846	1	159246293	159247282
ENSG00000263769	16	1944686	1944937
ENSG00000265516	6	116778895	116778985
ENSG00000232762	1	53770208	53773134
ENSG00000239279	4	114340996	114341290
ENSG00000076944	19	7701767	7712759
ENSG00000232084	2	100824716	100867946
ENSG00000247925	6	11173685	11259332
ENSG00000253993	8	33084366	33084665
ENSG00000228236	2	149925110	149925424
ENSG00000206811	16	2012335	2012467
ENSG00000206820	4	114341479	114341642
ENSG00000269678	19	14997651	14997927
ENSG00000244158	6	116781902	116784855
ENSG00000213414	5	157413154	157414714
ENSG00000229509	1	206506678	206506789
ENSG00000175356	11	9041071	9159661
ENSG00000223639	HSCHR6_MHC_SSTO	31688317	31697500
ENSG00000228665	1	109572689	109572941
ENSG00000207405	16	2012974	2013107
ENSG00000250229	4	114761206	114761392
ENSG00000260683	X	126794612	126796511
ENSG00000224337	2	150177107	150177950
ENSG00000221175	6	48817560	48817639
ENSG00000254588	11	128396037	128400284
ENSG00000228203	2	7052408	7058840
ENSG00000233656	6	11417583	11481472
ENSG00000251216	4	174845358	174912012
ENSG00000255513	16	2013746	2014096
ENSG00000140280	15	52015208	52043782
ENSG00000252735	8	33196385	33196484
ENSG00000225675	1	53793905	53802181
ENSG00000108823	17	48241575	48253292
ENSG00000268834	19	15002707	15003616
ENSG00000271162	6	48919707	48920418
ENSG00000234156	9	125372194	125401964
ENSG00000261614	16	31579707	31580796
ENSG00000259073	14	90042560	90043821
ENSG00000234199	2	114737146	114764879
ENSG00000234117	6	116813460	116818262
ENSG00000235274	X	126862715	126864839
ENSG00000233501	1	206552219	206554954
ENSG00000242753	6	11487459	11515943
ENSG00000218337	6	49045349	49045688
ENSG00000226938	1	53814160	53814905
ENSG00000228212	5	37209466	37212483
ENSG00000273046	12	54410894	54429145
ENSG00000228054	1	109589450	109590104
ENSG00000270699	2	100993883	100993994
ENSG00000253422	5	157505107	157505772
ENSG00000197223	2	68268262	68338080
ENSG00000141750	17	37366789	37382125
ENSG00000255198	16	2014960	2015510
ENSG00000223604	2	150296411	150296941
ENSG00000261000	1	206677281	206677789
ENSG00000217089	6	117369833	117370001
ENSG00000248174	4	175015811	175141549
ENSG00000242493	5	37246277	37246581
ENSG00000230138	1	53832340	53833917
ENSG00000252522	14	90052006	90052105
ENSG00000217631	6	49241241	49241435
ENSG00000260010	16	31612914	31614852
ENSG00000164542	7	36363830	36429734
ENSG00000270558	5	37286551	37287079
ENSG00000201027	14	90088262	90088551
ENSG00000234981	1	206702248	206703039
ENSG00000231969	2	150443710	150704747
ENSG00000202313	6	11503742	11503904
ENSG00000243179	2	114737486	114740835
ENSG00000238029	2	101041810	101042569
ENSG00000273382	1	109630593	109633480
ENSG00000196101	HSCHR6_MHC_QBL	32417557	32430644
ENSG00000252655	14	90117137	90117247
ENSG00000251880	5	37327237	37327298
ENSG00000218020	6	11514425	11516699
ENSG00000250031	8	59337147	59339244
ENSG00000188399	Y	28555962	28566682
ENSG00000252457	6	49312460	49312521
ENSG00000272338	8	33218361	33218933
ENSG00000248642	1	159248831	159249791
ENSG00000253792	5	157600609	157603430
ENSG00000200312	14	90178855	90179167
ENSG00000226783	9	125448212	125450651
ENSG00000260597	12	54413694	54416373
ENSG00000207270	2	150467182	150467288
ENSG00000250455	5	37377151	37378073
ENSG00000204637	2	101125739	101126077
ENSG00000200248	6	117381845	117381962
ENSG00000250957	4	175056206	175075788
ENSG00000232357	HSCHR6_MHC_MCF	33342783	33344972
ENSG00000259050	14	90203309	90204735
ENSG00000207571	12	54427734	54427829
ENSG00000270066	1	109642815	109643241
ENSG00000254061	8	33293786	33294218
ENSG00000215984	2	114747587	114747673
ENSG00000237605	1	206807994	206808967
ENSG00000251814	6	117620527	117620801
ENSG00000219374	6	49325859	49328093
ENSG00000248216	5	37505790	37506959
ENSG00000162947	2	150624020	150715705
ENSG00000101782	18	21032787	21066567
ENSG00000253673	5	157602404	157627024
ENSG00000265197	Y	18398127	18398238
ENSG00000222713	6	117622618	117622921
ENSG00000271897	6	11607785	11608214
ENSG00000248265	12	54452038	54516018
ENSG00000222743	5	37620087	37620190
ENSG00000251213	4	175085592	175090064
ENSG00000251484	1	109646157	109647388
ENSG00000155508	5	154237113	154256353
ENSG00000256609	12	119619853	119621064
ENSG00000002586	X	2609220	2659350
ENSG00000254103	8	59416147	59416627
ENSG00000124795	6	18224099	18265054
ENSG00000212182	2	114763018	114763232
ENSG00000235009	2	38658436	38660715
ENSG00000219703	6	117752754	117753605
ENSG00000207419	6	11710052	11710193
ENSG00000187778	12	49950327	49961936
ENSG00000252853	1	206855308	206855380
ENSG00000236253	1	53878821	53905693
ENSG00000233929	1	16567708	16567893
ENSG00000249875	4	175276005	175297596
ENSG00000235242	2	114879851	114880870
ENSG00000252323	Y	18448163	18448269
ENSG00000224548	X	126930105	126930714
ENSG00000238310	1	109750416	109750470
ENSG00000203827	1	148739443	148758311
ENSG00000234427	6	11810835	11811481
ENSG00000237185	16	31659628	31660543
ENSG00000261790	16	2034878	2040358
ENSG00000231447	X	151889195	151890140
ENSG00000224114	1	206869182	206869614
ENSG00000254942	1	110082528	110086459
ENSG00000265846	4	175344946	175345015
ENSG00000250654	12	54470622	54475687
ENSG00000230997	14	90358132	90358788
ENSG00000254047	5	157615985	157616919
ENSG00000228560	1	159315956	159438858
ENSG00000242970	8	59500979	59501323
ENSG00000215124	6	11861859	11863203
ENSG00000239039	8	33370993	33371096
ENSG00000243279	X	48928813	48931730
ENSG00000206832	1	110134156	110134262
ENSG00000250596	4	175444852	175461495
ENSG00000260631	16	31692168	31693422
ENSG00000215506	Y	28654360	28725837
ENSG00000199349	1	206921325	206921437
ENSG00000248442	1	159320883	159321816
ENSG00000236042	X	127232011	127232508
ENSG00000225113	1	110138847	110140403
ENSG00000260107	16	2047655	2048375
ENSG00000231926	2	115017627	115018803
ENSG00000271680	1	207079273	207079738
ENSG00000188612	17	73163408	73179078
ENSG00000251584	4	175457791	175461935
ENSG00000265386	16	2063182	2063475
ENSG00000258544	14	90574019	90574339
ENSG00000206743	5	37700433	37700539
ENSG00000242599	X	151895976	151903136
ENSG00000207709	1	110141515	110141589
ENSG00000230645	2	151027937	151157594
ENSG00000253232	8	33380672	33380809
ENSG00000226457	1	16695645	16696025
ENSG00000226945	1	207080964	207081574
ENSG00000221656	16	2140196	2140285
ENSG00000238335	5	37802073	37802167
ENSG00000228703	1	110171039	110172927
ENSG00000096384	6	44214824	44221620
ENSG00000221434	6	117766553	117766604
ENSG00000250760	4	175460340	175461406
ENSG00000168004	11	63228876	63258666
ENSG00000231420	2	151091406	151113521
ENSG00000235334	X	127256712	127257474
ENSG00000226181	6	117772293	117774688
ENSG00000248587	5	37840540	37875901
ENSG00000260472	16	31708718	31708928
ENSG00000259933	16	2141437	2145426
ENSG00000235045	1	110193992	110194721
ENSG00000250200	4	175844964	175845189
ENSG00000201351	14	90643566	90643674
ENSG00000238401	1	207212039	207212145
ENSG00000236049	2	151409046	151428735
ENSG00000207461	6	117778897	117779001
ENSG00000253449	5	157652360	157661384
ENSG00000235113	10	32398789	32400594
ENSG00000226565	1	207323522	207323626
ENSG00000242571	14	90833041	90833523
ENSG00000252505	8	33397558	33397655
ENSG00000239007	1	54154422	54154485
ENSG00000218233	6	117954869	117966250
ENSG00000265493	4	175848458	175848542
ENSG00000122180	1	203052260	203055164
ENSG00000213553	2	38708920	38710012
ENSG00000132972	13	25338290	25454059
ENSG00000201003	1	54236691	54236826
ENSG00000253995	8	33397703	33398011
ENSG00000224240	Y	28695572	28695890
ENSG00000260568	16	31710997	31711786
ENSG00000238433	8	59574800	59574903
ENSG00000225102	6	11990576	11992245
ENSG00000250431	4	175898722	175900532
ENSG00000251686	1	159335951	159336879
ENSG00000238074	Y	9324922	9327689
ENSG00000264454	1	54294465	54294534
ENSG00000234811	10	32400572	32400717
ENSG00000260246	1	110235739	110236364
ENSG00000201231	8	59726971	59727111
ENSG00000238520	2	115038661	115038752
ENSG00000232387	9	125524123	125524512
ENSG00000224462	1	207338841	207357255
ENSG00000237220	2	151422648	151424594
ENSG00000261123	16	2144831	2147027
ENSG00000254048	8	59904279	59905497
ENSG00000253424	5	157683145	157685444
ENSG00000226029	1	16787443	16794976
ENSG00000216998	6	49533637	49547879
ENSG00000230202	6	118320138	118320611
ENSG00000229687	1	54307220	54307505
ENSG00000238758	14	90847542	90847596
ENSG00000229896	6	12007903	12009089
ENSG00000235239	X	127261068	127262190
ENSG00000249411	4	175938167	175940365
ENSG00000222923	2	115177702	115177879
ENSG00000252482	10	32462612	32462672
ENSG00000258424	14	90868867	90871579
ENSG00000241720	1	110268442	110317874
ENSG00000261240	16	2162336	2163343
ENSG00000232359	2	151451616	151476581
ENSG00000231538	2	115586009	115591125
ENSG00000227629	Y	28732789	28737748
ENSG00000217094	10	32477251	32477745
ENSG00000167912	8	60031599	60033905
ENSG00000216809	6	118773632	118776155
ENSG00000117448	1	46016215	46035721
ENSG00000258678	14	90918407	90921461
ENSG00000253134	5	157702719	157705821
ENSG00000219102	1	54440642	54441704
ENSG00000240189	8	33437730	33438026
ENSG00000260447	16	2169208	2170249
ENSG00000224048	2	151468895	151491862
ENSG00000131797	16	31711911	31721097
ENSG00000224927	1	110353264	110353620
ENSG00000233208	14	90921574	90925249
ENSG00000249284	4	176207756	176211918
ENSG00000235717	2	115591407	115593165
ENSG00000253801	5	67382989	67383322
ENSG00000249326	5	1887446	1900607
ENSG00000200059	16	2181852	2181951
ENSG00000218893	6	12319685	12319824
ENSG00000233190	10	32520777	32521173
ENSG00000213605	2	87112198	87112854
ENSG00000248539	5	37899465	37920971
ENSG00000138100	2	27505260	27530307
ENSG00000253642	8	33462374	33896526
ENSG00000169075	6	118822593	118824069
ENSG00000197015	1	54481327	54481616
ENSG00000080947	1	16793931	16825752
ENSG00000265867	16	2183120	2183205
ENSG00000254350	5	157851593	157879766
ENSG00000252108	5	67454889	67454974
ENSG00000264397	16	2185978	2186130
ENSG00000163235	2	70674412	70781325
ENSG00000272091	1	54492356	54494172
ENSG00000213864	5	67455046	67455721
ENSG00000250032	5	37939467	37948057
ENSG00000223321	6	12406718	12407013
ENSG00000206014	8	11786101	11787072
ENSG00000260260	16	2204798	2205359
ENSG00000203276	1	54498816	54500553
ENSG00000227253	10	32555217	32558402
ENSG00000235026	2	115888512	115918920
ENSG00000271443	2	38762400	38763391
ENSG00000269821	11	2629558	2721224
ENSG00000248551	4	176267509	176324261
ENSG00000251044	5	67670593	67670955
ENSG00000233425	9	125599836	125601099
ENSG00000217330	6	118910233	118910797
ENSG00000228420	1	110370977	110414058
ENSG00000212802	6	12514342	12515006
ENSG00000254487	11	49839330	49847105
ENSG00000264208	1	54519752	54519827
ENSG00000266202	17	26125832	26220391
ENSG00000136895	9	129986544	130155939
ENSG00000237917	Y	28740998	28780799
ENSG00000236041	11	2792586	2792807
ENSG00000248884	5	67726254	67730308
ENSG00000251518	5	37948593	37951157
ENSG00000249945	4	176379440	176387848
ENSG00000225183	1	54555529	54555766
ENSG00000248994	5	1933977	1959290
ENSG00000235005	1	110426798	110428886
ENSG00000184324	X	151922445	151928738
ENSG00000235735	X	127447259	127448026
ENSG00000248533	5	37953504	37967066
ENSG00000234901	X	101263497	101264019
ENSG00000221136	4	176394153	176394259
ENSG00000255268	11	49846391	49848276
ENSG00000259789	14	90955356	90957981
ENSG00000261055	1	110438595	110440483
ENSG00000270437	2	63310143	63314457
ENSG00000206630	16	2205024	2205106
ENSG00000253851	8	104240653	104241542
ENSG00000251174	4	176415765	176417151
ENSG00000183354	9	5881596	6007901
ENSG00000252748	14	91031485	91031569
ENSG00000237611	1	54565641	54565897
ENSG00000258634	1	110600962	110605177
ENSG00000249197	1	159375213	159376199
ENSG00000228064	2	151839020	151859988
ENSG00000252958	16	2255031	2255137
ENSG00000235586	2	38828740	38829320
ENSG00000266289	8	104395306	104396082
ENSG00000249588	5	67819705	67825834
ENSG00000225632	1	54751078	54753044
ENSG00000261532	16	2261998	2262864
ENSG00000236885	2	151974469	152042723
ENSG00000214285	10	129347613	129350935
ENSG00000204228	6	33172419	33174608
ENSG00000249388	12	54475902	54496477
ENSG00000225549	6	119078681	119104583
ENSG00000207399	8	104397189	104397295
ENSG00000248574	4	176496019	176497291
ENSG00000229414	11	2861365	2882798
ENSG00000219061	11	49854692	49860872
ENSG00000250003	5	38025799	38184034
ENSG00000248359	5	67827517	67829357
ENSG00000259780	16	2285690	2286914
ENSG00000251525	X	101428072	101439994
ENSG00000213201	2	152042702	152043109
ENSG00000225689	X	127457598	127734446
ENSG00000261670	8	104476617	104481213
ENSG00000212447	9	125642492	125642602
ENSG00000226097	7	20336331	20351335
ENSG00000249304	4	114864412	114865476
ENSG00000248597	5	1963723	1967268
ENSG00000228518	Y	19304706	19305532
ENSG00000232403	2	63335253	63335564
ENSG00000232245	1	54881929	54886533
ENSG00000258673	1	110625310	110652341
ENSG00000271830	8	104493494	104493847
ENSG00000237941	11	2891263	2893335
ENSG00000250432	12	54478916	54519776
ENSG00000234015	6	12583147	12585636
ENSG00000232518	2	38895830	38898563
ENSG00000248716	4	115025094	115025381
ENSG00000249335	5	68128412	68257985
ENSG00000265404	1	54970341	54970443
ENSG00000272085	5	157891473	157891686
ENSG00000253477	8	104495626	104513904
ENSG00000103152	16	127006	135852
ENSG00000264684	2	152224848	152224925
ENSG00000213144	12	119632655	119633199
ENSG00000226802	X	127574907	127575763
ENSG00000249731	5	1968208	1969127
ENSG00000235741	1	54982085	54982932
ENSG00000253194	6	119255950	119352706
ENSG00000262877	17	79361930	79364056
ENSG00000223291	6	12753907	12754003
ENSG00000238836	5	38081774	38081845
ENSG00000237173	1	54990497	54990604
ENSG00000242113	2	152228517	152228798
ENSG00000242412	2	63344986	63346677
ENSG00000146216	6	43211418	43255997
ENSG00000252799	22	21878047	21878123
ENSG00000261094	9	125699902	125702612
ENSG00000206702	6	13214288	13214451
ENSG00000271595	Y	19576759	19577094
ENSG00000231351	2	87157373	87157877
ENSG00000222649	6	119379045	119379139
ENSG00000252646	1	54991059	54991126
ENSG00000227238	2	38990676	38992363
ENSG00000225214	2	152954842	152965716
ENSG00000254135	5	157912198	157961446
ENSG00000161328	11	537527	554916
ENSG00000252143	22	21899186	21899328
ENSG00000207931	4	115577915	115578010
ENSG00000227091	1	110708808	110715111
ENSG00000207982	6	119390212	119390308
ENSG00000256311	12	119663639	119696822
ENSG00000227453	1	55002469	55003431
ENSG00000252605	22	21899414	21899496
ENSG00000215022	6	13265093	13295818
ENSG00000255105	8	104571327	104571617
ENSG00000224943	1	159436111	159453166
ENSG00000250215	4	115634735	115636076
ENSG00000234272	2	152988069	152988359
ENSG00000220139	6	119480462	119480641
ENSG00000222352	22	21899633	21899933
ENSG00000250289	5	68150737	68150912
ENSG00000207008	11	2985001	2985123
ENSG00000254714	11	49872181	49884080
ENSG00000206853	8	60049931	60050061
ENSG00000254644	8	104580831	104581206
ENSG00000273342	22	21995133	21995573
ENSG00000244661	7	142216290	142216732
ENSG00000186766	10	129535499	129539450
ENSG00000164893	8	87226281	87333375
ENSG00000212249	5	68169781	68169914
ENSG00000230728	1	55087150	55094111
ENSG00000247473	11	3050624	3062490
ENSG00000201763	8	60368444	60368569
ENSG00000238687	8	104677523	104677622
ENSG00000231100	1	159527158	159527990
ENSG00000212102	22	22007270	22007347
ENSG00000163485	1	203059782	203136533
ENSG00000224989	Y	19612838	19626898
ENSG00000235122	6	49785143	49788155
ENSG00000235526	1	110720265	110721341
ENSG00000250066	5	68259073	68263672
ENSG00000253684	8	33499099	33499457
ENSG00000254150	8	60470087	60470414
ENSG00000239944	7	142245303	142245572
ENSG00000239344	8	104780509	104781257
ENSG00000237453	1	55258558	55260578
ENSG00000226082	3	62912046	62912557
ENSG00000207751	22	22007593	22007674
ENSG00000230391	2	116225632	116226514
ENSG00000118492	6	146920101	147136598
ENSG00000226170	X	151953177	151953993
ENSG00000224965	1	110751456	110752609
ENSG00000226707	6	49791425	49792495
ENSG00000201616	11	3069589	3069751
ENSG00000216113	8	104863827	104863916
ENSG00000222351	9	125708267	125708373
ENSG00000216316	6	119590298	119590879
ENSG00000272954	22	22016223	22016652
ENSG00000240637	4	115720487	115720783
ENSG00000253260	8	60473886	60506260
ENSG00000263794	8	33573302	33573586
ENSG00000255550	11	49875632	49880954
ENSG00000233716	2	63459588	63460712
ENSG00000179577	8	105432721	105433132
ENSG00000242771	7	142259059	142259331
ENSG00000272379	6	13290250	13290722
ENSG00000242396	1	55352548	55353674
ENSG00000236710	11	3105623	3106673
ENSG00000251308	4	116064138	116064459
ENSG00000269787	19	15014044	15014985
ENSG00000200536	1	110815106	110815229
ENSG00000244671	22	22077172	22077471
ENSG00000271890	1	159551410	159552438
ENSG00000255174	8	11856596	11856977
ENSG00000264933	X	152163780	152164039
ENSG00000253569	8	33579823	33580597
ENSG00000226733	6	50061424	50066995
ENSG00000248461	5	38148582	38153817
ENSG00000244342	3	62936105	63110738
ENSG00000226114	2	87161585	87161945
ENSG00000222158	8	105437587	105437666
ENSG00000237786	6	13486526	13487084
ENSG00000200985	22	22146723	22146813
ENSG00000158731	1	159568088	159569017
ENSG00000234200	X	152197130	152198791
ENSG00000227963	1	110828997	110881793
ENSG00000243889	7	142273056	142273334
ENSG00000255214	11	49893378	49895619
ENSG00000199884	2	153140864	153140974
ENSG00000218728	X	127848484	127849768
ENSG00000213216	9	125791652	125792032
ENSG00000266734	8	105447681	105447774
ENSG00000266392	17	79374516	79374578
ENSG00000225544	22	22239621	22240012
ENSG00000254507	8	11860909	11861591
ENSG00000233203	1	55353236	55354523
ENSG00000250693	4	116549968	116550863
ENSG00000255190	11	49896497	49898190
ENSG00000253811	5	158410014	158411797
ENSG00000213197	2	153246451	153247144
ENSG00000253879	8	60513937	60526334
ENSG00000208032	8	105496597	105496693
ENSG00000251578	7	142344427	142344887
ENSG00000181852	12	56598285	56615717
ENSG00000266189	17	79418130	79418214
ENSG00000248730	5	38282366	38291088
ENSG00000248636	12	119825792	120105884
ENSG00000218265	6	13521498	13522277
ENSG00000249352	5	68266266	68325992
ENSG00000243636	1	207352641	207357407
ENSG00000200732	6	119648446	119648550
ENSG00000253454	8	105578314	105578657
ENSG00000240738	8	33716998	33717741
ENSG00000273373	1	110912776	110915625
ENSG00000233470	6	50481748	50488817
ENSG00000224086	22	22292609	22297799
ENSG00000265725	6	120336325	120336403
ENSG00000253456	5	158412814	158414207
ENSG00000240578	7	142349249	142349699
ENSG00000255016	8	11882753	11883107
ENSG00000248488	4	116685255	116685975
ENSG00000232114	2	38996407	38997266
ENSG00000223603	1	159674773	159675397
ENSG00000180745	10	129676105	129691211
ENSG00000206857	6	120847440	120847546
ENSG00000263732	8	105767334	105767403
ENSG00000229979	X	152220509	152220772
ENSG00000271667	2	117444794	117444963
ENSG00000230472	6	50555320	50604918
ENSG00000200310	6	121007767	121007888
ENSG00000234791	11	3210776	3211159
ENSG00000254800	11	49904551	49905645
ENSG00000225078	9	125824124	125825591
ENSG00000223995	X	127972419	127972812
ENSG00000198367	19	15027228	15028192
ENSG00000243939	8	105993392	105993807
ENSG00000128872	15	52043758	52108565
ENSG00000213445	11	65405568	65418401
ENSG00000203415	2	63745026	63746647
ENSG00000254817	8	11891155	11892121
ENSG00000235675	X	152387936	152393740
ENSG00000250363	4	116841863	116843134
ENSG00000233271	1	55446623	55457947
ENSG00000239992	7	142389237	142389691
ENSG00000216710	6	121102366	121102658
ENSG00000245812	5	158527491	158544486
ENSG00000236424	Y	9365489	9368291
ENSG00000202351	6	13547936	13548245
ENSG00000270776	2	153395711	153395941
ENSG00000232621	1	207399143	207402547
ENSG00000228578	Y	19628716	19630918
ENSG00000253997	8	106002536	106002920
ENSG00000261071	6	13614343	13615387
ENSG00000228305	2	63849309	63849965
ENSG00000231090	1	55683534	55699850
ENSG00000197549	22	22345496	22398332
ENSG00000236301	11	3239562	3244361
ENSG00000234932	2	153707167	153707338
ENSG00000249071	5	38345449	38346653
ENSG00000253413	8	60672606	60672822
ENSG00000137752	11	104896170	104972158
ENSG00000252966	6	13680312	13680373
ENSG00000206598	6	121675500	121675606
ENSG00000188512	8	33827079	33827397
ENSG00000132141	17	33254878	33308097
ENSG00000264435	17	28299532	28300045
ENSG00000233075	6	13817713	13817966
ENSG00000206306	HSCHR6_MHC_QBL	32481203	32511820
ENSG00000255111	11	49913814	49915329
ENSG00000207403	6	121699943	121700044
ENSG00000060303	6	50824968	50825375
ENSG00000231095	1	55688052	55689045
ENSG00000240271	8	106023335	106023796
ENSG00000264715	17	28339051	28339136
ENSG00000223922	2	39037574	39038796
ENSG00000220447	6	121702618	121703006
ENSG00000272209	6	13825663	13826805
ENSG00000250237	5	68334345	68339648
ENSG00000231600	X	152415692	152416269
ENSG00000254041	8	106155088	106200834
ENSG00000226613	X	101514031	101516680
ENSG00000164880	7	1509913	1545489
ENSG00000207011	17	28386070	28386165
ENSG00000226213	2	153733334	153734281
ENSG00000253723	8	60733683	60733992
ENSG00000224869	2	117484029	117484347
ENSG00000231259	2	87257800	87303536
ENSG00000224699	1	110925441	110974982
ENSG00000220868	6	13949326	13949897
ENSG00000267482	17	28386072	28386165
ENSG00000229920	2	63869589	63871172
ENSG00000265289	17	28386357	28392695
ENSG00000253318	8	106207218	106209197
ENSG00000233981	6	14005151	14007132
ENSG00000235226	1	159728960	159729379
ENSG00000226341	2	117508734	117509224
ENSG00000272714	6	121710470	121711503
ENSG00000176923	19	15037870	15038836
ENSG00000224513	11	3247291	3254068
ENSG00000266876	17	28395650	28396649
ENSG00000235871	2	117575662	117576337
ENSG00000238987	6	14156693	14156754
ENSG00000206281	HSCHR6_MHC_QBL	33196314	33211013
ENSG00000259275	15	96897466	96946964
ENSG00000199458	6	121775127	121775267
ENSG00000216913	6	50865328	50865938
ENSG00000163618	3	62384022	62861054
ENSG00000197408	19	41497204	41524303
ENSG00000230631	6	14230006	14231801
ENSG00000203818	1	149400131	149400542
ENSG00000234592	X	128175513	128177160
ENSG00000236901	9	125871773	125877756
ENSG00000265822	1	55691314	55691396
ENSG00000230158	2	117781494	117782443
ENSG00000212161	1	159821696	159821762
ENSG00000249183	5	68364752	68365027
ENSG00000236987	11	3297275	3297620
ENSG00000219784	6	121799419	121801054
ENSG00000243171	8	106300058	106300593
ENSG00000206652	1	16840617	16840780
ENSG00000265394	17	28417384	28444515
ENSG00000272668	1	159836744	159837475
ENSG00000237736	X	152435330	152439737
ENSG00000248572	5	38399916	38403515
ENSG00000226339	X	128542359	128542598
ENSG00000231900	1	55833139	55834447
ENSG00000226673	6	14280358	14285376
ENSG00000253420	8	106674580	106697993
ENSG00000259614	15	96931443	96932285
ENSG00000261135	1	16841140	16842249
ENSG00000266919	17	28444097	28444190
ENSG00000248173	4	116843171	117218316
ENSG00000214025	2	154015452	154016197
ENSG00000248664	5	68408939	68432221
ENSG00000266458	1	159869769	159869869
ENSG00000237346	6	14391462	14393519
ENSG00000199071	17	28444097	28444190
ENSG00000253256	5	158636929	158675804
ENSG00000254700	8	11901015	11901179
ENSG00000224174	1	16847189	16848291
ENSG00000237074	1	207422412	207482466
ENSG00000232390	11	3343092	3343432
ENSG00000201379	6	121863632	121863772
ENSG00000263271	17	79428039	79428963
ENSG00000254141	8	106682219	106691259
ENSG00000230204	6	50880425	50880969
ENSG00000265739	17	28449447	28453136
ENSG00000254775	8	60962146	60987274
ENSG00000089234	12	112079950	112123790
ENSG00000224259	1	159931008	159948851
ENSG00000266077	17	79478052	79478135
ENSG00000222659	6	121901478	121901667
ENSG00000253044	1	207688630	207688688
ENSG00000224612	2	154028501	154058240
ENSG00000250442	4	116964563	116965201
ENSG00000234540	6	14394557	14404520
ENSG00000253315	5	158654723	158672135
ENSG00000266987	17	28471080	28471808
ENSG00000252029	8	11944905	11944954
ENSG00000229947	17	79480089	79480210
ENSG00000254954	8	61054380	61054701
ENSG00000220326	6	121962155	121962367
ENSG00000225284	2	39088862	39090275
ENSG00000243601	8	106749508	106749993
ENSG00000164011	1	43312280	43318148
ENSG00000236911	1	207725270	207779900
ENSG00000259542	15	96936375	96948419
ENSG00000226338	2	154064600	154064677
ENSG00000229848	17	79481073	79494802
ENSG00000255544	8	11952685	11957045
ENSG00000254194	8	33831219	33867113
ENSG00000264125	17	28531336	28533486
ENSG00000230950	2	117782653	117783694
ENSG00000233421	1	16860381	16862144
ENSG00000249259	4	117016266	117018222
ENSG00000234488	2	63911439	63911844
ENSG00000254592	11	3357951	3361860
ENSG00000229646	6	14597745	14599921
ENSG00000235219	X	152459852	152462342
ENSG00000167037	22	25202236	25323545
ENSG00000227708	2	154194219	154213936
ENSG00000207295	2	39111701	39111807
ENSG00000266120	17	28565759	28579255
ENSG00000087995	17	60501228	60527454
ENSG00000263365	11	3394759	3394851
ENSG00000249491	5	38425138	38427478
ENSG00000221085	2	63922527	63922669
ENSG00000133055	1	203136939	203144941
ENSG00000206960	6	14646766	14646869
ENSG00000207021	17	79540516	79540628
ENSG00000244703	1	207818579	207830755
ENSG00000203817	1	149438750	149459549
ENSG00000252112	17	28573775	28573838
ENSG00000223201	19	15163741	15163885
ENSG00000232198	1	55838383	55838989
ENSG00000265968	5	68455863	68456123
ENSG00000214024	2	154227126	154227578
ENSG00000252458	5	158657202	158657330
ENSG00000250627	4	117115153	117115907
ENSG00000263853	17	79643031	79643116
ENSG00000265905	2	39164021	39164299
ENSG00000234261	6	14977019	15090234
ENSG00000231590	X	101680349	101682995
ENSG00000268564	19	15234971	15236985
ENSG00000225710	1	16875146	16879026
ENSG00000222679	17	28615089	28615195
ENSG00000228872	2	63944256	63945033
ENSG00000251396	8	61297147	61429354
ENSG00000201518	X	128570507	128570624
ENSG00000249738	5	158737941	158789842
ENSG00000259312	15	96981800	96987496
ENSG00000145075	3	180320646	180588793
ENSG00000207132	17	28671521	28671622
ENSG00000207991	9	126164804	126164882
ENSG00000229692	2	39219420	39220998
ENSG00000218180	6	121974941	121975836
ENSG00000254302	8	34032404	34042413
ENSG00000242575	2	154277191	154278471
ENSG00000222647	12	120018597	120018700
ENSG00000201255	17	28687481	28687584
ENSG00000266584	1	16875409	16875482
ENSG00000223756	11	3402191	3430208
ENSG00000250825	15	96984796	96985543
ENSG00000252886	12	120068895	120069191
ENSG00000199831	1	55842199	55842525
ENSG00000216754	6	15103177	15104361
ENSG00000267961	19	15251943	15252849
ENSG00000240143	X	128928970	128930939
ENSG00000237409	1	159990090	159990517
ENSG00000237336	9	126254163	126255435
ENSG00000220986	5	68456633	68456766
ENSG00000125351	X	118967985	118986961
ENSG00000271732	1	16943886	16944224
ENSG00000227400	2	154278130	154449801
ENSG00000221323	12	120151439	120151529
ENSG00000252162	1	55864187	55864293
ENSG00000248234	5	38429994	38430262
ENSG00000238334	5	68471651	68471754
ENSG00000228898	2	117784113	117784600
ENSG00000272051	1	55950544	55950645
ENSG00000226729	12	120397228	120397558
ENSG00000270306	6	51250080	51250647
ENSG00000264958	17	28856706	28869434
ENSG00000213830	5	68609198	68609699
ENSG00000200377	2	154303327	154303397
ENSG00000222722	9	126347663	126347736
ENSG00000251257	5	38461029	38468441
ENSG00000234810	1	56046710	56200675
ENSG00000219135	6	122001118	122001605
ENSG00000260766	1	159994743	159996584
ENSG00000198924	10	115594488	115614142
ENSG00000236917	2	154617963	154619159
ENSG00000242295	15	96991384	96991723
ENSG00000130511	19	18529674	18545372
ENSG00000226842	10	32570614	32571757
ENSG00000215908	1	16944751	16971178
ENSG00000255052	8	11973291	12008698
ENSG00000253108	8	34085957	34204249
ENSG00000272464	12	120486234	120486332
ENSG00000239185	2	117897291	117897351
ENSG00000225279	1	160032278	160049611
ENSG00000230826	9	126498716	126514220
ENSG00000270380	1	110999127	110999976
ENSG00000233825	10	32635427	32636107
ENSG00000255575	12	120494839	120494984
ENSG00000232702	6	51274879	51275335
ENSG00000242989	6	15113199	15113450
ENSG00000231115	HSCHR6_MHC_MCF	33346636	33350863
ENSG00000229221	2	63978831	63979764
ENSG00000227291	2	117938468	117939138
ENSG00000206305	HSCHR6_MHC_QBL	32538584	32544863
ENSG00000252661	19	15256026	15256129
ENSG00000233147	1	56289480	56333921
ENSG00000198161	1	149553003	149553787
ENSG00000264687	6	15149930	15150030
ENSG00000269635	19	15331826	15333108
ENSG00000254033	8	34086812	34106464
ENSG00000217139	6	122004071	122005418
ENSG00000212532	6	51329488	51329563
ENSG00000222309	10	32635792	32635874
ENSG00000183643	15	93014884	93044347
ENSG00000206985	2	39309730	39309833
ENSG00000227741	1	160171989	160178659
ENSG00000226289	1	207831799	207832487
ENSG00000271888	6	15244154	15245231
ENSG00000229115	9	126521499	126522054
ENSG00000229327	10	32636325	32663416
ENSG00000266512	2	155002618	155002720
ENSG00000259534	15	96992072	96992979
ENSG00000214641	6	51401953	51402341
ENSG00000251775	2	64110383	64110525
ENSG00000225900	2	39325290	39325586
ENSG00000204428	6	31644461	31651817
ENSG00000230250	1	56381282	56410636
ENSG00000240194	1	111023374	111033899
ENSG00000266440	X	128955798	128955898
ENSG00000079462	19	42801185	42807698
ENSG00000234219	1	207935929	207936608
ENSG00000212001	2	155088231	155088342
ENSG00000215006	5	68629756	68630076
ENSG00000164056	4	124317950	124324910
ENSG00000221601	5	158745050	158745175
ENSG00000235189	X	129003040	129091504
ENSG00000266108	X	152468714	152468765
ENSG00000235488	6	15248046	15248865
ENSG00000222617	15	97029812	97030121
ENSG00000176318	X	101801662	101803141
ENSG00000230251	2	155143102	155143938
ENSG00000265381	1	160175167	160175254
ENSG00000120215	9	5890802	5910606
ENSG00000227104	1	56404387	56404953
ENSG00000200484	10	32683486	32683593
ENSG00000253298	5	158875564	158893284
ENSG00000259340	15	97094611	97094747
ENSG00000234881	9	126605315	126605965
ENSG00000224931	X	152537078	152543260
ENSG00000228079	2	64313484	64315380
ENSG00000228606	1	160231534	160232568
ENSG00000215264	8	34180510	34181160
ENSG00000231245	10	32800264	32800665
ENSG00000228689	6	51464521	51487682
ENSG00000244968	5	38556888	38671318
ENSG00000203709	1	207974863	208042495
ENSG00000239073	12	93744392	93744492
ENSG00000201367	6	15315151	15315257
ENSG00000233079	1	56410760	56415792
ENSG00000224675	2	155292365	155313950
ENSG00000200011	12	93854501	93854602
ENSG00000201519	6	15324598	15324703
ENSG00000235612	1	56611393	56620896
ENSG00000225110	X	152583141	152586144
ENSG00000214424	15	97300217	97301826
ENSG00000243015	12	93903263	93903544
ENSG00000273038	10	33176189	33178239
ENSG00000214027	6	15935013	15935546
ENSG00000220184	6	122179325	122179914
ENSG00000238207	2	118515139	118561750
ENSG00000240641	6	51840458	51840755
ENSG00000258271	12	93923336	93923765
ENSG00000225889	2	64370373	64479993
ENSG00000238040	X	129005285	129011543
ENSG00000266432	5	158952946	158953018
ENSG00000264206	6	51926413	51926504
ENSG00000203815	1	149675978	149676609
ENSG00000236668	9	126768556	126771675
ENSG00000232947	6	15995175	16000028
ENSG00000239037	X	152616931	152617034
ENSG00000254923	8	11985616	11986807
ENSG00000229871	1	56673239	56674128
ENSG00000207604	6	52009147	52009232
ENSG00000224261	1	160236130	160237015
ENSG00000228816	10	33233409	33233927
ENSG00000236255	2	118591513	118599234
ENSG00000238004	2	155316369	155317332
ENSG00000232249	X	152621191	152621414
ENSG00000199932	6	122532794	122532957
ENSG00000259282	15	97315235	97326542
ENSG00000217585	6	16107853	16108824
ENSG00000272472	6	122964533	122965916
ENSG00000267935	Y	25847479	25850592
ENSG00000223290	2	155446919	155447040
ENSG00000254408	11	49919819	49920738
ENSG00000214897	X	152662421	152664307
ENSG00000225613	6	52011612	52015917
ENSG00000240606	6	123066419	123066693
ENSG00000260971	1	56713966	56724243
ENSG00000202309	2	39355967	39356068
ENSG00000235949	2	155552974	155554329
ENSG00000235082	1	160287193	160287496
ENSG00000252473	2	39510798	39510932
ENSG00000232362	6	123180823	123181133
ENSG00000242795	3	169331298	169341739
ENSG00000263712	6	16141787	16141855
ENSG00000254199	5	159175240	159188068
ENSG00000228837	2	155797053	155797579
ENSG00000223307	1	56843005	56843090
ENSG00000254472	11	49936565	49937196
ENSG00000113569	5	37288239	37371283
ENSG00000199080	6	52013721	52013839
ENSG00000180481	12	75784850	75826468
ENSG00000273035	2	39550469	39550945
ENSG00000090920	19	40353963	40440533
ENSG00000265170	X	152669306	152669599
ENSG00000223120	15	97385299	97385614
ENSG00000251793	6	16148518	16148676
ENSG00000231227	9	126772809	126773393
ENSG00000189398	11	3412010	3412982
ENSG00000244381	3	169427083	169427553
ENSG00000252239	2	39620663	39620759
ENSG00000223956	1	56880635	56881638
ENSG00000229656	10	33247773	33371030
ENSG00000218363	6	52111258	52112160
ENSG00000215948	15	97634492	97634582
ENSG00000218073	6	16161157	16161642
ENSG00000226202	1	208047140	208052418
ENSG00000226301	8	61299821	61300554
ENSG00000230991	2	155822025	155824515
ENSG00000202078	1	160295894	160296006
ENSG00000253311	5	159203779	159298391
ENSG00000196970	X	101804893	101826623
ENSG00000217078	6	16163608	16163993
ENSG00000254637	11	49938943	49940030
ENSG00000259403	15	97815407	97862518
ENSG00000201608	1	160362558	160362699
ENSG00000234921	9	126793903	126794803
ENSG00000223197	2	155945951	155946050
ENSG00000226843	1	208428635	208428721
ENSG00000206777	3	169437975	169438081
ENSG00000235535	6	123732857	123792904
ENSG00000216364	6	16171837	16172262
ENSG00000223009	1	160473166	160473246
ENSG00000232982	2	156119970	156120236
ENSG00000166492	11	3431582	3443726
ENSG00000235407	1	111030302	111032880
ENSG00000261453	1	208780445	208785537
ENSG00000270141	3	169482308	169482848
ENSG00000234425	1	160506863	160541248
ENSG00000125631	2	118617003	118692518
ENSG00000221681	3	125551272	125551371
ENSG00000251831	6	16205245	16205351
ENSG00000225791	6	52442105	52448783
ENSG00000259485	15	97839111	97975324
ENSG00000259886	X	152689210	152691934
ENSG00000185442	15	93160673	93353114
ENSG00000207129	5	87570075	87570193
ENSG00000221538	1	111195564	111195653
ENSG00000254940	11	49941864	49942966
ENSG00000259815	1	208800086	208801430
ENSG00000207193	6	16232462	16232561
ENSG00000264286	1	160515438	160515535
ENSG00000133317	11	63273556	63284246
ENSG00000254344	8	34641570	34722316
ENSG00000241278	3	125567066	125628215
ENSG00000229701	2	156120675	156121335
ENSG00000259834	1	111196182	111199662
ENSG00000265642	6	16428675	16428754
ENSG00000228874	3	15173355	15173715
ENSG00000235101	1	160639938	160640769
ENSG00000242863	15	97896727	97897015
ENSG00000254624	11	49944601	49945438
ENSG00000231312	2	39663778	39892483
ENSG00000227887	1	208870714	208871043
ENSG00000271045	5	68645763	68646272
ENSG00000240083	5	87677774	87678542
ENSG00000254757	11	3490549	3552558
ENSG00000269889	3	169487437	169489831
ENSG00000229931	6	16761369	16762883
ENSG00000263737	5	68751402	68751659
ENSG00000243181	8	34731677	34732151
ENSG00000199710	1	111307030	111307128
ENSG00000255840	8	61334378	61334454
ENSG00000201340	17	48774005	48774121
ENSG00000244717	5	68765710	68765963
ENSG00000216015	6	124061579	124061677
ENSG00000150337	1	149754227	149764074
ENSG00000255199	11	50060063	50062069
ENSG00000237415	1	111390699	111391563
ENSG00000255367	11	3502750	3602441
ENSG00000265560	8	34827724	34827817
ENSG00000236776	1	57004124	57004583
ENSG00000269984	3	169494980	169498122
ENSG00000186301	1	16972069	16976914
ENSG00000170011	3	39850405	40301812
ENSG00000237321	6	124144385	124150430
ENSG00000227682	2	156126145	156126399
ENSG00000248787	3	125626848	125629115
ENSG00000255442	11	50129327	50149612
ENSG00000235204	9	127021529	127023435
ENSG00000270135	3	169511283	169511754
ENSG00000232024	8	35382694	35383281
ENSG00000272341	6	16764577	16767114
ENSG00000252753	8	61397741	61397799
ENSG00000228863	1	160640568	160653698
ENSG00000232812	1	208902033	208906529
ENSG00000232791	1	111396560	111397513
ENSG00000236548	6	125230239	125284185
ENSG00000249295	5	68773299	68798293
ENSG00000255522	11	3552650	3552838
ENSG00000215447	21	46707967	46711653
ENSG00000270096	3	169512750	169514001
ENSG00000270382	6	52522171	52522449
ENSG00000233709	2	156167535	156167921
ENSG00000260081	X	152864795	152869808
ENSG00000219314	6	17381598	17382351
ENSG00000224980	1	57051285	57051915
ENSG00000249240	15	65134082	65223118
ENSG00000240128	3	169620768	169622048
ENSG00000227200	9	127025155	127028088
ENSG00000077782	8	38268656	38326352
ENSG00000149679	20	60963688	60982341
ENSG00000206958	5	87678589	87678724
ENSG00000226409	6	125691357	125695470
ENSG00000233039	2	156168209	156169939
ENSG00000236919	11	50205725	50206932
ENSG00000266477	5	68774820	68775092
ENSG00000237226	11	3570975	3571749
ENSG00000119965	10	124690419	124713919
ENSG00000171566	4	155456158	155471587
ENSG00000171084	3	125635463	125648867
ENSG00000236950	1	209145799	209148652
ENSG00000216775	6	52529946	52533953
ENSG00000103148	16	134273	188859
ENSG00000212260	5	68826440	68826544
ENSG00000227239	1	160667760	160668001
ENSG00000255321	8	61464516	61465595
ENSG00000151458	4	125585207	125633887
ENSG00000261654	1	111478991	111484975
ENSG00000184612	6	17531130	17531883
ENSG00000238740	5	68834988	68835091
ENSG00000228704	6	125746773	125766329
ENSG00000232811	1	111486089	111495470
ENSG00000248626	5	159377500	159378505
ENSG00000221424	3	15175890	15176037
ENSG00000226003	1	160817800	160818292
ENSG00000228862	8	61544068	61548830
ENSG00000226232	16	70010291	70030091
ENSG00000244039	3	169649786	169651017
ENSG00000248477	5	68902926	68919876
ENSG00000227578	3	15182887	15183664
ENSG00000250306	5	87678765	87679077
ENSG00000233248	2	156169952	156170470
ENSG00000273010	1	111505924	111507271
ENSG00000221019	11	3578572	3578719
ENSG00000065060	6	34759857	34850915
ENSG00000237742	6	125899704	126070336
ENSG00000199398	5	159435452	159435553
ENSG00000217889	X	152869952	152870803
ENSG00000223688	11	3580887	3581252
ENSG00000062650	10	88195013	88281572
ENSG00000225475	1	57085082	57085222
ENSG00000250272	4	117300075	117300425
ENSG00000213080	1	160864770	160865866
ENSG00000232537	1	209320612	209328446
ENSG00000223908	5	159450747	159451052
ENSG00000229935	2	156170578	156170880
ENSG00000223768	21	46713200	46717269
ENSG00000218359	6	17582265	17582536
ENSG00000239048	5	159556217	159556280
ENSG00000225672	1	111550322	111558152
ENSG00000254869	8	61565061	61566120
ENSG00000264237	9	127112735	127112810
ENSG00000239219	3	169657141	169684522
ENSG00000206718	2	156186933	156187039
ENSG00000253239	22	22380474	22380991
ENSG00000247699	5	159622751	159631833
ENSG00000241839	15	65134088	65160206
ENSG00000230923	2	64412212	64432619
ENSG00000184274	21	46720160	46725172
ENSG00000230851	11	3612507	3612845
ENSG00000231149	9	127277217	127278335
ENSG00000206881	6	17619764	17619865
ENSG00000229913	1	57289352	57292593
ENSG00000133048	1	203148059	203155877
ENSG00000248139	4	117347139	117352048
ENSG00000272269	6	17706488	17707575
ENSG00000226383	2	156868129	156881125
ENSG00000250156	5	87704799	87734907
ENSG00000232188	1	160901529	160904170
ENSG00000228081	1	209346359	209346720
ENSG00000224506	6	125995499	126041364
ENSG00000196998	X	48929385	48958108
ENSG00000201415	6	17722017	17722134
ENSG00000238161	11	3620825	3621936
ENSG00000254355	22	22387143	22387592
ENSG00000198358	1	160902255	160919712
ENSG00000201442	6	17737689	17737790
ENSG00000270354	2	64435632	64435850
ENSG00000229382	21	46756622	46758580
ENSG00000093072	22	17660194	17702879
ENSG00000225070	22	22390743	22394463
ENSG00000236341	1	57429559	57462430
ENSG00000224967	2	118691601	118692365
ENSG00000224540	1	209405541	209406764
ENSG00000230524	3	15193340	15247466
ENSG00000230456	HSCHR6_MHC_DBB	30839458	30858654
ENSG00000203518	6	17894075	17894300
ENSG00000262719	HSCHR19LRC_PGF2_CTG1	54767831	54767939
ENSG00000232131	6	126119002	126140004
ENSG00000206511	HSCHR6_MHC_QBL	29523310	29600897
ENSG00000213391	X	152871972	152872343
ENSG00000252760	1	111584456	111584547
ENSG00000235548	2	156889759	156890592
ENSG00000244193	3	169663775	169664542
ENSG00000249333	22	22393042	22393525
ENSG00000263702	HSCHR19LRC_PGF2_CTG1	54785989	54786060
ENSG00000253772	5	159674524	159675224
ENSG00000237664	21	46758505	46761905
ENSG00000255185	16	70044654	70099848
ENSG00000250138	5	68927790	68932312
ENSG00000221591	1	57431953	57432035
ENSG00000220920	6	17953803	17954161
ENSG00000231744	9	127360986	127361859
ENSG00000272982	1	111723996	111724113
ENSG00000266167	HSCHR19LRC_PGF2_CTG1	54961459	54961528
ENSG00000250791	4	117410520	117436302
ENSG00000222445	6	126196314	126196644
ENSG00000233691	1	160905327	160905916
ENSG00000073792	3	185361527	185542844
ENSG00000228616	X	152876149	152878380
ENSG00000227935	1	57852248	57853122
ENSG00000253794	22	22398016	22398340
ENSG00000273221	1	111727037	111727683
ENSG00000238543	2	157266656	157266758
ENSG00000270160	11	128484235	128485131
ENSG00000240373	3	169696324	169703503
ENSG00000251920	6	126300958	126301080
ENSG00000186862	10	102767440	102790890
ENSG00000238481	2	157278707	157278811
ENSG00000236040	1	111792876	111799337
ENSG00000225712	1	209441143	209441568
ENSG00000199715	6	18273396	18273497
ENSG00000265304	5	38557604	38557663
ENSG00000204227	6	33176272	33180499
ENSG00000228161	22	22400828	22400989
ENSG00000201342	3	169775089	169775217
ENSG00000258935	14	91033839	91036320
ENSG00000231842	6	126498339	126523385
ENSG00000182048	11	3631131	3658789
ENSG00000232879	1	161004624	161004796
ENSG00000200681	6	18307204	18307310
ENSG00000255465	11	128485762	128491701
ENSG00000228930	21	46796106	46796297
ENSG00000236888	1	58071519	58071878
ENSG00000238012	2	64557620	64559265
ENSG00000238069	2	157634218	157634884
ENSG00000242583	3	169780032	169780739
ENSG00000261846	HSCHR3_1_CTG2_1	151462242	151489665
ENSG00000251189	5	38682172	38685228
ENSG00000196456	7	150065879	150109558
ENSG00000213493	4	117519317	117520767
ENSG00000253874	22	22412845	22413304
ENSG00000255289	8	61573379	61577089
ENSG00000217414	6	18363648	18365654
ENSG00000117394	1	43391052	43424530
ENSG00000235066	2	118752973	118770295
ENSG00000228917	1	161054255	161057361
ENSG00000163067	2	95831177	95850065
ENSG00000236826	HSCHR6_MHC_COX	31752537	31762128
ENSG00000238201	2	64565201	64568781
ENSG00000228355	21	46798116	46799550
ENSG00000249911	5	38710469	38720375
ENSG00000268220	3	169805598	169807378
ENSG00000227940	1	209498801	209501877
ENSG00000245008	11	128499548	128556817
ENSG00000164162	4	145888264	146019693
ENSG00000201752	4	117760435	117760541
ENSG00000238773	1	58222756	58222848
ENSG00000218976	6	18366967	18368875
ENSG00000266931	2	87282781	87282923
ENSG00000213133	6	126579067	126579501
ENSG00000238934	1	161110998	161111126
ENSG00000199536	3	169867633	169867739
ENSG00000271053	4	117779249	117780129
ENSG00000224574	21	46827301	46829980
ENSG00000226430	8	11989926	11991953
ENSG00000132334	10	129705325	129884119
ENSG00000251459	4	58357556	58361399
ENSG00000224985	1	161123550	161129139
ENSG00000200118	3	169962570	169962669
ENSG00000254373	5	159685260	159685592
ENSG00000223605	4	118171080	118171344
ENSG00000253203	5	68790040	69006341
ENSG00000254866	8	12008404	12008643
ENSG00000239628	3	170063466	170071749
ENSG00000224932	4	118235753	118281795
ENSG00000220377	6	52552728	52568623
ENSG00000263548	1	161196976	161197051
ENSG00000263848	2	157871684	157871769
ENSG00000249740	5	38736157	38845931
ENSG00000243654	5	159718795	159719067
ENSG00000231648	1	209541007	209553035
ENSG00000238925	4	58358435	58358539
ENSG00000232859	17	26205340	26221778
ENSG00000235477	1	161337812	161341754
ENSG00000230395	2	87345657	87348103
ENSG00000254703	11	128561567	128565918
ENSG00000213194	2	158067359	158068051
ENSG00000270612	5	159753700	159753976
ENSG00000242578	3	170128300	170136403
ENSG00000241246	9	127369438	127369735
ENSG00000183535	21	46839631	46844985
ENSG00000251049	4	58462106	58472038
ENSG00000203878	1	111822681	111828738
ENSG00000207632	6	126805777	126805859
ENSG00000205879	8	12029711	12036084
ENSG00000224020	9	127420746	127460910
ENSG00000273075	1	161344552	161345130
ENSG00000273185	2	118755517	118757824
ENSG00000201613	6	126911433	126911539
ENSG00000250333	4	58471860	58524966
ENSG00000125450	17	73201754	73231853
ENSG00000241416	3	170213416	170214425
ENSG00000138594	15	52121825	52239492
ENSG00000220548	6	126923502	126924795
ENSG00000236484	1	161348497	161349148
ENSG00000207595	9	127454721	127454830
ENSG00000226759	1	58326204	58346577
ENSG00000249831	4	58586201	58590821
ENSG00000228358	4	118281781	118294008
ENSG00000248577	5	38763260	38764391
ENSG00000213174	3	170371635	170372048
ENSG00000255369	11	128750220	128750563
ENSG00000248660	4	58969313	58969600
ENSG00000238458	6	18402182	18402283
ENSG00000212597	11	128863132	128863235
ENSG00000262230	HSCHR3_1_CTG2_1	151352138	151352251
ENSG00000207775	6	18572015	18572111
ENSG00000144395	2	197504278	197628214
ENSG00000222404	2	158155319	158155670
ENSG00000204866	19	46646363	46664556
ENSG00000244738	3	170374351	170379912
ENSG00000206847	11	128900354	128900467
ENSG00000249105	4	58983924	58984236
ENSG00000207737	9	127455989	127456077
ENSG00000262411	HSCHR3_1_CTG2_1	151354962	151375744
ENSG00000249889	8	12036206	12040228
ENSG00000230937	1	209602165	209606183
ENSG00000230562	2	158236236	158236926
ENSG00000199260	11	129072861	129072965
ENSG00000233922	21	47013568	47017005
ENSG00000239739	3	170458140	170459154
ENSG00000217379	6	19143926	19144391
ENSG00000250629	5	38783682	38792856
ENSG00000262466	HSCHR3_1_CTG2_1	151479769	151656501
ENSG00000255259	11	129165181	129166376
ENSG00000236643	9	127532402	127535206
ENSG00000206921	1	161371079	161371185
ENSG00000271904	5	87729709	87794514
ENSG00000117983	11	1244296	1283406
ENSG00000188368	19	42806250	42814973
ENSG00000222411	3	170559884	170559961
ENSG00000249089	5	39022513	39022660
ENSG00000250340	4	59390680	59402493
ENSG00000215840	1	161375858	161376872
ENSG00000240704	3	170670639	170671686
ENSG00000120256	6	150139934	150186199
ENSG00000217325	6	126964634	126965536
ENSG00000250078	4	59428330	59431287
ENSG00000216054	2	158298062	158298151
ENSG00000251215	5	39169312	39170437
ENSG00000259664	15	97913601	97971182
ENSG00000242841	3	63082050	63083387
ENSG00000234584	2	158582220	158592517
ENSG00000251339	4	59646791	59849870
ENSG00000240121	11	129407764	129408009
ENSG00000224455	HSCHR6_MHC_MCF	33388442	33410197
ENSG00000137040	9	6011043	6015618
ENSG00000215934	2	158711782	158711858
ENSG00000257538	HSCHR6_MHC_QBL	32547665	32562350
ENSG00000251729	15	98015356	98015482
ENSG00000254885	11	78902603	78904205
ENSG00000227923	7	62814411	62814743
ENSG00000270557	2	158734195	158735077
ENSG00000273112	1	161482966	161574889
ENSG00000217404	6	127004181	127004992
ENSG00000199488	3	170712659	170712822
ENSG00000259524	15	98058517	98065041
ENSG00000207963	3	170824453	170824548
ENSG00000255188	11	129657959	129658085
ENSG00000211997	11	79113066	79113153
ENSG00000240359	3	63188894	63189124
ENSG00000229301	7	62814835	62819684
ENSG00000251980	2	158769284	158769397
ENSG00000264297	2	64567893	64567973
ENSG00000199313	9	127649689	127649828
ENSG00000222506	3	171157315	171157416
ENSG00000266570	11	79133213	79133270
ENSG00000233220	11	129872833	129874251
ENSG00000271320	2	158774224	158774883
ENSG00000240497	3	171185873	171187422
ENSG00000252662	3	63320463	63320543
ENSG00000231662	6	19290550	19321252
ENSG00000224203	1	161506361	161507948
ENSG00000236148	2	64574327	64574875
ENSG00000271334	5	39520533	39524810
ENSG00000259582	15	98096514	98103932
ENSG00000236284	7	62827805	62828534
ENSG00000255209	11	79316011	79323344
ENSG00000229283	1	111860222	111866603
ENSG00000241359	3	63409272	63535727
ENSG00000204745	2	87352513	87423770
ENSG00000255057	11	129878481	129879660
ENSG00000264641	9	127659112	127659211
ENSG00000218643	6	19348412	19349307
ENSG00000207114	3	171222034	171222140
ENSG00000251266	4	59850000	59912677
ENSG00000232240	1	111866455	111866697
ENSG00000228937	2	158817922	158819400
ENSG00000221551	11	79403423	79403573
ENSG00000239118	16	70064249	70064325
ENSG00000230361	7	62837707	62838611
ENSG00000229887	1	58513847	58514963
ENSG00000234594	3	171252212	171252404
ENSG00000252301	3	63531116	63531211
ENSG00000151623	4	148999913	149365850
ENSG00000259870	15	98419519	98421616
ENSG00000254471	11	79698556	79700673
ENSG00000259163	14	91108982	91115238
ENSG00000184814	3	138737873	138739768
ENSG00000177736	9	127730573	127731223
ENSG00000163794	2	27530268	27531313
ENSG00000230600	7	62840844	62846167
ENSG00000167117	17	48838390	48844918
ENSG00000251768	6	127639028	127639118
ENSG00000206302	HSCHR6_MHC_QBL	32555534	32563145
ENSG00000238359	3	171411001	171411104
ENSG00000249382	4	59852905	59853878
ENSG00000201523	6	19438514	19438649
ENSG00000259478	15	98525739	98534372
ENSG00000224479	3	63727969	63813121
ENSG00000268584	10	75385754	75386548
ENSG00000177468	6	137813336	137815531
ENSG00000212410	2	158842301	158842406
ENSG00000124343	X	2670091	2734539
ENSG00000254434	11	80032664	80038955
ENSG00000234717	3	171594142	171618530
ENSG00000196159	4	126237554	126414087
ENSG00000213131	6	127676901	127677934
ENSG00000226786	6	19535175	19839311
ENSG00000232630	9	127912932	127913868
ENSG00000224515	1	161526080	161526868
ENSG00000255262	11	129902759	129903115
ENSG00000231158	2	158922057	158922571
ENSG00000234020	1	111895897	111910031
ENSG00000249912	7	142403511	142403995
ENSG00000232817	7	62849186	62854035
ENSG00000200146	11	80239004	80239110
ENSG00000235943	3	171612226	171613030
ENSG00000235332	9	127956928	127958100
ENSG00000223416	1	58521805	58522152
ENSG00000237327	2	158984469	158990500
ENSG00000225217	1	161576081	161578007
ENSG00000255014	11	80364473	80365032
ENSG00000241911	7	142419212	142419752
ENSG00000258483	15	98563824	98565007
ENSG00000239705	9	128003942	128019297
ENSG00000214012	6	19612986	19614267
ENSG00000244273	7	142430182	142430588
ENSG00000237483	3	171943218	171943662
ENSG00000250375	4	59912738	59940974
ENSG00000261663	16	2290488	2291819
ENSG00000272791	10	75390314	75391248
ENSG00000233701	3	138760944	138763734
ENSG00000227480	2	159023162	159092681
ENSG00000255535	11	129910260	129910966
ENSG00000258437	14	91141462	91142638
ENSG00000109445	4	142142041	142155851
ENSG00000167619	19	42817477	42829214
ENSG00000223935	2	64622354	64680932
ENSG00000255178	11	80462243	80473869
ENSG00000252477	15	98569271	98569368
ENSG00000207715	16	2317788	2317881
ENSG00000214593	9	128026124	128026369
ENSG00000249111	4	60018552	60041864
ENSG00000259199	15	98589896	98836406
ENSG00000234890	2	159276467	159281815
ENSG00000215565	11	129952103	129952367
ENSG00000266265	HG1308_PATCH	130394889	130397715
ENSG00000235038	1	58525811	58545946
ENSG00000258716	14	91163677	91165718
ENSG00000260778	16	2318156	2323419
ENSG00000199780	4	60399504	60399616
ENSG00000171408	6	136172834	136516712
ENSG00000201279	11	3685045	3685141
ENSG00000254437	11	80668360	80668677
ENSG00000145979	6	13266774	13328815
ENSG00000244451	11	129952390	129952676
ENSG00000271848	10	75413797	75434477
ENSG00000243398	3	171955116	171955384
ENSG00000200201	11	3686394	3686489
ENSG00000243723	2	159303676	159303973
ENSG00000249392	4	60416860	60496042
ENSG00000222361	15	98617896	98617992
ENSG00000200554	9	128066199	128066305
ENSG00000238686	11	3713273	3713375
ENSG00000251721	2	159390712	159390796
ENSG00000266212	HG1308_PATCH	130121332	130124233
ENSG00000213315	14	91232875	91233333
ENSG00000254747	11	81263268	81263558
ENSG00000231586	1	161587782	161589375
ENSG00000230546	1	58550091	58550231
ENSG00000188293	19	46733009	46734500
ENSG00000227845	9	128134604	128135045
ENSG00000251934	11	3736002	3736105
ENSG00000259611	15	98628856	98646941
ENSG00000249892	4	60633534	60657832
ENSG00000227331	2	159404937	159405736
ENSG00000220744	6	127683658	127684548
ENSG00000217314	6	19638271	19639039
ENSG00000233216	1	58694354	58694675
ENSG00000248702	17	48874727	48875012
ENSG00000238304	11	3802625	3802686
ENSG00000271133	7	20367922	20371370
ENSG00000258884	14	91288709	91294472
ENSG00000250404	11	3837982	3843130
ENSG00000266643	16	2320714	2320773
ENSG00000161326	17	35849937	35873603
ENSG00000224260	1	209701800	209741018
ENSG00000255358	11	130154918	130155728
ENSG00000258491	14	51171061	51172229
ENSG00000242288	10	75434053	75490272
ENSG00000270209	1	59018585	59019005
ENSG00000255316	11	81266952	81267467
ENSG00000201676	4	60698893	60698994
ENSG00000264004	16	2324621	2324692
ENSG00000204380	2	159514849	159591514
ENSG00000259266	15	98661400	98661549
ENSG00000243845	9	128275183	128275486
ENSG00000252644	14	91557421	91557482
ENSG00000240549	3	63846321	63847495
ENSG00000201775	4	60699781	60699885
ENSG00000137033	9	6215805	6257983
ENSG00000228661	11	3875548	3876739
ENSG00000264128	1	59031301	59031604
ENSG00000243445	16	2382314	2382733
ENSG00000227068	9	128329858	128335302
ENSG00000221102	14	91592769	91592897
ENSG00000171103	2	29072687	29093167
ENSG00000216027	4	61529667	61529756
ENSG00000200957	6	19642656	19642760
ENSG00000207513	1	16993280	16993443
ENSG00000185839	1	59096513	59097202
ENSG00000266343	14	91614372	91614663
ENSG00000249066	4	61616304	61655717
ENSG00000255220	11	130165536	130166841
ENSG00000229368	11	3875842	3876629
ENSG00000214761	9	128357948	128358907
ENSG00000270701	11	81553477	81553711
ENSG00000237404	6	19690056	19753344
ENSG00000260810	14	91724643	91725347
ENSG00000200753	7	20416954	20417024
ENSG00000264742	1	17007750	17007823
ENSG00000228586	2	159542415	159610287
ENSG00000220522	6	127737680	127738097
ENSG00000248237	4	61649833	61650414
ENSG00000118503	6	138188351	138204449
ENSG00000233911	HSCHR6_MHC_COX	31119738	31131037
ENSG00000179460	7	20621695	20622829
ENSG00000236698	1	17012116	17012550
ENSG00000245832	11	81590893	82429124
ENSG00000234211	1	161641768	161644614
ENSG00000224463	2	203096419	203096572
ENSG00000241439	3	125677399	125677660
ENSG00000128731	15	28356186	28567298
ENSG00000231675	2	159559799	159559972
ENSG00000227116	6	19730658	19734798
ENSG00000222168	1	59187951	59188044
ENSG00000265829	4	61788337	61788402
ENSG00000130701	20	60985293	61002589
ENSG00000238098	16	2389151	2476700
ENSG00000264081	1	59230521	59230607
ENSG00000270062	14	51190495	51190990
ENSG00000248607	3	125775766	125777071
ENSG00000272412	11	130180075	130180369
ENSG00000243792	2	159710267	159711088
ENSG00000240152	4	62009374	62019680
ENSG00000269353	19	41452252	41453355
ENSG00000234807	1	59250823	59365384
ENSG00000173575	15	93426526	93571237
ENSG00000265911	3	125787907	125787990
ENSG00000229582	9	128506033	128508831
ENSG00000271227	6	52553459	52553796
ENSG00000220694	6	127756781	127757334
ENSG00000258843	14	51288598	51290219
ENSG00000175773	11	130184888	130263688
ENSG00000213075	1	161653485	161655042
ENSG00000266389	17	8869213	8870387
ENSG00000228412	6	19802395	19804983
ENSG00000231525	7	20628613	20629708
ENSG00000251491	2	159718823	159719797
ENSG00000250012	3	125803063	125814192
ENSG00000166839	15	65204101	65251042
ENSG00000212534	2	203141154	203141241
ENSG00000237674	6	52604388	52609454
ENSG00000265975	17	8870840	8880312
ENSG00000211934	14	106452671	106453170
ENSG00000271816	10	75458909	75490245
ENSG00000143970	2	25956622	26101385
ENSG00000264110	11	81601783	81601878
ENSG00000232413	9	128819859	128921892
ENSG00000252945	14	51311343	51311430
ENSG00000241261	4	62077370	62077921
ENSG00000249106	4	176711458	176733340
ENSG00000212309	2	203142831	203142915
ENSG00000272226	1	59278480	59279014
ENSG00000213908	19	41530172	41533625
ENSG00000188668	2	159731154	159732182
ENSG00000254511	11	81682036	81698855
ENSG00000258687	14	51314840	51332377
ENSG00000268869	1	17013834	17046652
ENSG00000250218	3	125822483	125826912
ENSG00000271852	2	203156055	203156144
ENSG00000262966	17	9074385	9082435
ENSG00000228392	9	129032400	129038197
ENSG00000231740	1	59304120	59316926
ENSG00000205682	4	62285964	62293939
ENSG00000252592	11	82283051	82283122
ENSG00000203814	1	149754245	149783928
ENSG00000255155	11	130414538	130414751
ENSG00000258745	14	51378944	51380076
ENSG00000219284	6	127954103	127956466
ENSG00000238317	2	203157772	203157859
ENSG00000087095	17	26368763	26523407
ENSG00000223866	7	20681181	20681571
ENSG00000222300	2	159792310	159792497
ENSG00000270143	19	15346330	15346819
ENSG00000255246	11	82314785	82354461
ENSG00000226439	4	62641167	62641568
ENSG00000264275	2	203198162	203198451
ENSG00000108100	10	35535953	35860852
ENSG00000243667	2	68350068	68384692
ENSG00000232453	1	59348540	59362375
ENSG00000213189	2	159860287	159861065
ENSG00000263708	17	9186491	9208968
ENSG00000236616	11	130416694	130417324
ENSG00000211935	14	106471246	106471723
ENSG00000226261	2	203200747	203201450
ENSG00000253079	9	129170320	129170689
ENSG00000272020	3	125879126	125879288
ENSG00000010030	6	36322419	36356164
ENSG00000272140	10	75463493	75473339
ENSG00000270802	19	15449759	15450048
ENSG00000218187	6	127976005	127976423
ENSG00000264831	1	209796789	209796855
ENSG00000227097	11	82400571	82400944
ENSG00000199595	1	161669296	161669397
ENSG00000252985	9	129189172	129189249
ENSG00000225751	17	9355514	9373331
ENSG00000246022	3	125898908	125929012
ENSG00000241347	1	161705598	161705889
ENSG00000255352	11	130659126	130660920
ENSG00000233721	9	129278696	129281087
ENSG00000202169	4	62772031	62772126
ENSG00000143878	2	20646835	20649200
ENSG00000227591	1	209834709	209897470
ENSG00000202029	2	159883548	159883654
ENSG00000260212	6	127980569	127981483
ENSG00000226889	1	161735115	161736017
ENSG00000226878	2	159912606	159913371
ENSG00000228121	1	59465348	59466166
ENSG00000273218	19	15456879	15459228
ENSG00000226078	9	129289897	129292622
ENSG00000229700	6	20042686	20043171
ENSG00000173039	11	65421067	65430565
ENSG00000255382	11	82502704	82528188
ENSG00000268189	19	15489887	15492005
ENSG00000248249	4	176883212	176883636
ENSG00000221768	9	129293194	129293270
ENSG00000229808	1	161860623	161861986
ENSG00000211936	14	106478110	106478603
ENSG00000184432	3	139074442	139108574
ENSG00000252072	10	75466248	75466371
ENSG00000217228	6	52630078	52643145
ENSG00000236136	1	209917718	209918559
ENSG00000248692	4	62937470	63031272
ENSG00000165732	10	70715884	70744829
ENSG00000221173	9	129338809	129338909
ENSG00000262815	17	9368059	9370739
ENSG00000230812	1	59486059	59510286
ENSG00000224005	10	75473354	75473609
ENSG00000036257	2	225334867	225450110
ENSG00000254842	11	130714086	130735456
ENSG00000272966	2	203201462	203201923
ENSG00000223642	2	160242878	160261147
ENSG00000269782	19	15560359	15560419
ENSG00000255063	11	82516396	82517551
ENSG00000219699	6	127980835	127981724
ENSG00000250372	4	176933189	176935568
ENSG00000263051	17	9450615	9451858
ENSG00000227803	6	20212318	20317970
ENSG00000219451	7	20866945	20867372
ENSG00000242696	2	203221844	203222140
ENSG00000232222	1	209960324	209961038
ENSG00000224842	9	129351873	129375979
ENSG00000236012	1	111922913	111923193
ENSG00000269765	19	15626153	15627647
ENSG00000263860	17	28877511	28878207
ENSG00000271851	17	9456640	9459013
ENSG00000273456	2	203239655	203240327
ENSG00000241183	16	70113032	70113527
ENSG00000237684	4	118334618	118335435
ENSG00000242338	10	75475601	75490227
ENSG00000240869	6	20421812	20422118
ENSG00000227818	1	162008806	162009357
ENSG00000253522	5	159895275	159914433
ENSG00000250934	3	125985639	126010122
ENSG00000253452	8	35719641	35828183
ENSG00000252949	6	20422549	20422632
ENSG00000270915	2	203369735	203370066
ENSG00000203706	1	210404801	210407392
ENSG00000183598	1	149784826	149785236
ENSG00000241654	17	9493219	9493799
ENSG00000264242	17	28880715	28885980
ENSG00000236922	4	118349552	118612343
ENSG00000264130	4	176959234	176959339
ENSG00000266144	1	162126897	162126972
ENSG00000224707	6	20438052	20440409
ENSG00000236047	2	203385124	203385712
ENSG00000254441	11	82546551	82548264
ENSG00000241042	1	59520069	59521721
ENSG00000201516	4	177019314	177019436
ENSG00000247228	16	70190243	70207351
ENSG00000227094	1	162286642	162287584
ENSG00000211937	14	106494135	106494597
ENSG00000222431	6	20452600	20452704
ENSG00000251448	3	126007710	126012867
ENSG00000248980	4	177229419	177241609
ENSG00000102981	16	67694849	67696681
ENSG00000102030	X	153194695	153200676
ENSG00000272895	2	118756321	118757056
ENSG00000235215	1	59521671	59543788
ENSG00000201683	6	20500406	20500507
ENSG00000202304	X	129444046	129444152
ENSG00000252262	1	162308433	162308532
ENSG00000243510	2	118773958	118774243
ENSG00000270893	2	160300628	160301424
ENSG00000225832	6	20722559	20723886
ENSG00000225046	X	129464831	129465043
ENSG00000207729	1	162312336	162312430
ENSG00000131238	1	40538379	40563375
ENSG00000255455	11	130736149	130740142
ENSG00000227179	1	111925482	111934441
ENSG00000269516	19	15674885	15695520
ENSG00000227945	6	128349031	128406393
ENSG00000237352	1	59522315	59553867
ENSG00000213492	4	118495667	118497329
ENSG00000249833	3	126111875	126113694
ENSG00000225369	2	160318928	160319767
ENSG00000226856	2	118889704	118943962
ENSG00000227243	1	162415339	162415676
ENSG00000248480	4	177552543	177554382
ENSG00000207117	2	160392755	160392857
ENSG00000183941	1	149804221	149811339
ENSG00000242673	11	130874025	130874324
ENSG00000253524	8	35861834	35952564
ENSG00000227941	1	162511122	162511418
ENSG00000228972	6	128752086	128753913
ENSG00000248388	4	177590772	177627299
ENSG00000224152	2	160471807	160473593
ENSG00000233848	6	20756334	20800925
ENSG00000238995	11	82554927	82555027
ENSG00000221516	11	130981830	130981910
ENSG00000224609	1	59597608	59664293
ENSG00000261145	16	70236257	70236362
ENSG00000225405	4	62971378	62971767
ENSG00000229565	4	118755556	118791103
ENSG00000228110	1	210438981	210440587
ENSG00000182404	6	128768543	128770446
ENSG00000242279	11	82668465	82669258
ENSG00000236129	11	131056917	131059648
ENSG00000259788	1	162530017	162531098
ENSG00000266775	17	28884750	28885520
ENSG00000229702	X	129611043	129658231
ENSG00000224733	6	128821672	128822321
ENSG00000238010	9	129403035	129403572
ENSG00000272574	1	162562893	162563544
ENSG00000268101	19	41556354	41568349
ENSG00000249458	4	177787768	177796611
ENSG00000252046	6	20993705	20993799
ENSG00000251463	4	119114560	119115906
ENSG00000207389	1	17067011	17067174
ENSG00000118960	2	20760208	20850849
ENSG00000227125	11	131074894	131085058
ENSG00000123124	8	87354967	87490649
ENSG00000087460	20	57414773	57486247
ENSG00000265237	5	159901409	159901490
ENSG00000259928	17	28891075	28892594
ENSG00000254698	11	82674723	82750157
ENSG00000255500	11	50227332	50228444
ENSG00000226266	2	160527219	160568946
ENSG00000227089	6	21354642	21355527
ENSG00000243173	1	162747520	162747802
ENSG00000166477	15	52230222	52264003
ENSG00000227112	6	128826270	128827421
ENSG00000185522	11	554855	560779
ENSG00000223619	2	203478937	203479427
ENSG00000253687	5	160040880	160066190
ENSG00000250263	4	177796856	177801759
ENSG00000254522	11	82751848	82752445
ENSG00000227684	1	17076728	17077459
ENSG00000237612	11	131104433	131121711
ENSG00000241344	4	63114012	63114488
ENSG00000261556	16	70253477	70279519
ENSG00000196865	10	115614420	115676953
ENSG00000255042	11	50246832	50254505
ENSG00000239192	5	160091594	160091688
ENSG00000231754	6	21522707	21524003
ENSG00000230739	1	162794585	162819257
ENSG00000222859	4	178102596	178102895
ENSG00000270457	1	59754975	59755312
ENSG00000269893	4	119199864	119200978
ENSG00000213130	6	128901258	128902029
ENSG00000233455	1	210477029	210477885
ENSG00000250249	4	63157280	63158055
ENSG00000231870	17	28894718	28898766
ENSG00000196296	16	28889726	28915830
ENSG00000254391	5	160112358	160119896
ENSG00000271299	19	41579709	41580012
ENSG00000249084	4	178264158	178278186
ENSG00000266150	1	60198899	60198968
ENSG00000231698	11	131123317	131220812
ENSG00000226883	1	60220419	60254854
ENSG00000254309	8	35978916	35979201
ENSG00000200972	1	210547498	210547611
ENSG00000269909	9	129462577	129463312
ENSG00000250131	4	178366133	178598280
ENSG00000233888	2	203479576	203480252
ENSG00000258910	2	119591276	119592686
ENSG00000231816	1	60238467	60254520
ENSG00000220771	6	21602359	21602614
ENSG00000270936	1	210635689	210636356
ENSG00000252663	8	36124003	36124282
ENSG00000266005	2	101172512	101172782
ENSG00000255001	11	50249920	50250104
ENSG00000207221	11	82752506	82752640
ENSG00000248847	4	63355213	63355936
ENSG00000238328	2	101193931	101194019
ENSG00000253504	8	36135281	36136404
ENSG00000268529	19	41640627	41643213
ENSG00000230783	2	160545728	160546802
ENSG00000259320	15	98665792	98674836
ENSG00000235433	2	203480492	203481163
ENSG00000254518	11	50257750	50263827
ENSG00000227259	2	101207612	101207786
ENSG00000224668	1	211032519	211035627
ENSG00000254384	8	36136478	36137001
ENSG00000201931	4	178378265	178378382
ENSG00000253417	5	160358785	160365633
ENSG00000265839	2	101217328	101217618
ENSG00000227055	2	160668745	160670520
ENSG00000259041	15	98825304	98829136
ENSG00000221499	4	178465631	178465718
ENSG00000248336	4	63376187	63376489
ENSG00000253685	8	36137009	36137214
ENSG00000186715	1	17081405	17096732
ENSG00000265535	1	60440431	60440726
ENSG00000234988	2	101223490	101225820
ENSG00000251416	4	178607827	178612222
ENSG00000265085	4	63461095	63461180
ENSG00000252465	2	161253340	161253479
ENSG00000229332	1	60563087	60563648
ENSG00000253610	8	36165763	36165882
ENSG00000111331	12	113376157	113411054
ENSG00000259507	15	99010069	99010641
ENSG00000221002	5	160657057	160657154
ENSG00000234233	1	211305930	211306716
ENSG00000180673	4	63682544	63684512
ENSG00000246067	11	82783108	82817761
ENSG00000263948	2	161264321	161264393
ENSG00000254840	11	50266852	50320877
ENSG00000259094	2	119706882	119710559
ENSG00000238242	1	60580547	60615351
ENSG00000266403	9	129480522	129480612
ENSG00000259424	15	99190180	99190600
ENSG00000221930	X	129628939	129630562
ENSG00000244372	2	161734058	161734359
ENSG00000272168	6	21665003	22214734
ENSG00000250329	5	127445178	127446686
ENSG00000223622	6	52670411	52678258
ENSG00000234004	1	211346819	211347193
ENSG00000228487	9	129976314	129984186
ENSG00000253403	5	161114353	161116414
ENSG00000170777	9	6328349	6331900
ENSG00000251504	4	178650792	178829090
ENSG00000232337	2	161905117	161907057
ENSG00000251055	4	63994029	64009599
ENSG00000226476	1	61005921	61106163
ENSG00000206982	6	128905535	128905636
ENSG00000264480	15	99327655	99327731
ENSG00000237542	2	203481423	203481935
ENSG00000224476	19	41675766	41676071
ENSG00000231442	4	64215832	64217190
ENSG00000264833	2	119927398	119927691
ENSG00000238938	6	128934346	128934452
ENSG00000259621	15	99423888	99436764
ENSG00000231252	1	61125303	61291256
ENSG00000118990	5	161178454	161178774
ENSG00000224467	2	161952742	162016735
ENSG00000226034	2	101276661	101277140
ENSG00000220110	6	128960333	128960798
ENSG00000159086	21	34106210	34144169
ENSG00000257213	HSCHR6_MHC_QBL	32624040	32627805
ENSG00000250775	4	64334419	64359996
ENSG00000227667	1	162949341	162949583
ENSG00000207290	5	127706792	127706905
ENSG00000259475	15	99497378	99646030
ENSG00000229867	2	120001998	120006647
ENSG00000248634	5	127999671	128078522
ENSG00000183624	3	128997671	129025029
ENSG00000206871	8	36167102	36167208
ENSG00000252104	4	65263412	65263505
ENSG00000252388	4	178752503	178752589
ENSG00000233134	2	203482007	203482350
ENSG00000254320	8	36178557	36178922
ENSG00000253000	4	179037875	179038015
ENSG00000235724	2	162079296	162111179
ENSG00000234169	2	101286354	101292500
ENSG00000229369	9	130062372	130063261
ENSG00000115204	2	27532360	27548547
ENSG00000250768	4	65296627	65298933
ENSG00000237928	1	61405911	61436448
ENSG00000261054	15	99669037	99672011
ENSG00000241877	4	179207849	179208439
ENSG00000226060	HSCHR6_MHC_DBB	30142515	30171491
ENSG00000232892	1	163131465	163182813
ENSG00000223562	1	211355498	211356446
ENSG00000225103	HSCHR6_MHC_QBL	32637805	32643664
ENSG00000254173	5	161851384	161854351
ENSG00000253363	8	36394909	36636682
ENSG00000264423	19	41696852	41697134
ENSG00000250591	7	142468264	142471794
ENSG00000264563	5	128433381	128433459
ENSG00000201727	4	179327849	179327984
ENSG00000214883	11	50368213	50381487
ENSG00000267135	19	15722434	15722720
ENSG00000261616	15	99679522	99685575
ENSG00000231013	2	120234024	120244922
ENSG00000269652	19	41727331	41727956
ENSG00000212191	4	179607040	179607110
ENSG00000228488	2	101338683	101339344
ENSG00000226986	1	211380389	211381286
ENSG00000225755	1	163207004	163208987
ENSG00000259921	15	99697436	99701345
ENSG00000250839	4	179990591	179990748
ENSG00000202200	6	129082862	129082953
ENSG00000225067	19	15722467	15722934
ENSG00000239868	19	41792320	41792599
ENSG00000265691	5	128732755	128732840
ENSG00000206069	22	25331077	25342662
ENSG00000244708	8	36438698	36439109
ENSG00000264771	15	99797744	99797875
ENSG00000250993	4	180310288	180386459
ENSG00000251430	4	65472136	65472331
ENSG00000268987	19	41905277	41906270
ENSG00000232034	2	101439123	101463682
ENSG00000271677	X	129679560	129680448
ENSG00000220884	6	129250140	129251133
ENSG00000259706	15	99797837	99800220
ENSG00000251385	4	65473421	65474549
ENSG00000268475	19	41931264	41932142
ENSG00000248921	4	180778006	180778734
ENSG00000221488	1	211384331	211384424
ENSG00000241221	2	203482418	203482710
ENSG00000249421	5	128795252	128796382
ENSG00000201474	5	161904897	161904999
ENSG00000260948	1	111973668	111975690
ENSG00000245526	5	87803363	87986858
ENSG00000271833	9	130129049	130129676
ENSG00000233209	HSCHR6_MHC_DBB	32602484	32612425
ENSG00000199985	8	36621963	36622069
ENSG00000251025	4	181494617	181495180
ENSG00000254186	5	161985691	162050467
ENSG00000227403	2	162101250	162105561
ENSG00000233337	1	111980136	111980659
ENSG00000267107	19	41960074	42006559
ENSG00000219491	8	36746000	36746825
ENSG00000230140	2	101589110	101593623
ENSG00000230375	6	52712708	52735127
ENSG00000266951	19	15724058	15725364
ENSG00000153363	1	211556145	211605878
ENSG00000232995	1	163214295	163291684
ENSG00000254351	5	162188839	162189319
ENSG00000124440	19	46800303	46846690
ENSG00000130700	20	61038553	61051026
ENSG00000133063	1	203181955	203242769
ENSG00000264637	11	51264009	51264094
ENSG00000265553	2	120328476	120328576
ENSG00000265211	X	50388118	50388209
ENSG00000243960	1	111981260	111983986
ENSG00000201302	9	130210780	130210909
ENSG00000255078	11	51393464	51394433
ENSG00000263380	1	61549127	61549202
ENSG00000238188	X	129779697	129780299
ENSG00000222303	X	50392641	50392740
ENSG00000251680	5	128836054	129241610
ENSG00000250061	5	162439271	162864332
ENSG00000227454	2	203482706	203483604
ENSG00000200788	9	130233154	130233266
ENSG00000270742	1	61590405	61590874
ENSG00000249883	4	181652317	181680191
ENSG00000226881	X	50648438	50648866
ENSG00000199890	1	111989420	111989530
ENSG00000264329	9	130452966	130453074
ENSG00000243503	8	36845495	36845930
ENSG00000255349	11	51425921	51426830
ENSG00000268034	19	42012068	42012814
ENSG00000200360	1	112032939	112033045
ENSG00000255503	11	82783444	82808238
ENSG00000248197	4	181985242	182080302
ENSG00000266637	8	12038198	12038263
ENSG00000265856	14	91800057	91800167
ENSG00000254038	8	36924959	36926936
ENSG00000231346	1	112142277	112151345
ENSG00000238190	X	50674114	50674548
ENSG00000255010	11	82817622	82818003
ENSG00000227547	11	51451070	51451982
ENSG00000258798	14	91884610	91887520
ENSG00000255495	8	12051976	12053789
ENSG00000225813	2	162138413	162139129
ENSG00000237853	1	61714617	61719182
ENSG00000222515	6	22085773	22086147
ENSG00000269800	19	42027403	42028349
ENSG00000223947	2	101610138	101618706
ENSG00000228659	X	130115564	130192120
ENSG00000248770	4	182158511	182158717
ENSG00000260455	6	22135186	22147422
ENSG00000174197	15	41913422	42062141
ENSG00000254965	11	82822102	82822484
ENSG00000258446	14	91885793	91886095
ENSG00000254527	8	12063268	12063898
ENSG00000229326	2	120456199	120457733
ENSG00000266070	9	130548112	130548202
ENSG00000221562	5	129310584	129310694
ENSG00000249460	4	182182314	182186182
ENSG00000232320	2	162197325	162197837
ENSG00000219642	6	129478668	129480265
ENSG00000253650	8	36952668	36952908
ENSG00000199455	5	129450102	129450203
ENSG00000219404	6	22213535	22214466
ENSG00000203811	1	149811110	149812765
ENSG00000260095	16	2502582	2502978
ENSG00000230671	4	119321669	119321989
ENSG00000268295	14	92069517	92069777
ENSG00000227493	X	50773422	50774357
ENSG00000215867	1	112190913	112192166
ENSG00000237215	8	12147580	12153689
ENSG00000254464	11	51455830	51456700
ENSG00000225356	4	182443813	182444154
ENSG00000271532	2	101684840	101685118
ENSG00000233311	2	203483908	203484619
ENSG00000268355	19	42037566	42038534
ENSG00000253123	8	37188190	37189502
ENSG00000221590	2	162206728	162206871
ENSG00000260874	16	2506253	2509980
ENSG00000261568	6	22221010	22222624
ENSG00000264551	1	62094703	62094793
ENSG00000186526	19	15726029	15741448
ENSG00000255051	11	82843098	82845779
ENSG00000237333	HSCHR6_MHC_SSTO	31697728	31720408
ENSG00000248610	5	129475724	129477643
ENSG00000271924	2	162266065	162266181
ENSG00000251336	4	182741172	182751126
ENSG00000223920	1	62119866	62120580
ENSG00000163328	2	175296966	175351822
ENSG00000260049	6	22260653	22318027
ENSG00000258774	14	92070746	92071663
ENSG00000252535	8	12191153	12191202
ENSG00000225032	9	130578345	130584799
ENSG00000224076	2	162279170	162280088
ENSG00000253746	8	37262957	37264242
ENSG00000114670	3	130745694	131069309
ENSG00000254623	8	12198935	12203285
ENSG00000154608	4	119388745	119476483
ENSG00000254769	11	51458685	51459614
ENSG00000223643	1	17177752	17179624
ENSG00000270164	19	42041545	42043266
ENSG00000271200	1	62207670	62208096
ENSG00000241198	X	130268062	130268364
ENSG00000228772	6	22589366	22594062
ENSG00000237793	X	152927611	152928147
ENSG00000230926	X	50825664	50834074
ENSG00000200575	1	62282091	62282194
ENSG00000259895	16	2514951	2518214
ENSG00000256211	12	17142060	17142870
ENSG00000204427	6	31654726	31671221
ENSG00000258962	14	92175455	92176961
ENSG00000212360	1	62318171	62318274
ENSG00000201028	1	112193053	112193159
ENSG00000233358	6	22744624	23032009
ENSG00000237756	1	163229640	163230449
ENSG00000260293	16	2526559	2527062
ENSG00000255560	11	51461564	51462160
ENSG00000251621	2	162280526	162285285
ENSG00000230317	X	50838690	50914232
ENSG00000236646	1	62504514	62504783
ENSG00000253161	8	37278859	37411701
ENSG00000236809	1	211590367	211591276
ENSG00000215339	8	12213645	12216900
ENSG00000265860	2	101710031	101710285
ENSG00000254676	11	82891186	82895562
ENSG00000227811	1	112282463	112290420
ENSG00000183558	1	149813505	149814478
ENSG00000266232	16	2581923	2582006
ENSG00000252740	1	163355655	163355726
ENSG00000218476	6	23102908	23103774
ENSG00000272902	2	101768122	101771872
ENSG00000230239	1	17181902	17185779
ENSG00000197077	22	25348697	25593415
ENSG00000255312	11	51483325	51484243
ENSG00000226121	2	162357396	162364216
ENSG00000261252	1	211608414	211608675
ENSG00000225122	1	163392195	163392954
ENSG00000212283	2	101889398	101889511
ENSG00000238137	1	211615616	211616148
ENSG00000222421	9	130594914	130595022
ENSG00000242860	1	62538120	62538411
ENSG00000232790	7	20875050	21062767
ENSG00000206353	HSCHR6_MHC_QBL	31917249	31927920
ENSG00000230845	6	52737812	52744738
ENSG00000263954	5	129613318	129613386
ENSG00000222296	9	130596230	130596321
ENSG00000147854	9	6413151	6507054
ENSG00000263908	1	62544458	62544531
ENSG00000240761	2	203638443	203639083
ENSG00000238570	2	162415054	162415156
ENSG00000264857	2	101925912	101925996
ENSG00000223649	1	211665597	211666259
ENSG00000237610	11	51526871	51527800
ENSG00000234204	1	62654803	62655625
ENSG00000226946	2	162425012	162426695
ENSG00000207394	6	23125209	23125315
ENSG00000200327	1	163438286	163438395
ENSG00000254432	8	61721294	61722165
ENSG00000105429	19	42829761	42882921
ENSG00000252514	5	129722314	129722373
ENSG00000247137	11	82895533	82904836
ENSG00000237217	2	64677230	64677658
ENSG00000200042	14	92181260	92181474
ENSG00000268027	19	42051554	42061832
ENSG00000235743	6	23337939	23346788
ENSG00000212527	1	163479274	163479385
ENSG00000235716	2	162436582	162437860
ENSG00000226058	2	101992049	101992517
ENSG00000261314	1	211756357	211757067
ENSG00000260711	14	92223103	92226142
ENSG00000263811	1	17185444	17185516
ENSG00000252554	6	129758020	129758125
ENSG00000228289	1	163738576	163738928
ENSG00000233579	2	203705054	203706504
ENSG00000223863	2	64713487	64728038
ENSG00000228792	1	211809248	211816209
ENSG00000234088	1	62656194	62656598
ENSG00000271377	8	61818618	61819011
ENSG00000232558	1	112396384	112399527
ENSG00000233351	6	129800760	129802555
ENSG00000219453	6	23649724	23650002
ENSG00000249312	5	129865112	129865582
ENSG00000253046	2	162775292	162775376
ENSG00000222455	9	130603391	130603501
ENSG00000212538	1	163892907	163893109
ENSG00000232479	2	203789332	203790627
ENSG00000187537	14	19983559	20020272
ENSG00000090686	1	22004791	22110099
ENSG00000228549	1	17197440	17200587
ENSG00000259020	14	92492910	92493231
ENSG00000234732	2	162787709	162787976
ENSG00000260101	2	64749321	64751227
ENSG00000056998	X	2746829	2800859
ENSG00000227764	1	211813037	211827923
ENSG00000225719	1	164312242	164313101
ENSG00000254777	8	61822612	61879116
ENSG00000108306	17	37415384	37558776
ENSG00000237556	1	112451958	112453553
ENSG00000226149	6	129847771	129873732
ENSG00000105655	19	18545198	18549111
ENSG00000257524	9	130630143	130649066
ENSG00000203812	1	149822643	149823191
ENSG00000172352	Y	26191376	26194166
ENSG00000248769	5	68949075	68950161
ENSG00000218512	6	23856926	23857046
ENSG00000230918	2	162929766	162931679
ENSG00000237650	X	130338102	130338978
ENSG00000270664	2	203859917	203860126
ENSG00000237926	X	50905696	50906509
ENSG00000223826	2	102095852	102103284
ENSG00000271147	X	101854440	101969599
ENSG00000239736	19	42106090	42112339
ENSG00000249449	5	162466297	162466605
ENSG00000229151	X	51099796	51139314
ENSG00000186973	1	43610824	43622067
ENSG00000252414	2	64806026	64806131
ENSG00000232994	2	203904831	203905622
ENSG00000231445	2	162933867	162934161
ENSG00000185903	X	130458372	130459224
ENSG00000220748	6	23972107	23973169
ENSG00000227028	2	40013593	40482349
ENSG00000249418	5	129934041	129934472
ENSG00000222080	1	211826798	211826891
ENSG00000224674	2	162944769	162946582
ENSG00000202059	2	203917008	203917141
ENSG00000226530	X	51139363	51208513
ENSG00000233694	2	64834109	64843616
ENSG00000130656	16	202686	204502
ENSG00000211996	6	130068882	130068964
ENSG00000236686	3	172143640	172144879
ENSG00000237227	1	62673808	62674114
ENSG00000224763	1	211833531	211834619
ENSG00000228513	2	203926037	203927126
ENSG00000223889	7	62854127	62854487
ENSG00000199849	1	164320510	164320625
ENSG00000218689	6	130077443	130078257
ENSG00000233397	2	162949939	162951364
ENSG00000229082	X	130475421	130476426
ENSG00000224611	3	172240018	172240234
ENSG00000219582	6	24002052	24002658
ENSG00000237549	2	102125992	102126684
ENSG00000213070	1	164326004	164326601
ENSG00000238142	1	17215033	17216144
ENSG00000234766	X	51244942	51253857
ENSG00000227305	7	62854166	62882424
ENSG00000239653	3	63989698	63997824
ENSG00000253388	8	37337607	37338327
ENSG00000231437	1	112532392	112541464
ENSG00000244192	5	130325590	130326121
ENSG00000236841	2	163016272	163029426
ENSG00000154217	17	65373575	65693372
ENSG00000225124	2	203939408	203939865
ENSG00000251830	6	24166501	24166602
ENSG00000200174	1	62677229	62677338
ENSG00000013275	19	40476912	40487348
ENSG00000242610	X	130532028	130532946
ENSG00000271843	3	63993758	63994368
ENSG00000202050	6	24365879	24365982
ENSG00000204196	2	204055503	204056000
ENSG00000234387	7	62854655	62855817
ENSG00000201153	1	62763821	62763928
ENSG00000232556	2	102137296	102138438
ENSG00000253414	8	37373928	37374539
ENSG00000231057	1	211849104	211863445
ENSG00000244335	X	152931681	152931970
ENSG00000178826	7	142977050	142985141
ENSG00000235241	1	17215590	17216097
ENSG00000269266	19	42111696	42112026
ENSG00000270549	1	62996307	62996544
ENSG00000218186	6	24598240	24600018
ENSG00000212312	2	163353446	163353561
ENSG00000243410	3	63997640	64001922
ENSG00000207082	1	164608802	164608908
ENSG00000232725	X	153001080	153031933
ENSG00000011426	7	36429415	36493400
ENSG00000213703	1	63106793	63107338
ENSG00000164520	6	150204511	150219238
ENSG00000207005	1	17222475	17222638
ENSG00000269887	1	164649322	164650036
ENSG00000219666	6	130104914	130105190
ENSG00000237750	2	163625446	163654482
ENSG00000272345	6	24701135	24702021
ENSG00000272181	3	64005184	64005601
