ENSG00000273026	1	153938992	153939406
ENSG00000252726	2	59921897	59922004
ENSG00000266701	17	58119907	58119988
ENSG00000214164	2	91723049	91723916
ENSG00000256847	11	63010557	63011476
ENSG00000235539	X	142520836	142521752
ENSG00000126500	11	63870660	63886645
ENSG00000265638	17	58120055	58120133
ENSG00000228590	2	60577730	60580151
ENSG00000272554	3	24537763	24541071
ENSG00000263820	17	58120166	58120243
ENSG00000272654	1	153950219	153951636
ENSG00000265028	3	24562853	24562926
ENSG00000264049	17	58120386	58120466
ENSG00000272109	5	96140056	96141808
ENSG00000233847	5	60213317	60215400
ENSG00000267526	17	58140365	58142143
ENSG00000233544	3	24597325	24597950
ENSG00000243478	2	201560640	201658962
ENSG00000231416	1	153968108	153968436
ENSG00000264661	22	31127544	31127628
ENSG00000267416	17	58156670	58166056
ENSG00000252669	1	153970517	153970627
ENSG00000237838	3	24729410	25215796
ENSG00000186665	17	65987217	65989765
ENSG00000237977	22	31298206	31298768
ENSG00000215179	8	47884099	47886240
ENSG00000251279	5	60457897	60527867
ENSG00000128656	2	175664091	175870097
ENSG00000200220	1	154012392	154012498
ENSG00000260922	16	77268774	77324831
ENSG00000231837	1	154051342	154052439
ENSG00000256181	11	63033308	63033728
ENSG00000235989	22	31318295	31328436
ENSG00000204420	6	31686371	31694491
ENSG00000155906	6	151725989	151773259
ENSG00000223929	2	60586351	60618510
ENSG00000203520	11	63383780	63389143
ENSG00000268116	19	22313127	22313291
ENSG00000261040	17	58160927	58169246
ENSG00000263987	1	154076997	154077068
ENSG00000268140	19	22320733	22321783
ENSG00000260701	16	77467279	77478233
ENSG00000270269	11	63399705	63400192
ENSG00000117013	1	41249684	41306124
ENSG00000213356	2	91734174	91734450
ENSG00000269575	19	22323334	22323919
ENSG00000102080	X	153424682	153445634
ENSG00000264384	1	154138723	154139025
ENSG00000269345	19	22357568	22357993
ENSG00000235388	2	91740600	91740793
ENSG00000216131	16	77469907	77469999
ENSG00000250407	5	145942789	145996567
ENSG00000230130	X	142522311	142523074
ENSG00000215938	1	154166141	154166219
ENSG00000256789	11	63405149	63426434
ENSG00000249279	5	60497136	60560756
ENSG00000117480	1	46859937	46879520
ENSG00000261154	16	77624703	77644578
ENSG00000252817	1	154226921	154226997
ENSG00000252793	5	145965662	145965763
ENSG00000248098	19	41884215	41930910
ENSG00000221226	16	77744198	77744281
ENSG00000253741	8	143783670	143808391
ENSG00000271100	11	63466068	63466236
ENSG00000201129	1	154232203	154232338
ENSG00000241291	5	146035966	146036258
ENSG00000261707	16	77775365	77776897
ENSG00000252682	1	154260936	154261003
ENSG00000183336	16	29464914	29466285
ENSG00000253677	8	82167105	82167464
ENSG00000248568	5	146085944	146087163
ENSG00000253806	8	143808701	143809108
ENSG00000212292	1	154267979	154268077
ENSG00000222099	8	47979644	47979946
ENSG00000139508	13	29274201	29293107
ENSG00000188070	11	63527364	63536113
ENSG00000222457	1	154270126	154270224
ENSG00000230964	2	91766537	91766632
ENSG00000272425	8	82187634	82189805
ENSG00000264231	8	47996975	47997049
ENSG00000261330	16	77926319	77926812
ENSG00000253196	8	143844534	143847845
ENSG00000238365	1	154311219	154311278
ENSG00000175115	11	65837834	66012218
ENSG00000261540	16	78048580	78093351
ENSG00000248347	8	48001195	48110484
ENSG00000237920	1	154349442	154351749
ENSG00000253715	8	143866790	143893536
ENSG00000260731	16	78082380	78083794
ENSG00000265875	5	146114398	146114467
ENSG00000254027	8	82192106	82193681
ENSG00000249553	5	146293770	146299069
ENSG00000261652	15	55700746	55710962
ENSG00000170921	17	61086917	61505060
ENSG00000227836	5	96278003	96278888
ENSG00000253728	8	143915554	143916356
ENSG00000253352	22	31366663	31375381
ENSG00000245311	12	27542722	27599558
ENSG00000250343	5	146559767	146614422
ENSG00000226855	1	154350683	154351565
ENSG00000113368	5	126112315	126172712
ENSG00000113263	5	156569944	156682201
ENSG00000256254	11	102637532	102638658
ENSG00000272239	5	146781323	146781559
ENSG00000261600	2	91768393	91768920
ENSG00000206329	HSCHR6_MHC_QBL	32078834	32089078
ENSG00000253421	8	143939770	143940213
ENSG00000249518	5	147231207	147232222
ENSG00000196166	8	38368352	38386180
ENSG00000253859	8	82351671	82434053
ENSG00000200884	5	96298360	96298461
ENSG00000261776	16	78089721	78090824
ENSG00000135241	7	108110866	108210110
ENSG00000256035	11	102677679	102678647
ENSG00000228013	1	154374804	154379040
ENSG00000248362	5	147265649	147266441
ENSG00000214248	19	7963689	7968427
ENSG00000247317	8	144063155	144099854
ENSG00000253374	8	82433853	82445510
ENSG00000251320	5	147266675	147267267
ENSG00000255651	11	63534816	63536113
ENSG00000213702	5	96371586	96373214
ENSG00000228264	1	154386845	154387613
ENSG00000260969	16	78271259	78275115
ENSG00000112357	6	137143717	137235075
ENSG00000250346	5	147301742	147302984
ENSG00000264519	11	63565260	63565543
ENSG00000221505	X	142533993	142534122
ENSG00000260014	16	78389426	78389731
ENSG00000164236	5	10564442	10650308
ENSG00000227675	X	142627592	142631882
ENSG00000249503	5	147600923	147601205
ENSG00000256280	11	63602139	63602415
ENSG00000258821	2	74725815	74726494
ENSG00000110347	11	102733467	102745764
ENSG00000213924	X	142760232	142761441
ENSG00000273110	1	154452488	154453977
ENSG00000248109	5	147618133	147622157
ENSG00000202089	11	63650059	63650157
ENSG00000260733	16	78529823	78540465
ENSG00000229780	1	154526085	154527493
ENSG00000237264	8	82433917	82434467
ENSG00000207200	11	63737942	63738048
ENSG00000168439	11	63952744	63972015
ENSG00000251178	3	129753396	129754382
ENSG00000272183	2	74728844	74729492
ENSG00000247199	5	147647870	147763346
ENSG00000256824	11	63803442	63871125
ENSG00000233875	1	154551541	154552139
ENSG00000261837	16	78568271	78569545
ENSG00000172381	11	57798402	57799403
ENSG00000251521	8	82517804	82543369
ENSG00000257702	2	74729722	74731805
ENSG00000253971	8	144077267	144077899
ENSG00000118298	1	150229554	150237478
ENSG00000270361	1	154909846	154910535
ENSG00000243101	16	78859178	78859903
ENSG00000256481	11	63849162	63854647
ENSG00000251610	3	129774567	129774763
ENSG00000233991	2	91777536	91809447
ENSG00000250115	8	144138477	144139233
ENSG00000271380	1	154934301	154935099
ENSG00000200986	8	48043404	48043510
ENSG00000260816	16	78931062	78933541
ENSG00000172377	11	57885972	57886916
ENSG00000180189	14	58751491	58752116
ENSG00000249834	5	147686861	147687821
ENSG00000188873	8	48068741	48069394
ENSG00000261537	16	79028242	79038627
ENSG00000229470	HSCHR6_MHC_DBB	30499388	30515186
ENSG00000101236	20	3907956	3996229
ENSG00000251330	5	147809722	147810370
ENSG00000264349	1	154948169	154948259
ENSG00000233872	2	74845983	74848106
ENSG00000243328	8	144147332	144148004
ENSG00000113319	5	80256491	80525975
ENSG00000252782	14	58759011	58759106
ENSG00000186513	11	57957906	57958990
ENSG00000253297	5	148024250	148025953
ENSG00000251287	3	129800674	129832070
ENSG00000260694	16	79111273	79112131
ENSG00000232093	1	155017667	155018594
ENSG00000254151	8	82529455	82530795
ENSG00000187231	2	179966419	180129517
ENSG00000258658	14	58836741	58862359
ENSG00000272411	5	148349903	148350216
ENSG00000237166	2	201577028	201599900
ENSG00000225970	X	142840832	142911228
ENSG00000260479	16	79123947	79135651
ENSG00000227992	2	111961541	111963792
ENSG00000258378	14	58865275	58893843
ENSG00000158296	20	45186463	45304714
ENSG00000108442	2	74855455	74856069
ENSG00000152804	10	94447945	94455403
ENSG00000240427	8	82539504	82539852
ENSG00000235729	X	142889486	142889828
ENSG00000197887	11	57970674	57971653
ENSG00000075407	10	38383264	38414472
ENSG00000260511	16	79139854	79144779
ENSG00000205184	8	82546592	82547897
ENSG00000252198	14	58908562	58908710
ENSG00000224646	2	74981797	74981946
ENSG00000213701	5	96392106	96393062
ENSG00000258650	14	58930689	58930854
ENSG00000253334	8	82704058	82727949
ENSG00000261722	16	79246608	79263350
ENSG00000206698	5	96511654	96511817
ENSG00000177106	11	694438	727727
ENSG00000201737	2	201640307	201640473
ENSG00000231942	8	82720007	82720961
ENSG00000272711	2	75059782	75061114
ENSG00000248531	8	48076493	48077147
ENSG00000076984	19	7968728	7979363
ENSG00000252346	2	228627768	228627868
ENSG00000230408	2	201645218	201676893
ENSG00000222244	16	79298351	79298470
ENSG00000238568	3	72622116	72622219
ENSG00000255469	11	102751222	102751576
ENSG00000251842	5	148437117	148437219
ENSG00000226718	2	228643226	228643451
ENSG00000202027	1	155092966	155093074
ENSG00000261472	16	79539500	79550190
ENSG00000207714	5	148441876	148441972
ENSG00000238562	11	102774622	102774683
ENSG00000199469	3	72625842	72626005
ENSG00000204792	2	75145275	75165545
ENSG00000172774	11	57982217	57983195
ENSG00000251780	1	155115747	155115808
ENSG00000239861	11	102915966	102916441
ENSG00000221330	16	79703552	79703634
ENSG00000239568	3	72632521	72632686
ENSG00000106483	7	37945543	38065297
ENSG00000256061	15	55702723	55800432
ENSG00000223452	1	155121020	155121295
ENSG00000224630	X	143391959	143392205
ENSG00000233409	10	127660757	127661695
ENSG00000250072	5	148442880	148489350
ENSG00000260966	11	102921416	102926528
ENSG00000260006	2	201689396	201692061
ENSG00000236209	2	75146682	75151973
ENSG00000260876	16	79710005	79841819
ENSG00000174437	12	110718561	110788898
ENSG00000254895	11	103272741	103273314
ENSG00000254348	8	48100928	48101183
ENSG00000229172	2	228666556	228669421
ENSG00000271748	1	155164968	155165063
ENSG00000180475	11	57995354	57996390
ENSG00000262666	HSCHR1_2_CTG31	155232400	155240678
ENSG00000230836	2	75167385	75169797
ENSG00000112115	6	52051185	52055436
ENSG00000207116	2	201694732	201694839
ENSG00000235598	X	143392257	143392818
ENSG00000221530	2	201707909	201708022
ENSG00000143429	2	91805186	91847998
ENSG00000231064	1	155166659	155175286
ENSG00000224346	2	201708963	201710184
ENSG00000172772	11	58034264	58035732
ENSG00000254931	11	103273316	103274150
ENSG00000223092	2	201713761	201713867
ENSG00000146386	6	139349819	139364439
ENSG00000255366	8	48102395	48104885
ENSG00000253502	8	48105625	48105970
ENSG00000228765	HSCHR6_MHC_MCF	30077975	30079265
ENSG00000156110	10	75910960	76469061
ENSG00000197786	11	58125597	58126542
ENSG00000248243	3	129808276	129813147
ENSG00000271590	2	111968572	111970053
ENSG00000215054	X	143922298	143923181
ENSG00000171219	11	64590859	64612041
ENSG00000229118	2	112022860	112037457
ENSG00000266849	3	129815216	129815281
ENSG00000172769	11	58169937	58170882
ENSG00000253817	8	48109655	48109946
ENSG00000264003	HSCHR6_MHC_MCF	30135099	30135231
ENSG00000183514	2	228734799	228735360
ENSG00000225038	HSCHR6_MHC_MCF	30151503	30160985
ENSG00000222740	10	127834043	127834151
ENSG00000253540	3	129817935	129830315
ENSG00000201912	X	144138628	144138957
ENSG00000213170	10	127961387	127961980
ENSG00000261390	16	79750622	79804460
ENSG00000172365	11	58189738	58190786
ENSG00000147380	X	153448107	153461633
ENSG00000263517	HSCHR6_MHC_MCF	30179082	30179244
ENSG00000233548	X	144258102	144258414
ENSG00000231777	2	132129867	132131223
ENSG00000234574	HSCHR6_MHC_MCF	30233017	30234826
ENSG00000236263	1	155180942	155183610
ENSG00000235180	10	128102438	128110448
ENSG00000206899	12	98115494	98115600
ENSG00000272237	2	228752347	228752460
ENSG00000263909	2	75317939	75318041
ENSG00000200281	2	229034459	229034565
ENSG00000265861	12	98332834	98332899
ENSG00000172362	11	58206593	58207646
ENSG00000055211	6	149887430	149912884
ENSG00000270571	2	75381492	75417075
ENSG00000142959	1	45249257	45253377
ENSG00000215177	8	48114067	48114520
ENSG00000230887	HSCHR6_MHC_MCF	30460941	30465545
ENSG00000263890	12	98389161	98389226
ENSG00000203387	2	229216836	229217931
ENSG00000258312	12	98506792	98686223
ENSG00000061918	4	156680144	156728743
ENSG00000238521	2	75645972	75646075
ENSG00000236167	2	75683120	75683704
ENSG00000198283	11	58274648	58275578
ENSG00000214351	5	177263435	177264647
ENSG00000261082	16	79831947	79861047
ENSG00000257580	12	98711519	98712127
ENSG00000249846	3	129831393	129839422
ENSG00000166266	11	107879459	107978503
ENSG00000109472	4	166282346	166419472
ENSG00000132938	13	29598748	30077892
ENSG00000182170	11	3239174	3240043
ENSG00000237293	2	75701579	75709705
ENSG00000201296	12	98811674	98811816
ENSG00000234712	X	144314449	144315139
ENSG00000183765	22	29083731	29138410
ENSG00000238410	2	75716702	75716836
ENSG00000227825	12	98847613	98850923
ENSG00000249186	5	177284946	177298195
ENSG00000231093	X	144711736	144713893
ENSG00000231172	2	75751194	75769832
ENSG00000248618	3	129886633	129886873
ENSG00000260237	16	80074559	80079642
ENSG00000215193	22	18560689	18613905
ENSG00000257108	16	616996	619495
ENSG00000253330	8	48423596	48424703
ENSG00000160766	1	155183616	155197214
ENSG00000234057	HSCHR6_MHC_MCF	30562497	30565448
ENSG00000101204	20	61975420	62009753
ENSG00000227661	2	132137726	132138486
ENSG00000141295	17	45915058	45918699
ENSG00000257167	12	98906751	98910200
ENSG00000205300	20	4050799	4055812
ENSG00000187323	18	49866542	51057784
ENSG00000269924	8	48439959	48440710
ENSG00000112406	6	139456249	139501939
ENSG00000184350	11	3248928	3253616
ENSG00000266871	HSCHR6_MHC_MCF	30630566	30630651
ENSG00000232023	2	229347977	229476111
ENSG00000196664	X	12885202	12908499
ENSG00000265446	HSCHR6_MHC_MCF	30662465	30662541
ENSG00000251513	5	96519303	96772921
ENSG00000110031	11	58294344	58345693
ENSG00000255417	11	103274240	103274895
ENSG00000270709	X	144849613	144849860
ENSG00000251801	2	229452519	229452589
ENSG00000227655	HSCHR6_MHC_MCF	30679868	30680134
ENSG00000059691	4	152591656	152682175
ENSG00000251354	8	48459366	48460488
ENSG00000135638	2	73143389	73162020
ENSG00000228226	2	229548253	229549296
ENSG00000269987	22	31372501	31374834
ENSG00000248758	5	96523794	96537584
ENSG00000237322	2	229618040	229618502
ENSG00000260706	16	80099733	80201474
ENSG00000269972	22	31373502	31373844
ENSG00000167083	17	47280153	47287936
ENSG00000221204	5	177335466	177335558
ENSG00000145833	5	134094469	134190823
ENSG00000014257	3	132036211	132087142
ENSG00000214035	7	144707054	144708086
ENSG00000216032	X	145072385	145072455
ENSG00000265290	HSCHR6_MHC_MCF	30694904	30694997
ENSG00000236590	2	132138489	132139163
ENSG00000252219	X	145074271	145074343
ENSG00000200807	2	60611740	60611898
ENSG00000240186	22	31455975	31456269
ENSG00000216075	X	145075793	145075869
ENSG00000266078	2	60614497	60614580
ENSG00000251054	5	96559075	96563661
ENSG00000229575	HSCHR6_MHC_MCF	30743070	30743799
ENSG00000250101	5	177366623	177410055
ENSG00000255350	11	103275037	103276562
ENSG00000254065	8	48504709	48505171
ENSG00000233953	2	60722821	60727099
ENSG00000249761	5	96672562	96672744
ENSG00000259867	16	80188950	80597032
ENSG00000230477	2	75825197	75825685
ENSG00000273387	22	31478142	31479551
ENSG00000249684	5	177377336	177390961
ENSG00000216005	X	145076302	145076378
ENSG00000235573	22	31509003	31509382
ENSG00000251682	5	60642953	60643543
ENSG00000201913	7	99928400	99928500
ENSG00000221638	2	75855079	75855293
ENSG00000207369	8	48580333	48580439
ENSG00000242158	2	60867840	60868135
ENSG00000207450	8	48717640	48717740
ENSG00000239018	2	75862267	75862370
ENSG00000233883	HSCHR6_MHC_MCF	30749331	30759447
ENSG00000226297	2	229868602	229869116
ENSG00000173065	17	27082996	27182250
ENSG00000250461	5	60670939	60671682
ENSG00000215943	X	145078187	145078261
ENSG00000226247	2	75878414	75878753
ENSG00000211562	8	48802619	48802691
ENSG00000271134	2	60910008	60910379
ENSG00000214125	22	31551952	31552633
ENSG00000182242	X	153461812	153482755
ENSG00000161509	17	72838162	72857627
ENSG00000222522	8	48891974	48892081
ENSG00000242294	7	99933702	99949523
ENSG00000010270	7	38217824	38270272
ENSG00000213891	5	60686495	60687698
ENSG00000197587	1	46972668	46979898
ENSG00000251389	5	96704480	96706125
ENSG00000216098	X	145078716	145078792
ENSG00000263290	HSCHR1_2_CTG31	155241174	155247625
ENSG00000234480	2	132139413	132140070
ENSG00000266523	HSCHR6_MHC_MCF	30782567	30782677
ENSG00000224226	17	34493061	34503996
ENSG00000206290	HSCHR6_MHC_QBL	33059284	33089101
ENSG00000213495	2	60938619	60939055
ENSG00000253843	8	49106410	49107187
ENSG00000138190	10	94590935	94819250
ENSG00000213079	6	155054459	155155192
ENSG00000216064	X	145082571	145082649
ENSG00000224862	HSCHR6_MHC_MCF	30885789	30894426
ENSG00000223200	5	60853110	60853194
ENSG00000252718	2	60946775	60946876
ENSG00000253654	8	49206586	49207254
ENSG00000271707	2	60962030	60962850
ENSG00000163632	3	63805038	63834312
ENSG00000253006	2	230101056	230101325
ENSG00000216056	X	145109312	145109390
ENSG00000237910	2	132140216	132141634
ENSG00000238782	2	230470954	230471015
ENSG00000252710	8	49220487	49220590
ENSG00000248529	5	60954301	60994259
ENSG00000164440	6	139561198	139613276
ENSG00000235993	2	230566510	230566864
ENSG00000264141	22	31556048	31556105
ENSG00000224594	8	49297150	49297609
ENSG00000249977	5	96785062	96785445
ENSG00000254835	22	31601250	31601602
ENSG00000201594	X	145508974	145509090
ENSG00000222344	2	230759062	230759169
ENSG00000234748	X	145619053	145619566
ENSG00000250331	5	96840400	97006750
ENSG00000265633	HSCHR6_MHC_MCF	30910596	30910898
ENSG00000249129	5	177398317	177399282
ENSG00000252333	2	230802530	230802598
ENSG00000199695	22	31618731	31618839
ENSG00000231534	2	230807444	230809853
ENSG00000202019	22	31626057	31626158
ENSG00000215146	10	42827314	42863422
ENSG00000166160	X	153485225	153498755
ENSG00000206725	2	230838031	230838137
ENSG00000227422	HSCHR6_MHC_MCF	30913330	30922258
ENSG00000234939	2	132142034	132143063
ENSG00000199400	2	230922945	230923040
ENSG00000088826	20	4101627	4168394
ENSG00000228839	22	31688485	31734007
ENSG00000221270	3	129902366	129902466
ENSG00000268079	19	22385930	22386805
ENSG00000255335	11	17716814	17718487
ENSG00000267872	19	22426056	22428149
ENSG00000112238	6	100054606	100063454
ENSG00000131771	17	37782993	37792879
ENSG00000250580	3	129918551	129918761
ENSG00000228414	2	61052267	61108449
ENSG00000225963	2	230990026	231038939
ENSG00000268597	19	22442495	22444137
ENSG00000248931	5	97013251	97014385
ENSG00000255448	11	18022089	18044478
ENSG00000173846	1	45265897	45271662
ENSG00000197562	16	639357	679272
ENSG00000263559	HSCHR6_MHC_MCF	30937220	30937309
ENSG00000270191	19	22481779	22482670
ENSG00000264847	HSCHR6_MHC_MCF	30978938	30979029
ENSG00000270190	2	112024445	112025050
ENSG00000218227	5	177482605	177483195
ENSG00000212542	22	31701390	31701498
ENSG00000255254	11	18128130	18128388
ENSG00000226928	2	112053206	112053623
ENSG00000268685	19	22545391	22545627
ENSG00000228448	HSCHR6_MHC_MCF	30992301	30992681
ENSG00000272752	7	99933727	99965454
ENSG00000243650	2	231371816	231372099
ENSG00000241524	2	61058800	61059063
ENSG00000266139	2	112078589	112078668
ENSG00000206615	22	31784719	31784823
ENSG00000124596	6	41001366	41065526
ENSG00000228252	3	129931666	129992649
ENSG00000236312	19	22551401	22551754
ENSG00000250011	2	231379738	231380353
ENSG00000237024	2	61079395	61079878
ENSG00000223973	2	112141329	112142569
ENSG00000240591	22	31850237	31860190
ENSG00000166787	11	18134019	18137679
ENSG00000251211	5	177592703	177593563
ENSG00000257413	HSCHR4_1	69176103	69215822
ENSG00000101916	X	12924739	12941288
ENSG00000222835	2	91862883	91862992
ENSG00000182632	10	42903616	42967688
ENSG00000200161	5	148495741	148496043
ENSG00000187950	12	29565407	29650619
ENSG00000151952	12	129556270	130388211
ENSG00000257255	HSCHR6_MHC_MCF	31044059	31044360
ENSG00000184303	2	91872473	91874507
ENSG00000240350	2	112248850	112268567
ENSG00000162456	1	47011316	47017199
ENSG00000269796	19	22605315	22608847
ENSG00000227132	HSCHR6_MHC_MCF	31076239	31081035
ENSG00000212215	5	60959972	60960066
ENSG00000270401	16	33768122	33768558
ENSG00000171016	15	55831088	55881145
ENSG00000268830	19	22630736	22631579
ENSG00000251575	5	61028601	61031496
ENSG00000224623	22	31857650	31860190
ENSG00000234576	2	132143273	132143810
ENSG00000250325	4	83322731	83323609
ENSG00000264458	17	30954757	31013502
ENSG00000248647	5	148543518	148656339
ENSG00000254857	11	18174824	18175802
ENSG00000225629	HSCHR6_MHC_MCF	31100520	31106180
ENSG00000235419	2	231385309	231444721
ENSG00000201178	17	31157237	31157347
ENSG00000202440	4	83323791	83323859
ENSG00000226377	17	31203777	31205655
ENSG00000214988	4	83411976	83412788
ENSG00000224959	2	112249520	112252388
ENSG00000270947	19	22638790	22639261
ENSG00000199248	22	31875369	31875475
ENSG00000201076	2	61138438	61138577
ENSG00000038295	4	166794410	167025047
ENSG00000251193	5	97073598	97074617
ENSG00000227304	4	83415939	83417431
ENSG00000271635	2	112315990	112317514
ENSG00000267520	2	61153044	61158745
ENSG00000233733	22	31917185	31917578
ENSG00000221037	11	18204623	18204712
ENSG00000205452	16	33775379	33778813
ENSG00000164530	6	36922209	36932613
ENSG00000257037	12	27649870	27651522
ENSG00000268717	19	22640131	22641014
ENSG00000224002	11	18210435	18211041
ENSG00000152034	6	100367786	100442123
ENSG00000253406	5	148596086	148656368
ENSG00000236377	17	31232680	31233602
ENSG00000255138	11	18210547	18211168
ENSG00000249960	4	83492290	83492967
ENSG00000225744	2	112365418	112370095
ENSG00000183022	2	231437882	231438524
ENSG00000264598	17	31379125	31379885
ENSG00000269392	19	50869137	50872588
ENSG00000254546	11	18218204	18218884
ENSG00000205542	X	12993227	12995346
ENSG00000263474	HSCHR6_MHC_MCF	31129315	31129414
ENSG00000269138	19	22646724	22655838
ENSG00000226010	X	63364752	63366932
ENSG00000266535	17	31438876	31458761
ENSG00000253618	5	148727679	148737205
ENSG00000264213	19	50900510	50900775
ENSG00000230572	2	91874128	91902771
ENSG00000257326	HSCHR6_MHC_MCF	31168918	31169087
ENSG00000160439	19	55550476	55582659
ENSG00000249878	5	61127774	61128851
ENSG00000248113	4	83501270	83502537
ENSG00000268854	19	50983376	50986608
ENSG00000237583	2	112432603	112432920
ENSG00000183785	22	18593097	18629321
ENSG00000229169	22	31934338	31934575
ENSG00000236675	1	155200766	155204116
ENSG00000255071	11	18252970	18270182
ENSG00000265544	17	31856806	31860779
ENSG00000264461	12	98918254	98918535
ENSG00000268518	19	50990067	50990895
ENSG00000244234	5	177612720	177614300
ENSG00000253865	5	148751737	148754679
ENSG00000270317	19	22684501	22684750
ENSG00000198555	16	33778506	33790097
ENSG00000135436	12	49976668	49999422
ENSG00000237522	2	61163954	61165184
ENSG00000199791	2	231451836	231451942
ENSG00000225185	12	98984501	98984992
ENSG00000231782	4	83534266	83542590
ENSG00000257263	HSCHR6_MHC_MCF	31176745	31177007
ENSG00000235333	7	99949983	99951315
ENSG00000260599	19	22703797	22710751
ENSG00000226125	2	231555636	231565244
ENSG00000253552	7	27147396	27173921
ENSG00000227842	2	112475085	112475414
ENSG00000233504	HSCHR6_MHC_MCF	31187044	31187230
ENSG00000271681	5	177771844	177772317
ENSG00000268231	19	51058627	51061226
ENSG00000248199	5	61173936	61181956
ENSG00000200336	11	18269936	18270053
ENSG00000253698	5	177777868	177779251
ENSG00000237758	2	231589858	231590118
ENSG00000181625	16	29465822	29469540
ENSG00000269364	19	22715428	22716296
ENSG00000212789	11	18283529	18284638
ENSG00000273294	5	33987279	34124633
ENSG00000105662	19	18794487	18893004
ENSG00000124786	6	8413301	8435794
ENSG00000269565	19	51261639	51262449
ENSG00000185904	10	42970991	42990784
ENSG00000226831	2	132152790	132153115
ENSG00000232713	2	61165339	61165739
ENSG00000241357	7	100032880	100034133
ENSG00000214093	22	31955469	31955925
ENSG00000270480	4	83612890	83613621
ENSG00000270696	2	75887588	75889334
ENSG00000164620	5	141016517	141020644
ENSG00000258900	14	58987941	58988706
ENSG00000249669	5	148786252	148808241
ENSG00000075239	11	107992243	108018503
ENSG00000005801	11	3360491	3400448
ENSG00000240211	7	100033827	100036127
ENSG00000230983	HSCHR6_MHC_MCF	31220056	31224226
ENSG00000242341	5	177804925	177805219
ENSG00000183733	2	71004442	71017775
ENSG00000271452	2	75897115	75897580
ENSG00000207746	4	83674490	83674583
ENSG00000248202	5	97217124	97258399
ENSG00000216109	1	155206540	155206628
ENSG00000201695	11	18287940	18288057
ENSG00000261341	19	51279398	51289467
ENSG00000245688	5	177865682	177870095
ENSG00000147526	8	38585704	38710546
ENSG00000264758	7	100060452	100060725
ENSG00000251983	5	61442492	61442773
ENSG00000264603	11	18409334	18409407
ENSG00000270842	4	83696614	83697254
ENSG00000248909	5	77940088	77940668
ENSG00000266372	7	100081381	100081466
ENSG00000239510	14	59030864	59031334
ENSG00000199279	5	61739003	61739109
ENSG00000256006	11	18427156	18428278
ENSG00000166450	15	55903744	56035288
ENSG00000225855	1	155286654	155293967
ENSG00000201044	2	231616856	231616962
ENSG00000225807	7	100107340	100117549
ENSG00000222251	2	61225887	61226023
ENSG00000142949	1	43990858	44089343
ENSG00000223631	2	132160474	132166622
ENSG00000242251	22	32153188	32153482
ENSG00000270891	2	231701624	231702100
ENSG00000270462	2	75924709	75925122
ENSG00000265697	17	31861129	31868358
ENSG00000241991	5	61857686	61858043
ENSG00000221427	14	59237870	59237964
ENSG00000256734	11	18471659	18472415
ENSG00000249101	5	97361669	97361843
ENSG00000207397	19	22738063	22738169
ENSG00000242101	7	100127987	100128282
ENSG00000268375	19	51295942	51296841
ENSG00000213598	14	59261372	59261747
ENSG00000254170	5	78004557	78011905
ENSG00000236132	22	32212365	32213477
ENSG00000184414	7	100167754	100168759
ENSG00000271149	19	22778281	22778965
ENSG00000221381	19	51302289	51302379
ENSG00000234420	10	43008958	43048270
ENSG00000256464	11	18511790	18512502
ENSG00000265125	17	31892783	31951141
ENSG00000248901	5	97421964	97496897
ENSG00000258734	14	59294397	59294894
ENSG00000221241	19	51302699	51302789
ENSG00000272047	6	158589384	158620376
ENSG00000212978	2	61368732	61372104
ENSG00000252464	5	178046729	178046999
ENSG00000220988	19	51305585	51305675
ENSG00000085231	5	68646811	68665840
ENSG00000224729	7	100187025	100201829
ENSG00000269332	19	22779059	22786352
ENSG00000271627	2	91911049	91911631
ENSG00000256588	11	18529155	18530367
ENSG00000233090	17	15696176	15696359
ENSG00000270996	2	75946246	75947144
ENSG00000258583	14	59294952	59484046
ENSG00000249135	5	97538763	97540897
ENSG00000256361	11	18532590	18533022
ENSG00000237057	17	15709555	15721056
ENSG00000244006	X	63430570	63430866
ENSG00000106266	7	2291405	2393953
ENSG00000188177	2	113033171	113097640
ENSG00000250420	5	178191862	178245436
ENSG00000112246	6	100832891	100912805
ENSG00000251022	4	83814162	83822113
ENSG00000223703	2	91924752	91955465
ENSG00000256282	11	18617006	18621230
ENSG00000213754	X	63524927	63526613
ENSG00000223577	HSCHR6_MHC_MCF	31244106	31250362
ENSG00000233107	2	76333142	76334450
ENSG00000101997	X	49091927	49106987
ENSG00000222838	3	72740856	72740962
ENSG00000262247	HSCHR19LRC_PGF1_CTG1	54767820	54767928
ENSG00000227790	17	15732683	15767467
ENSG00000251510	Y	20653626	20709584
ENSG00000228615	2	112500163	112502239
ENSG00000241537	3	72821690	72822622
ENSG00000265384	HSCHR19LRC_PGF1_CTG1	55063157	55063228
ENSG00000253716	8	144362331	144363860
ENSG00000254310	5	78049419	78049696
ENSG00000207720	1	155316141	155316236
ENSG00000264786	HSCHR19LRC_PGF1_CTG1	55139744	55139813
ENSG00000238000	5	97549106	97549825
ENSG00000252909	22	32233224	32233284
ENSG00000148926	11	10326227	10328944
ENSG00000258442	12	57390043	57392225
ENSG00000207134	1	155328503	155328609
ENSG00000152672	2	71035775	71047732
ENSG00000262125	HSCHR19LRC_PGF1_CTG1	55302201	55302307
ENSG00000232520	2	231751215	231761806
ENSG00000247595	11	18621334	18631802
ENSG00000156510	10	70980059	71027315
ENSG00000270762	10	43050888	43051172
ENSG00000240135	3	72925888	72927253
ENSG00000227773	1	155365801	155366769
ENSG00000227813	22	32286330	32287420
ENSG00000263832	12	57515445	57515545
ENSG00000228209	2	76485160	76486023
ENSG00000238805	1	155385349	155385453
ENSG00000267295	17	58191154	58198048
ENSG00000259125	12	57538403	57541402
ENSG00000267618	17	33338368	33448512
ENSG00000207144	1	155389188	155389291
ENSG00000181790	8	143530791	143626370
ENSG00000238067	Y	20670463	20670954
ENSG00000196091	12	101962131	102079796
ENSG00000266063	2	112528638	112528711
ENSG00000243686	17	15947935	15948275
ENSG00000238910	22	32349391	32349493
ENSG00000232531	2	91935966	91937021
ENSG00000214890	5	78295935	78296947
ENSG00000240436	5	61871778	61872098
ENSG00000256304	12	122806669	122808883
ENSG00000204052	6	43474707	43478424
ENSG00000230958	2	112623375	112623982
ENSG00000226408	HSCHR6_MHC_MCF	31246516	31248313
ENSG00000237872	1	155402969	155404053
ENSG00000240713	19	22784247	22784539
ENSG00000230889	X	63652281	63654025
ENSG00000217416	5	62072704	62073090
ENSG00000221790	19	22785508	22785590
ENSG00000166866	12	57422301	57444982
ENSG00000233546	Y	20691244	20691509
ENSG00000227519	22	32359344	32366387
ENSG00000268823	19	22786071	22791303
ENSG00000221717	10	128245532	128245633
ENSG00000267248	17	58203896	58213005
ENSG00000271356	2	76487881	76488787
ENSG00000176183	5	97674448	97675536
ENSG00000230377	Y	20694212	20694542
ENSG00000110047	11	64619114	64655768
ENSG00000249579	5	62318746	62319316
ENSG00000227261	X	63832512	63833142
ENSG00000123700	17	68164814	68176189
ENSG00000236307	2	112645491	112646318
ENSG00000200488	2	76672205	76672536
ENSG00000233979	17	15987356	15987695
ENSG00000230866	22	32366810	32369462
ENSG00000226502	X	63842997	63844453
ENSG00000258097	HSCHR6_MHC_COX	31618146	31649536
ENSG00000214760	12	122849327	122850176
ENSG00000272172	8	144372569	144372791
ENSG00000112116	6	52101479	52109335
ENSG00000251947	2	76822539	76822804
ENSG00000184979	22	18632666	18660164
ENSG00000133302	5	93954052	94075141
ENSG00000248185	5	62597350	62597883
ENSG00000269025	19	22788541	22791013
ENSG00000201955	5	78466057	78466158
ENSG00000139514	13	30083547	30169825
ENSG00000271266	3	72933385	72933830
ENSG00000263660	8	144397091	144397176
ENSG00000127578	16	679239	684116
ENSG00000200028	2	77000035	77000171
ENSG00000225814	X	63917758	63918427
ENSG00000240183	2	112687752	112688041
ENSG00000252383	17	16002018	16002121
ENSG00000212221	8	144432342	144432448
ENSG00000258058	HSCHR6_MHC_MCF	31308228	31308595
ENSG00000089220	12	118573663	118583389
ENSG00000269316	19	22792408	22793403
ENSG00000249829	5	78487372	78487570
ENSG00000199674	17	16041082	16041186
ENSG00000248285	5	63253720	63276870
ENSG00000267095	17	58213123	58217442
ENSG00000242960	3	72978195	72978744
ENSG00000254389	8	144448801	144450718
ENSG00000236982	X	63946628	63946928
ENSG00000258788	14	96689445	96689684
ENSG00000239221	17	16095146	16095466
ENSG00000133597	7	140372953	140396061
ENSG00000250951	Y	20702866	20706014
ENSG00000268038	19	22798359	22806773
ENSG00000257043	11	18686597	18687095
ENSG00000236068	5	63700339	63782442
ENSG00000266960	17	58250683	58251183
ENSG00000234653	2	77213091	77236917
ENSG00000221355	17	16185328	16185402
ENSG00000226050	HSCHR6_MHC_MCF	31320465	31323637
ENSG00000261893	HSCHR1_2_CTG31	155248063	155263686
ENSG00000253931	8	144494919	144499224
ENSG00000237971	X	64404898	64407145
ENSG00000252577	17	58308877	58309007
ENSG00000265401	17	16285466	16285983
ENSG00000238320	2	91951951	91952044
ENSG00000241157	17	58322649	58323008
ENSG00000149043	11	1848709	1858751
ENSG00000265095	17	16294748	16295196
ENSG00000254338	8	144499849	144501320
ENSG00000206592	5	78516765	78516896
ENSG00000254966	11	18728084	18762115
ENSG00000225827	10	81355050	81355416
ENSG00000264739	17	16317838	16320003
ENSG00000211984	2	77247462	77247547
ENSG00000236969	2	91963970	91969195
ENSG00000225921	6	13615559	13632971
ENSG00000254859	8	144624143	144631899
ENSG00000239203	17	16330788	16332033
ENSG00000250330	5	78525727	78526411
ENSG00000257097	12	122880089	122885404
ENSG00000271889	2	61378568	61389240
ENSG00000179862	1	41326729	41328018
ENSG00000240647	22	32377132	32377414
ENSG00000222596	X	64435117	64435222
ENSG00000226676	10	81388513	81391944
ENSG00000174996	11	66024765	66035331
ENSG00000254144	8	144624280	144624570
ENSG00000130338	6	158733692	158932860
ENSG00000232346	22	32435477	32435883
ENSG00000199321	10	128468271	128468343
ENSG00000225569	X	64490793	64492899
ENSG00000174579	3	135867764	135916083
ENSG00000263447	2	77268904	77268989
ENSG00000202487	10	128609376	128609472
ENSG00000255050	8	144655660	144659567
ENSG00000227088	2	77879539	77881794
ENSG00000244733	10	81420647	81437248
ENSG00000235919	1	155531821	155533775
ENSG00000182747	6	137243402	137246777
ENSG00000234479	22	32517964	32529456
ENSG00000213757	5	78579955	78580741
ENSG00000223528	10	128798541	128824771
ENSG00000254741	8	144661806	144662840
ENSG00000250221	5	97727774	97729234
ENSG00000230968	2	77899341	77900918
ENSG00000227656	HSCHR6_MHC_MCF	31325200	31326399
ENSG00000074755	17	3907739	4046314
ENSG00000271912	8	144683416	144685394
ENSG00000075043	20	62037542	62103993
ENSG00000271267	1	155535841	155536097
ENSG00000213755	5	78806257	78806742
ENSG00000114573	3	113465866	113530903
ENSG00000237439	22	32525676	32526599
ENSG00000146476	6	151773422	151791236
ENSG00000226381	10	81422844	81526085
ENSG00000233837	10	43062125	43062931
ENSG00000265940	11	18825955	18826033
ENSG00000242547	5	63835331	63835621
ENSG00000254812	8	144714241	144715926
ENSG00000225082	1	155556435	155571988
ENSG00000237077	2	78015508	78020213
ENSG00000231309	HSCHR6_MHC_MCF	31332382	31333836
ENSG00000273302	2	61427114	61427904
ENSG00000254529	11	18885105	18886056
ENSG00000134046	18	51679079	51751158
ENSG00000224212	HSCHR6_MHC_DBB	32790967	32799736
ENSG00000231857	X	64547868	64551113
ENSG00000252075	8	144728080	144728139
ENSG00000201869	5	63869396	63869497
ENSG00000187268	X	13053737	13062801
ENSG00000255511	11	18892536	18895009
ENSG00000181097	8	144778324	144780583
ENSG00000186625	6	149916009	149970108
ENSG00000232707	22	32530015	32530120
ENSG00000223503	1	155560392	155561053
ENSG00000272373	10	43069633	43134016
ENSG00000243160	5	78825125	78825916
ENSG00000228713	HSCHR6_MHC_MCF	31352706	31353440
ENSG00000232519	1	155579567	155580171
ENSG00000215906	1	23279536	23291831
ENSG00000149781	11	63974150	63991354
ENSG00000237963	X	64576770	64577427
ENSG00000130731	16	684429	686358
ENSG00000108798	17	47287589	47300587
ENSG00000212443	12	98993413	98993661
ENSG00000207391	5	78830676	78830777
ENSG00000235235	2	92005797	92006650
ENSG00000239674	22	32537254	32539259
ENSG00000254574	8	144791177	144795754
ENSG00000250258	5	79070171	79112013
ENSG00000257632	HSCHR6_MHC_MCF	31381070	31381196
ENSG00000246203	1	155584517	155630036
ENSG00000199530	4	83865891	83865998
ENSG00000228158	X	64627964	64628565
ENSG00000252834	4	83870321	83870397
ENSG00000230120	22	32555441	32556379
ENSG00000233605	2	78143060	78145135
ENSG00000259036	14	96699768	96700438
ENSG00000254565	11	103276941	103277969
ENSG00000251874	4	83924565	83924670
ENSG00000227429	HSCHR6_MHC_MCF	31508507	31509970
ENSG00000258793	14	96725748	96734961
ENSG00000254548	8	144800416	144801061
ENSG00000250057	4	84154665	84168366
ENSG00000115211	2	27587219	27593353
ENSG00000238776	14	96790045	96790124
ENSG00000238254	5	79145375	79145669
ENSG00000227534	X	64688967	64690260
ENSG00000214330	2	92028627	92031828
ENSG00000250677	4	84158456	84158597
ENSG00000227868	1	23337327	23342343
ENSG00000225918	7	144737092	144738034
ENSG00000082196	5	34019553	34043937
ENSG00000265660	8	144815253	144815323
ENSG00000254127	22	32595906	32596221
ENSG00000016402	6	137321108	137366298
ENSG00000203499	8	144816310	144828507
ENSG00000168234	18	21572737	21715574
ENSG00000248401	4	84168332	84169359
ENSG00000226592	7	144966607	144967477
ENSG00000258685	14	59602206	59603139
ENSG00000079691	6	25279306	25620758
ENSG00000228875	HSCHR6_MHC_COX	31620429	31628739
ENSG00000263679	HSCHR6_MHC_MCF	31540833	31540934
ENSG00000227673	1	155679889	155680354
ENSG00000173926	5	126203406	126366500
ENSG00000227942	X	64770778	64772301
ENSG00000115942	2	201773696	201828403
ENSG00000250830	5	97738246	97738436
ENSG00000258996	14	59648311	59648658
ENSG00000242082	22	32601102	32665653
ENSG00000253245	11	103278169	103279104
ENSG00000231839	7	145280290	145281910
ENSG00000251647	4	84298516	84299229
ENSG00000231809	X	64992583	64993474
ENSG00000144120	2	120436743	120444083
ENSG00000234539	HSCHR6_MHC_COX	32014365	32044486
ENSG00000229706	HSCHR6_MHC_MCF	31563620	31564431
ENSG00000230746	7	145372975	145378462
ENSG00000213608	4	84398677	84399577
ENSG00000254973	8	144840323	144853992
ENSG00000091181	3	3111233	3168297
ENSG00000203761	1	155581011	155720105
ENSG00000162980	2	152645498	152685006
ENSG00000264018	7	145793180	145793471
ENSG00000252869	14	59866741	59866869
ENSG00000239525	4	84423852	84424187
ENSG00000221766	7	146593689	146593785
ENSG00000186660	11	58346584	58388515
ENSG00000249990	5	97745379	97745804
ENSG00000258782	14	59945992	59992155
ENSG00000214076	22	32665368	32669097
ENSG00000236795	7	146778026	146794701
ENSG00000214733	8	144871090	144872629
ENSG00000201633	4	84557349	84557443
ENSG00000249171	4	84589663	84652908
ENSG00000248100	12	27699983	27705706
ENSG00000237085	2	92047410	92047507
ENSG00000254824	11	103280308	103280385
ENSG00000214077	2	132181374	132182440
ENSG00000226857	7	146843434	146843848
ENSG00000182606	3	42055294	42267381
ENSG00000171793	1	41445007	41478235
ENSG00000211976	14	107210932	107211471
ENSG00000256056	12	27745394	27746972
ENSG00000170619	8	146066427	146079121
ENSG00000250546	4	84717589	85214565
ENSG00000232391	7	146864436	146864664
ENSG00000236547	HSCHR6_MHC_MCF	31572245	31572824
ENSG00000256557	12	27761666	27761979
ENSG00000217950	2	132200167	132202467
ENSG00000254987	11	103546722	103765999
ENSG00000001617	3	50192478	50226508
ENSG00000213648	16	29467127	29476300
ENSG00000221442	7	147075109	147075213
ENSG00000121871	3	164904508	164914897
ENSG00000216090	8	144895127	144895212
ENSG00000264200	11	103720634	103720708
ENSG00000255343	8	144915440	144916233
ENSG00000230190	7	147368803	147370235
ENSG00000224050	22	32669407	32673173
ENSG00000224650	14	107218676	107219365
ENSG00000227497	2	92065995	92068221
ENSG00000258164	HSCHR6_MHC_QBL	29968112	29969556
ENSG00000164442	6	139693393	139695757
ENSG00000255548	11	103816276	103817274
ENSG00000112249	6	100956070	101329248
ENSG00000263625	HSCHR6_MHC_MCF	31580504	31580579
ENSG00000264144	8	144926240	144926325
ENSG00000266755	HSCHR6_MHC_MCF	31585228	31585305
ENSG00000232742	2	132218533	132219150
ENSG00000207574	8	145019359	145019447
ENSG00000252251	11	104123307	104123343
ENSG00000273325	22	32680670	32681118
ENSG00000112977	5	10679342	10761384
ENSG00000204791	8	145104030	145106423
ENSG00000256422	11	104316596	104480049
ENSG00000211979	14	107282792	107283280
ENSG00000234082	HSCHR6_MHC_MCF	31586431	31587265
ENSG00000117362	1	150237804	150241980
ENSG00000182824	22	18721427	18745407
ENSG00000171873	20	4201329	4229721
ENSG00000263324	HSCHR1_2_CTG31	155262778	155275043
ENSG00000180279	19	51320937	51322134
ENSG00000273073	2	132219394	132221188
ENSG00000265231	HG871_PATCH	5029587	5060223
ENSG00000004487	1	23345941	23410182
ENSG00000111540	12	56367697	56388490
ENSG00000234626	22	32723158	32739092
ENSG00000265575	2	132248733	132248809
ENSG00000112118	6	52128807	52149679
ENSG00000271093	22	32752663	32752975
ENSG00000215398	14	19110203	19118336
ENSG00000230736	22	32772651	32780330
ENSG00000267968	19	51333786	51354345
ENSG00000237026	7	64696164	64697097
ENSG00000229494	2	78315856	78354932
ENSG00000206906	14	19119515	19119621
ENSG00000256394	4	156750881	156787425
ENSG00000079277	1	47023090	47082515
ENSG00000265754	HSCHR6_MHC_MCF	31667152	31667283
ENSG00000270449	11	104553111	104553309
ENSG00000161103	22	18834324	18848562
ENSG00000257171	14	19172103	19188741
ENSG00000249253	3	130012180	130012603
ENSG00000254569	11	104743991	104744144
ENSG00000225390	HSCHR6_MHC_MCF	31702389	31704781
ENSG00000252759	2	201727875	201727970
ENSG00000197588	19	51385352	51399654
ENSG00000206502	HSCHR6_MHC_QBL	30016279	30022269
ENSG00000250888	5	79232402	79263449
ENSG00000201499	2	201746438	201746544
ENSG00000229064	7	64707972	64708122
ENSG00000175061	17	16342136	16381992
ENSG00000252916	2	201763743	201763844
ENSG00000108179	10	81107225	81115093
ENSG00000243519	22	32772669	32773122
ENSG00000263947	2	201792267	201792534
ENSG00000257356	14	19195252	19195750
ENSG00000225414	7	64721415	64721774
ENSG00000222683	3	130088070	130088187
ENSG00000214429	2	78639919	78640220
ENSG00000183308	2	201827986	201873825
ENSG00000222783	3	130530612	130530939
ENSG00000152117	2	132250386	132279146
ENSG00000265175	7	64728309	64728404
ENSG00000238442	14	19253848	19253930
ENSG00000262785	HSCHR1_2_CTG31	155275034	155286629
ENSG00000254875	HSCHR6_MHC_QBL	32079238	32097378
ENSG00000232829	3	130546503	130547220
ENSG00000170848	19	43406231	43423715
ENSG00000106263	7	2393721	2420380
ENSG00000252102	7	64791632	64791729
ENSG00000257959	14	19332154	19372787
ENSG00000258259	HSCHR6_MHC_MCF	31703068	31704007
ENSG00000257721	14	19336524	19336668
ENSG00000200130	7	64792309	64792386
ENSG00000225695	2	201927812	201928774
ENSG00000235505	11	104772276	104789800
ENSG00000226658	2	201931414	201931914
ENSG00000221625	12	98999652	98999738
ENSG00000241954	22	32779773	32781618
ENSG00000250592	3	130618258	130648820
ENSG00000215635	GL000204.1	44537	47211
ENSG00000258367	14	19339405	19345267
ENSG00000228674	19	51430334	51430831
ENSG00000249448	5	97745939	97747496
ENSG00000252148	2	201944565	201944667
ENSG00000112763	6	26458150	26476849
ENSG00000265738	HSCHR6_MHC_MCF	31707348	31707461
ENSG00000252894	3	130633185	130633296
ENSG00000232719	2	201966105	201967859
ENSG00000264873	HSCHR6_MHC_MCF	31745090	31745152
ENSG00000249098	3	130637070	130637964
ENSG00000232218	22	32782655	32782855
ENSG00000255073	11	58346645	58392112
ENSG00000224672	2	201966812	201967680
ENSG00000251050	5	79315432	79315743
ENSG00000234937	1	155815158	155816415
ENSG00000115282	2	74710200	74722013
ENSG00000264951	HSCHR6_MHC_MCF	31801028	31801130
ENSG00000269495	19	51453441	51466905
ENSG00000237078	2	201973424	201973553
ENSG00000185254	X	153498930	153523796
ENSG00000249778	5	79328994	79329125
ENSG00000244404	3	25061654	25061954
ENSG00000236054	22	32979286	32980190
ENSG00000146857	7	134916731	134943244
ENSG00000072041	12	85253492	85307394
ENSG00000201614	1	155864072	155864177
ENSG00000232133	2	202002239	202004750
ENSG00000201713	3	25066498	25066617
ENSG00000251102	5	97912045	97912964
ENSG00000107779	10	88516407	88692595
ENSG00000207475	1	155889700	155889836
ENSG00000251579	3	130646598	130647120
ENSG00000213877	3	25365665	25366150
ENSG00000249825	5	79348197	79379477
ENSG00000252808	1	155895749	155895877
ENSG00000230385	2	231773567	231774817
ENSG00000171453	6	43477440	43497323
ENSG00000235765	HSCHR6_MHC_MCF	31808387	31809665
ENSG00000267879	19	51471466	51515385
ENSG00000122042	13	30338508	30424821
ENSG00000233833	X	65014187	65015677
ENSG00000114200	3	165490692	165555260
ENSG00000273002	1	155948590	155952777
ENSG00000251890	22	33031088	33031184
ENSG00000235013	2	231822308	231822665
ENSG00000226312	2	202005007	202022546
ENSG00000268739	19	51517630	51517990
ENSG00000183628	22	18893541	18901751
ENSG00000223053	5	97974801	97974935
ENSG00000264887	HSCHR6_MHC_MCF	31822894	31822982
ENSG00000250129	3	130772161	130791183
ENSG00000268906	19	51533332	51537591
ENSG00000229673	22	33179163	33180968
ENSG00000105664	19	18893583	18902123
ENSG00000201962	3	25393775	25393883
ENSG00000224276	1	155961181	155971578
ENSG00000123594	X	13336770	13338518
ENSG00000224296	5	63970680	63971214
ENSG00000238409	16	11387067	11387170
ENSG00000268390	19	51547063	51555334
ENSG00000233649	HSCHR6_MHC_MCF	31928014	31928307
ENSG00000229421	3	25482655	25482993
ENSG00000269570	11	58378589	58378759
ENSG00000222611	1	156047164	156047245
ENSG00000221801	16	11400297	11400384
ENSG00000251553	5	98015106	98017071
ENSG00000252236	1	156161854	156161994
ENSG00000270470	2	78664976	78666047
ENSG00000197047	22	33210035	33210372
ENSG00000199668	16	11408924	11409035
ENSG00000268581	19	51623244	51626222
ENSG00000242689	11	58390146	58393198
ENSG00000271146	2	61476915	61477756
ENSG00000228155	1	156293302	156293487
ENSG00000257825	14	19364751	19364792
ENSG00000263080	16	11435666	11439068
ENSG00000223661	HSCHR6_MHC_MCF	31978673	31985947
ENSG00000230039	X	65041097	65042091
ENSG00000237390	1	156358018	156365401
ENSG00000261217	16	33790873	33794018
ENSG00000257672	14	19390865	19391038
ENSG00000183531	22	33256006	33256420
ENSG00000272370	5	64315865	64316378
ENSG00000116031	2	71057347	71062952
ENSG00000134986	5	110998318	111333161
ENSG00000238062	2	231849083	231860747
ENSG00000207933	1	156390123	156390230
ENSG00000238829	2	202006627	202006689
ENSG00000262703	16	11442000	11443178
ENSG00000164743	8	13424352	13425796
ENSG00000228194	22	33410965	33411446
ENSG00000135577	6	142379467	142409936
ENSG00000262734	HSCHR1_2_CTG31	155180970	155183462
ENSG00000235579	2	202027207	202027403
ENSG00000178814	8	145106167	145118735
ENSG00000234624	2	61644022	61644332
ENSG00000217835	X	65176131	65177038
ENSG00000258233	14	19400329	19403264
ENSG00000236947	1	156416204	156426369
ENSG00000272166	3	25597034	25597097
ENSG00000234431	2	202031688	202032269
ENSG00000238774	16	11442584	11442653
ENSG00000264219	3	25706364	25706430
ENSG00000266612	HSCHR6_MHC_MCF	32001063	32001164
ENSG00000259990	16	33815861	33816297
ENSG00000262636	16	11474716	11474975
ENSG00000224639	HSCHR6_MHC_MCF	32026249	32026275
ENSG00000227348	2	202077006	202077804
ENSG00000238225	3	25728387	25728614
ENSG00000267990	19	51641227	51641891
ENSG00000188396	1	45271585	45272957
ENSG00000261905	HSCHR1_2_CTG31	155195549	155198898
ENSG00000228622	22	33501369	33502045
ENSG00000262999	16	11559116	11567030
ENSG00000225796	2	202078021	202079383
ENSG00000185379	17	33426811	33448541
ENSG00000237311	X	65219593	65220913
ENSG00000254689	8	82797612	82835428
ENSG00000235318	2	202079376	202079673
ENSG00000261197	16	33817729	33853828
ENSG00000272354	5	64316441	64316816
ENSG00000272310	16	11561497	11561585
ENSG00000229856	HSCHR6_MHC_MCF	32052157	32052675
ENSG00000254123	8	83010686	83072812
ENSG00000074696	15	65822756	65870687
ENSG00000265731	16	11571888	11572132
ENSG00000207439	5	64419196	64419301
ENSG00000213090	2	202275267	202278031
ENSG00000267895	19	51647083	51647453
ENSG00000265115	17	31954046	31962076
ENSG00000206651	1	156453890	156454002
ENSG00000206937	2	61644379	61644513
ENSG00000137409	6	36935917	36954074
ENSG00000262420	16	11835766	11838362
ENSG00000262561	16	33922937	33923144
ENSG00000207939	X	65238712	65238821
ENSG00000149124	11	58407899	58499447
ENSG00000260460	1	156479646	156481473
ENSG00000248288	5	64505748	64506775
ENSG00000111432	12	130647004	130650285
ENSG00000264643	17	32007596	32007902
ENSG00000133805	11	10329860	10529126
ENSG00000231253	22	33504515	33512280
ENSG00000215168	X	65275429	65276429
ENSG00000225496	2	112697879	112698613
ENSG00000185053	8	13947373	15095848
ENSG00000202008	2	202288236	202288327
ENSG00000261440	16	33938203	33939259
ENSG00000206228	8	83203859	83204614
ENSG00000265689	17	32015822	32016193
ENSG00000234842	2	202414354	202415030
ENSG00000269072	19	51656180	51685222
ENSG00000213872	3	25790979	25791387
ENSG00000214329	2	92071102	92119740
ENSG00000166887	15	42450899	42500514
ENSG00000262117	16	11913686	11922702
ENSG00000221699	17	32201337	32201477
ENSG00000224299	2	202415247	202415772
ENSG00000232277	2	112709721	112710248
ENSG00000233632	22	33533126	33533324
ENSG00000172366	16	691813	698474
ENSG00000253503	8	83426803	83589388
ENSG00000269681	19	51658545	51658881
ENSG00000227736	2	202417582	202418335
ENSG00000237294	X	65294677	65296189
ENSG00000270820	2	61698323	61711265
ENSG00000238951	2	113028848	113028944
ENSG00000224590	2	202418411	202418754
ENSG00000224140	HSCHR6_MHC_MCF	32052838	32056696
ENSG00000262788	HSCHR16_2_CTG3_1	69166418	69202911
ENSG00000260087	16	33941656	33942010
ENSG00000253864	5	148786526	148793660
ENSG00000234731	2	202418819	202419113
ENSG00000231356	X	65580608	65581618
ENSG00000222009	1	45274154	45281257
ENSG00000253836	8	83775014	83870931
ENSG00000235258	2	113043634	113043999
ENSG00000249177	2	202419107	202420774
ENSG00000226820	X	65657187	65660510
ENSG00000174903	11	66036004	66044963
ENSG00000259987	16	33943723	33944473
ENSG00000263629	14	60113680	60113738
ENSG00000062485	12	56665483	56694176
ENSG00000227841	2	202421615	202422988
ENSG00000261829	2	231916755	231917352
ENSG00000208035	5	148808481	148808586
ENSG00000261120	14	60386141	60387057
ENSG00000235892	X	65717590	65719266
ENSG00000171101	19	51670585	51676780
ENSG00000254394	8	83824339	83874161
ENSG00000201574	2	231998176	231998344
ENSG00000248341	2	113089719	113091836
ENSG00000260207	16	33944923	33945316
ENSG00000250732	5	64546954	64547611
ENSG00000237039	2	232120810	232121019
ENSG00000200108	4	85154810	85154916
ENSG00000231556	7	64800087	64800581
ENSG00000234877	2	78825037	78826532
ENSG00000260001	19	7981030	7983982
ENSG00000173163	2	62115859	62374382
ENSG00000198759	X	13587724	13651694
ENSG00000241790	2	202486369	202488153
ENSG00000263307	16	11945506	11989468
ENSG00000214980	4	85165156	85166641
ENSG00000265616	16	33945949	33946021
ENSG00000205644	5	64711180	64712049
ENSG00000263641	2	232227419	232227504
ENSG00000253581	8	83891646	83892121
ENSG00000256642	16	33961052	33962503
ENSG00000261560	16	11974932	11976426
ENSG00000232906	7	64820847	64822089
ENSG00000203805	10	122216466	122349367
ENSG00000207986	16	33961652	33961766
ENSG00000185332	17	79285074	79304474
ENSG00000202423	2	79109573	79109678
ENSG00000224376	2	232253687	232259702
ENSG00000260318	16	11997780	11997994
ENSG00000261376	16	80213026	80214579
ENSG00000254189	8	84012211	84013081
ENSG00000269936	5	148809849	148812397
ENSG00000007350	X	153524024	153558700
ENSG00000200434	16	33965426	33965577
ENSG00000200048	2	79109754	79109860
ENSG00000260183	16	80581739	80586411
ENSG00000238124	7	64927984	64928351
ENSG00000248749	4	85292546	85301342
ENSG00000115594	2	102681004	102796334
ENSG00000253423	8	84113187	84114666
ENSG00000260854	16	34213115	34214215
ENSG00000251675	5	79424184	79439706
ENSG00000261216	16	12002065	12002773
ENSG00000226767	7	64973686	64973857
ENSG00000258013	4	85465457	85465672
ENSG00000236555	2	113103588	113103835
ENSG00000266163	16	12009518	12009595
ENSG00000260737	16	80600691	80606705
ENSG00000172799	2	232298634	232299137
ENSG00000235421	7	64990542	65019657
ENSG00000260224	16	12062365	12062600
ENSG00000253898	8	84315993	84321135
ENSG00000207383	2	113337061	113337161
ENSG00000261331	16	34213746	34213986
ENSG00000239466	4	85608881	85609171
ENSG00000230047	2	232301812	232302132
ENSG00000232073	22	33560049	33562425
ENSG00000251260	4	85724411	85731544
ENSG00000254202	8	84824948	85052518
ENSG00000230551	5	148872949	148884233
ENSG00000206885	2	232320511	232320647
ENSG00000230741	22	33716851	33718799
ENSG00000256579	16	34232106	34232469
ENSG00000252062	4	85807539	85807639
ENSG00000207280	2	232321155	232321234
ENSG00000268589	19	22803285	22803526
ENSG00000254195	8	85074353	85074706
ENSG00000253725	5	178267098	178268135
ENSG00000230386	7	65081990	65084127
ENSG00000204787	2	79362629	79365553
ENSG00000266012	22	33832568	33832655
ENSG00000202400	2	232325082	232325151
ENSG00000260488	16	12070708	12071707
ENSG00000243389	2	113346617	113372008
ENSG00000268981	19	22848354	22899793
ENSG00000180769	4	85887538	85932430
ENSG00000263053	17	79369275	79375658
ENSG00000253007	22	34100772	34100906
ENSG00000263774	2	232354915	232355000
ENSG00000206624	5	178311716	178311880
ENSG00000228251	2	113348373	113349516
ENSG00000253362	8	85075684	85076799
ENSG00000223198	2	232366701	232366912
ENSG00000232081	22	34119818	34120898
ENSG00000221365	12	57588287	57588359
ENSG00000213328	5	178336711	178337610
ENSG00000241641	16	12175094	12175759
ENSG00000241112	5	148924946	148925373
ENSG00000198153	19	22867969	22869534
ENSG00000181798	2	232373137	232379050
ENSG00000231747	2	113379386	113379744
ENSG00000104976	19	7985201	7988135
ENSG00000253869	5	178349065	178349717
ENSG00000260064	16	80661448	80662276
ENSG00000221185	8	85208238	85208323
ENSG00000261566	16	34257222	34258621
ENSG00000258204	12	99188263	99188742
ENSG00000265341	16	80699358	80699460
ENSG00000241282	19	22882154	22882487
ENSG00000261293	16	12187484	12189164
ENSG00000206701	8	85577994	85578100
ENSG00000221135	5	148983839	148983980
ENSG00000260594	16	80770257	80776202
ENSG00000257458	12	99325460	99370434
ENSG00000238685	16	12391054	12391180
ENSG00000231494	2	232424614	232425075
ENSG00000253137	8	85591033	85592077
ENSG00000237753	2	113399409	113403267
ENSG00000262885	16	34257710	34258136
ENSG00000261394	16	12460839	12466439
ENSG00000189292	2	279558	288851
ENSG00000222972	2	202511439	202511543
ENSG00000224973	22	34121000	34146830
ENSG00000230799	2	202627460	202628296
ENSG00000222213	5	148986200	148986304
ENSG00000260896	16	80862632	80926492
ENSG00000216671	16	34262756	34318684
ENSG00000221043	5	149075312	149075522
ENSG00000248978	8	85740808	85741714
ENSG00000257065	6	144128229	144165754
ENSG00000260723	16	12466669	12467756
ENSG00000242928	5	149101633	149101933
ENSG00000154040	18	21718942	21741567
ENSG00000232270	7	65112777	65180636
ENSG00000221541	2	113601888	113601988
ENSG00000185894	Y	27177048	27208695
ENSG00000125207	12	130822432	130857182
ENSG00000270475	19	22891636	22892116
ENSG00000199047	5	149112388	149112453
ENSG00000040731	5	24487209	24645087
ENSG00000103852	15	99676528	99791428
ENSG00000254212	8	85776903	85777142
ENSG00000265356	17	32258151	32263225
ENSG00000260601	16	12639339	12640541
ENSG00000202137	2	202673404	202673505
ENSG00000201901	4	86021649	86021976
ENSG00000238959	3	73076959	73077024
ENSG00000180152	2	113610905	113611699
ENSG00000146433	6	158957468	159056460
ENSG00000213871	3	25796416	25797161
ENSG00000268789	19	22925726	22926212
ENSG00000156689	11	58601542	58671688
ENSG00000238566	8	85832053	85832148
ENSG00000238416	3	73131138	73131241
ENSG00000263435	17	32303550	32307870
ENSG00000248725	4	86167310	86168065
ENSG00000231124	2	202689271	202689555
ENSG00000180081	19	22934985	22937677
ENSG00000252651	3	73141299	73141408
ENSG00000203413	8	85860820	85861909
ENSG00000251583	5	149311577	149312231
ENSG00000226049	17	32363700	32366891
ENSG00000120262	6	151815165	151942328
ENSG00000259876	16	12650210	12651551
ENSG00000269509	19	22956655	22957226
ENSG00000259899	16	12654613	12704901
ENSG00000254750	11	104934072	104942268
ENSG00000227368	2	113690202	113690748
ENSG00000253655	8	85892308	85892782
ENSG00000266421	4	86643621	86643686
ENSG00000260213	16	81050397	81069364
ENSG00000264733	16	12814178	12814228
ENSG00000263385	3	25810151	25810202
ENSG00000263485	17	32407901	32409243
ENSG00000221374	2	202705852	202705953
ENSG00000265774	4	86831631	86831696
ENSG00000200334	5	149319593	149319694
ENSG00000171282	17	79373540	79433357
ENSG00000260378	16	12839730	12851692
ENSG00000212184	2	202792162	202792266
ENSG00000273389	4	86921480	86921919
ENSG00000248696	5	149394348	149394717
ENSG00000265775	17	32445366	32445901
ENSG00000268696	19	23015003	23042224
ENSG00000234158	3	26057160	26057860
ENSG00000246763	5	98105322	98109173
ENSG00000253283	8	85998850	85999421
ENSG00000255430	11	104993388	104994066
ENSG00000221489	2	202817980	202818059
ENSG00000261496	4	86933449	86935027
ENSG00000236124	2	113738743	113739011
ENSG00000273209	2	202897493	202898260
ENSG00000271655	19	23023234	23023723
ENSG00000252370	17	32447075	32447186
ENSG00000254998	11	105028654	105402424
ENSG00000196150	8	146076632	146127553
ENSG00000102781	13	30776767	30881621
ENSG00000260493	8	86084312	86089297
ENSG00000238770	2	202946598	202946701
ENSG00000261061	16	81064375	81065090
ENSG00000268541	19	23044105	23044396
ENSG00000239159	5	79535306	79535408
ENSG00000241907	5	149401130	149401484
ENSG00000264791	17	32469966	32474066
ENSG00000261158	16	12853139	12855019
ENSG00000222035	2	202978349	202981781
ENSG00000249438	5	79584268	79585600
ENSG00000268296	19	23089888	23097091
ENSG00000254767	11	105065167	105065673
ENSG00000232090	2	113753094	113753514
ENSG00000161791	12	50031724	50101948
ENSG00000199474	16	12936344	12936467
ENSG00000263571	17	32488756	32491270
ENSG00000077348	19	41892279	41903384
ENSG00000260643	16	81087270	81121256
ENSG00000231903	2	203043383	203044114
ENSG00000238369	5	149408912	149409015
ENSG00000241932	16	12975027	12975350
ENSG00000254208	8	86089757	86090385
ENSG00000269458	19	23108179	23108349
ENSG00000272489	10	81422948	81424542
ENSG00000184188	5	79595497	79598666
ENSG00000214485	5	149473860	149474619
ENSG00000080802	7	135046547	135194875
ENSG00000261156	17	32496391	32522956
ENSG00000271661	19	23177770	23178649
ENSG00000263984	16	13137329	13137433
ENSG00000237603	3	26257813	26258368
ENSG00000262116	16	13291463	13298764
ENSG00000253549	8	86354080	86377144
ENSG00000254541	11	18908480	18909467
ENSG00000267849	6	44400472	44400720
ENSG00000255336	11	105117607	105117787
ENSG00000201805	2	113844382	113844488
ENSG00000261558	19	23197877	23206499
ENSG00000255536	11	18931983	18932943
ENSG00000262801	16	13340173	13656775
ENSG00000255403	11	105577025	105578663
ENSG00000234174	2	113929112	113932937
ENSG00000251828	5	79602054	79602187
ENSG00000261615	19	23229760	23244554
ENSG00000230354	HSCHR6_MHC_MCF	32057494	32058011
ENSG00000177234	10	122357721	122359629
ENSG00000244076	5	79611490	79611645
ENSG00000255244	11	18956532	18961268
ENSG00000174871	11	66045661	66052772
ENSG00000221878	19	43428286	43441330
ENSG00000202324	12	99477561	99477683
ENSG00000269543	19	23251275	23254278
ENSG00000199409	5	149477969	149478069
ENSG00000263383	17	32501264	32501336
ENSG00000254738	11	18977602	18978562
ENSG00000108829	17	48452420	48474914
ENSG00000264990	17	32503557	32505185
ENSG00000254333	5	149855094	149865531
ENSG00000258039	12	99487137	99498789
ENSG00000225540	HSCHR6_MHC_MCF	32076954	32080483
ENSG00000254720	11	18993293	18994250
ENSG00000254380	8	86436128	86452740
ENSG00000069869	15	56119120	56285944
ENSG00000203733	6	142454227	142456288
ENSG00000244444	HSCHR6_MHC_QBL	32089983	32093681
ENSG00000255424	11	19051244	19051985
ENSG00000267886	19	23258003	23283163
ENSG00000257856	HSCHR6_MHC_MCF	32116948	32117198
ENSG00000214203	12	100402830	100403616
ENSG00000253680	8	86529573	86529741
ENSG00000255308	11	19218322	19302973
ENSG00000242335	HSCHR6_MHC_SSTO	31905279	31911713
ENSG00000266726	HSCHR6_MHC_MCF	32122728	32122848
ENSG00000222663	11	105695360	105695496
ENSG00000270971	8	86554958	86556701
ENSG00000225237	HSCHR6_MHC_MCF	32369506	32370465
ENSG00000263371	11	105804680	105804760
ENSG00000270479	19	23305990	23306890
ENSG00000257696	12	100536836	100538449
ENSG00000254544	11	19296087	19296816
ENSG00000272628	8	86566862	86568611
ENSG00000252081	11	105845553	105845658
ENSG00000197948	5	141018869	141030986
ENSG00000227087	5	79627392	79628360
ENSG00000254433	11	105956717	105972702
ENSG00000255160	11	19321430	19329905
ENSG00000270416	8	86726454	86728113
ENSG00000175093	3	140770244	140867453
ENSG00000268105	19	23308467	23311345
ENSG00000264557	HSCHR6_MHC_MCF	32396819	32396925
ENSG00000271381	8	86775087	86776836
ENSG00000230602	HSCHR6_MHC_MCF	32434447	32437624
ENSG00000189223	2	113969099	114034158
ENSG00000254580	11	105983186	106002843
ENSG00000248569	5	79646840	79647775
ENSG00000270375	8	86839131	86840877
ENSG00000196284	6	44777054	45345690
ENSG00000088179	2	120517207	120741394
ENSG00000253154	8	86851934	86963312
ENSG00000238105	12	100550135	100567437
ENSG00000228260	HSCHR6_MHC_MCF	32502893	32516548
ENSG00000255270	11	19402031	19406561
ENSG00000110046	11	64662007	64684722
ENSG00000171867	20	4666882	4682236
ENSG00000254811	11	106120746	106135632
ENSG00000272319	10	43075172	43078220
ENSG00000200687	11	19423419	19423528
ENSG00000272387	10	43078683	43078835
ENSG00000149308	11	108027942	108093369
ENSG00000227753	8	87029048	87029355
ENSG00000255043	11	19524219	19528776
ENSG00000267920	19	23309371	23310594
ENSG00000160392	19	40825443	40854434
ENSG00000228884	2	232450575	232451038
ENSG00000271831	10	43079215	43079241
ENSG00000251783	10	43100606	43100711
ENSG00000239202	2	232510711	232510984
ENSG00000232109	10	43156176	43157224
ENSG00000230458	Y	20740303	20740446
ENSG00000243761	8	87055331	87055736
ENSG00000254622	11	19532437	19541443
ENSG00000135521	6	144164481	144184949
ENSG00000258150	16	29476288	29479154
ENSG00000237641	2	232654191	232654597
ENSG00000233515	10	43169645	43187171
ENSG00000221478	19	23369034	23369139
ENSG00000269471	19	23386812	23387358
ENSG00000261096	2	232674556	232677062
ENSG00000131007	Y	20743092	20752407
ENSG00000104723	8	15274724	15624158
ENSG00000268469	19	23419110	23419653
ENSG00000260622	2	232675058	232675554
ENSG00000253675	8	87111194	87166454
ENSG00000265210	11	19596857	19596919
ENSG00000169064	3	166958075	167099134
ENSG00000231009	10	43189819	43210023
ENSG00000184144	1	205012325	205047627
ENSG00000207407	11	19612703	19612838
ENSG00000269837	19	23437855	23440741
ENSG00000222246	2	232756952	232757008
ENSG00000261053	16	34320267	34320490
ENSG00000261141	16	81088906	81090031
ENSG00000270607	11	19732480	19734165
ENSG00000227191	7	38279181	38289173
ENSG00000253699	8	87192647	87224465
ENSG00000227033	2	232843198	232880430
ENSG00000261838	16	81103459	81110203
ENSG00000269107	19	23440057	23457034
ENSG00000272431	5	178365678	178366224
ENSG00000260809	16	34324872	34339205
ENSG00000264309	11	19781550	19781629
ENSG00000009844	6	142468367	142545826
ENSG00000207626	2	233037363	233037457
ENSG00000254035	5	178396391	178417117
ENSG00000245059	16	81110924	81112466
ENSG00000254542	11	20000245	20002883
ENSG00000254231	8	87345503	87355543
ENSG00000252192	12	122976660	122976788
ENSG00000211687	7	38292981	38293030
ENSG00000251485	2	233207826	233208613
ENSG00000255972	12	123048282	123048309
ENSG00000252608	16	81140138	81140244
ENSG00000254453	11	20065392	20070849
ENSG00000211688	7	38295938	38295997
ENSG00000254158	5	178424970	178425816
ENSG00000230122	2	233214464	233216019
ENSG00000260495	16	81344336	81347028
ENSG00000250569	8	87493983	87495231
ENSG00000263672	7	100418651	100418886
ENSG00000256249	12	123171672	123200526
ENSG00000213971	19	23442708	23457053
ENSG00000254894	11	20141230	20142178
ENSG00000236305	7	100434936	100450238
ENSG00000253144	5	178509681	178510195
ENSG00000273048	16	81418623	81418698
ENSG00000224516	2	233244345	233246384
ENSG00000211689	7	38297480	38305279
ENSG00000255291	11	20595732	20596496
ENSG00000239825	7	100503919	100504197
ENSG00000272923	16	81419068	81421165
ENSG00000235926	7	100525990	100526160
ENSG00000253979	5	178804506	178805866
ENSG00000202067	12	57621757	57621880
ENSG00000260229	16	81509628	81510124
ENSG00000254088	8	87515820	87517290
ENSG00000254906	11	20691971	20692843
ENSG00000201198	12	57809079	57809186
ENSG00000120008	10	122610687	122669036
ENSG00000239191	5	149923152	149923251
ENSG00000253163	5	178804532	178805762
ENSG00000244280	2	233250460	233252167
ENSG00000270634	7	147401386	147401667
ENSG00000240438	Y	20743949	20790963
ENSG00000267893	17	70036164	70036872
ENSG00000253852	5	149987990	149994916
ENSG00000072756	3	3168600	3192563
ENSG00000207318	7	147528862	147528969
ENSG00000253292	8	87605983	87606817
ENSG00000225946	7	100606878	100611410
ENSG00000258001	12	57824899	57827718
ENSG00000204121	2	233280528	233284526
ENSG00000251936	7	147546976	147547074
ENSG00000201059	11	21022427	21022543
ENSG00000128487	17	19912657	20222339
ENSG00000250309	5	150050220	150051952
ENSG00000189077	7	75616155	75623977
ENSG00000253617	5	178812820	178812993
ENSG00000242266	7	147637096	147637391
ENSG00000132591	17	27181956	27188085
ENSG00000254816	11	21191294	21191683
ENSG00000205333	8	87669616	87672521
ENSG00000117425	1	45285516	45308735
ENSG00000169203	16	29495010	29517320
ENSG00000154945	17	48770551	48785285
ENSG00000199370	7	148086741	148086950
ENSG00000261218	16	81771853	81801311
ENSG00000197083	5	150310207	150325851
ENSG00000250674	5	178882416	178883096
ENSG00000171864	20	4702556	4709106
ENSG00000255167	11	21281607	21284116
ENSG00000243374	7	148135401	148135667
ENSG00000125398	17	70117161	70122561
ENSG00000264205	5	178893834	178894126
ENSG00000214239	6	159047471	159049322
ENSG00000213210	7	148277493	148277891
ENSG00000263231	HSCHR1_2_CTG31	155199568	155204076
ENSG00000253652	5	178930323	178942580
ENSG00000131037	19	55583388	55599291
ENSG00000254298	5	150537667	150538023
ENSG00000225477	11	21305283	21525745
ENSG00000223532	HSCHR6_MHC_COX	31312134	31315506
ENSG00000270904	5	150698983	150699337
ENSG00000169129	10	116054583	116164515
ENSG00000221137	8	87670098	87670180
ENSG00000224886	10	81444250	81444739
ENSG00000251545	5	178949458	178952075
ENSG00000233915	8	87672753	87674150
ENSG00000253897	5	150745994	150810913
ENSG00000256377	12	27849321	27863703
ENSG00000227053	7	100657601	100660889
ENSG00000146425	6	159057506	159065771
ENSG00000151790	4	156775890	156841558
ENSG00000130598	11	1860219	1862910
ENSG00000106991	9	130577291	130617035
ENSG00000232935	10	128811765	128824739
ENSG00000270134	12	123210623	123211051
ENSG00000263037	HSCHR1_2_CTG31	155216170	155219520
ENSG00000256044	12	123234028	123234133
ENSG00000213209	7	148334271	148334679
ENSG00000252865	12	57904847	57904918
ENSG00000254115	8	87719775	87777251
ENSG00000206914	12	123252646	123252747
ENSG00000264046	12	57907700	57908023
ENSG00000174851	11	66052051	66056641
ENSG00000208028	12	57912946	57913042
ENSG00000256341	11	63885744	63886682
ENSG00000188722	10	129534323	129534969
ENSG00000253778	8	87778163	87830786
ENSG00000225484	10	81563813	81586350
ENSG00000270200	7	148346639	148347332
ENSG00000250062	4	87039065	87141079
ENSG00000270778	10	129666145	129666751
ENSG00000273314	7	148393559	148395756
ENSG00000180259	20	4711928	4721314
ENSG00000256116	11	63996686	64001824
ENSG00000232259	10	129727640	129732781
ENSG00000224713	12	58005901	58013421
ENSG00000252816	11	21405347	21405455
ENSG00000253568	8	87788707	87788866
ENSG00000222636	7	100701580	100701848
ENSG00000254820	11	22134994	22138547
ENSG00000172288	Y	27768264	27771049
ENSG00000262403	HSCHR1_2_CTG31	155221944	155222032
ENSG00000260336	7	100737328	100741248
ENSG00000264918	7	148427921	148428020
ENSG00000252270	5	150748005	150748076
ENSG00000255372	11	22282755	22283802
ENSG00000253500	8	88554214	88767946
ENSG00000251712	7	148518104	148518165
ENSG00000227076	10	129732962	129734431
ENSG00000253472	5	150757564	150758201
ENSG00000256940	11	64013436	64015689
ENSG00000239468	7	148587306	148587607
ENSG00000252757	4	87257471	87257767
ENSG00000254768	11	22305276	22359791
ENSG00000271494	5	150759902	150761942
ENSG00000234640	10	130114546	130118478
ENSG00000252310	7	148638580	148638658
ENSG00000266515	4	87463635	87463705
ENSG00000200227	5	150857020	150857138
ENSG00000224190	10	130711143	130714535
ENSG00000264425	7	100802754	100802836
ENSG00000224679	2	132292760	132294561
ENSG00000271795	5	150889014	150892330
ENSG00000253401	8	88587826	88588736
ENSG00000243312	4	87791344	87792557
ENSG00000254540	11	22382759	22383840
ENSG00000205267	7	100845043	100846807
ENSG00000182481	17	66031635	66042958
ENSG00000260581	5	151031836	151035010
ENSG00000232985	10	130757036	130758326
ENSG00000251563	8	88610690	88613862
ENSG00000170613	5	156588857	156593275
ENSG00000255323	11	22467234	22513565
ENSG00000176896	X	13671225	13700083
ENSG00000178531	19	7989372	7991051
ENSG00000225424	10	131076515	131089986
ENSG00000257086	11	64014411	64016966
ENSG00000213394	7	100846895	100847776
ENSG00000266061	10	131286133	131286246
ENSG00000176769	10	132890654	133109984
ENSG00000101265	20	4760669	4804291
ENSG00000188279	10	49199649	49207818
ENSG00000254376	8	88800790	88801916
ENSG00000243130	19	43511808	43530664
ENSG00000236759	HSCHR6_MHC_COX	31835086	31853014
ENSG00000237224	10	131498729	131499821
ENSG00000250202	4	87797491	87797805
ENSG00000257069	11	64059194	64072241
ENSG00000253171	8	88986393	89031341
ENSG00000255357	11	22513658	22524392
ENSG00000205981	3	180701497	180707562
ENSG00000222427	11	22709897	22709981
ENSG00000265685	HG871_PATCH	5077546	5149878
ENSG00000237087	2	233285371	233286171
ENSG00000203507	11	22766126	22768414
ENSG00000168685	5	35852797	35879705
ENSG00000149743	11	63991271	63993726
ENSG00000251411	4	87834419	87835970
ENSG00000135090	12	118587606	118810750
ENSG00000272447	10	81585658	81587358
ENSG00000253553	8	89339065	89749363
ENSG00000223788	2	233306744	233312128
ENSG00000262011	16	13425225	13426440
ENSG00000246225	11	22850926	22966939
ENSG00000185774	4	20730239	21950422
ENSG00000253520	5	178954225	178954514
ENSG00000214695	10	81620329	81621562
ENSG00000266620	2	233415184	233415283
ENSG00000262235	16	13552183	13552555
ENSG00000109475	4	109541722	109551568
ENSG00000262267	16	13823994	13873617
ENSG00000204437	10	81630131	81633659
ENSG00000249140	5	178999157	178999742
ENSG00000161996	16	699311	717833
ENSG00000255418	11	23186446	23224707
ENSG00000207024	11	64063509	64063610
ENSG00000236935	11	64092522	64096976
ENSG00000244945	5	179022905	179030742
ENSG00000242307	16	14016189	14016536
ENSG00000237126	2	233445658	233476681
ENSG00000235043	4	87870818	87871276
ENSG00000221273	11	64136074	64136175
ENSG00000123595	X	13707244	13728625
ENSG00000262732	16	14024534	14029492
ENSG00000231680	11	64161814	64163303
ENSG00000131023	6	149979289	150039392
ENSG00000226481	2	92128694	92130496
ENSG00000133195	17	70642088	71088851
ENSG00000263234	16	14047012	14048682
ENSG00000248196	4	88087996	88088886
ENSG00000231492	11	64187863	64200142
ENSG00000259979	16	34352609	34353327
ENSG00000262097	16	14103137	14109873
ENSG00000248180	4	88128244	88129238
ENSG00000222667	X	65896100	65896206
ENSG00000232500	11	64268325	64272858
ENSG00000204434	2	132349325	132384839
ENSG00000260724	16	34368885	34369446
ENSG00000237363	11	64298516	64300442
ENSG00000095787	10	28821422	28912041
ENSG00000260449	16	34375269	34375779
ENSG00000226280	X	66593415	66595362
ENSG00000196104	4	167654535	168155947
ENSG00000261856	16	14112737	14114934
ENSG00000237410	11	64413871	64427153
ENSG00000250572	4	88183083	88187974
ENSG00000269038	11	64546426	64546877
ENSG00000261800	16	34378093	34379252
ENSG00000101210	20	62119366	62130505
ENSG00000262529	16	14285677	14294134
ENSG00000188038	16	67918708	67922758
ENSG00000263981	4	88221647	88221735
ENSG00000269290	11	64552393	64553092
ENSG00000104980	19	7991603	8008805
ENSG00000255723	4	88238322	88266362
ENSG00000205726	21	35014706	35272165
ENSG00000230835	11	64649007	64649417
ENSG00000262470	16	14294214	14294836
ENSG00000261836	16	34378356	34378845
ENSG00000230519	12	27855271	27855839
ENSG00000171790	1	41481269	41488909
ENSG00000203400	11	64657298	64657758
ENSG00000240966	4	88308038	88308326
ENSG00000144583	2	217122588	217236750
ENSG00000256043	4	156845270	156875069
ENSG00000257026	16	14359347	14360629
ENSG00000267804	11	64658158	64658547
ENSG00000249262	4	88331796	88332540
ENSG00000261510	16	34383828	34384161
ENSG00000250162	5	98169086	98169415
ENSG00000256504	12	27857501	27861296
ENSG00000141141	17	35969787	36003493
ENSG00000163634	3	63819546	63849579
ENSG00000207648	11	64658609	64658718
ENSG00000252585	12	27905807	27905919
ENSG00000256747	12	27932754	27934000
ENSG00000229719	11	64658827	64660921
ENSG00000201075	16	14369362	14369457
ENSG00000177191	19	41931264	41934635
ENSG00000262454	16	14396145	14420210
ENSG00000256512	12	27951574	27953641
ENSG00000270775	11	64792862	64793987
ENSG00000233710	X	66753005	66753829
ENSG00000201612	12	27959015	27959323
ENSG00000266123	11	64817249	64817511
ENSG00000065413	2	197831741	198175897
ENSG00000256378	12	28088456	28088682
ENSG00000222610	5	98225435	98225537
ENSG00000254501	11	64878186	64879167
ENSG00000196459	X	13730363	13752754
ENSG00000248489	5	98264875	98330717
ENSG00000207639	16	14397824	14397906
ENSG00000257042	12	28111450	28122746
ENSG00000255173	11	64884629	64884930
ENSG00000199130	16	14403142	14403228
ENSG00000234201	X	67011797	67012737
ENSG00000247934	12	28316231	28343299
ENSG00000260009	16	14456966	14464123
ENSG00000164674	6	159071046	159185908
ENSG00000260873	HSCHR16_2_CTG3_1	69221025	69348087
ENSG00000254455	11	64913162	64913443
ENSG00000260118	X	67233312	67234743
ENSG00000263257	16	14501896	14512729
ENSG00000261461	16	34404063	34404612
ENSG00000189275	10	133604734	133622535
ENSG00000222477	11	64915055	64915249
ENSG00000198388	16	14548061	14548155
ENSG00000225526	3	12556433	12602558
ENSG00000234898	2	92145462	92151636
ENSG00000255058	11	64927665	64927853
ENSG00000228328	X	67290362	67291609
ENSG00000261608	16	34407687	34408464
ENSG00000242430	16	14695684	14695951
ENSG00000251283	4	157555646	157563606
ENSG00000200351	5	98272342	98272451
ENSG00000198576	8	143692405	143696833
ENSG00000238964	16	14737645	14737706
ENSG00000255200	11	64941588	64943941
ENSG00000261523	16	14789424	14800912
ENSG00000260073	16	34427061	34430032
ENSG00000262579	HSCHR16_2_CTG3_1	69209565	69209671
ENSG00000254609	16	14821139	14827204
ENSG00000129493	14	31760994	31889788
ENSG00000262354	HSCHR16_2_CTG3_1	69225018	69225118
ENSG00000252316	7	148660407	148660502
ENSG00000260590	16	34427706	34428105
ENSG00000179938	15	30375158	30385702
ENSG00000159792	16	67927175	67963581
ENSG00000202354	7	148680847	148680948
ENSG00000249251	11	64942506	64942973
ENSG00000241597	5	98290098	98290676
ENSG00000201098	7	148684228	148684340
ENSG00000266359	HG871_PATCH	5237654	5261139
ENSG00000202528	7	148730149	148730259
ENSG00000234565	7	148751053	148751265
ENSG00000271491	11	23391662	23399190
ENSG00000108848	17	48796905	48833574
ENSG00000240877	7	148822785	148823078
ENSG00000175470	10	133747955	133773331
ENSG00000239719	7	148888135	148888315
ENSG00000257504	14	19406795	19410111
ENSG00000255293	11	23425351	23427649
ENSG00000249741	4	144832667	144833206
ENSG00000235147	2	92194706	92195147
ENSG00000271664	7	148972710	148975083
ENSG00000260682	16	81993524	81996298
ENSG00000254564	11	23453223	23453345
ENSG00000252145	X	67321910	67321974
ENSG00000257644	14	19407865	19427443
ENSG00000264478	11	23493190	23493259
ENSG00000197847	11	64981311	65010228
ENSG00000251600	4	144833484	144903607
ENSG00000228125	X	67352710	67353279
ENSG00000198856	4	109571740	109588976
ENSG00000142961	1	47073387	47082563
ENSG00000265608	HG871_PATCH	5407201	5416884
ENSG00000254465	11	23499614	23501976
ENSG00000124813	6	45295894	45632086
ENSG00000261235	16	82077941	82173236
ENSG00000174529	1	205052258	205053645
ENSG00000249444	5	98825263	98835071
ENSG00000109670	4	153242410	153457253
ENSG00000257175	14	19411432	19413685
ENSG00000206646	X	67580917	67581029
ENSG00000244560	7	148982372	148994403
ENSG00000145431	4	157681606	157892546
ENSG00000075975	3	12598513	12625212
ENSG00000225925	X	67694552	67696716
ENSG00000220157	5	79654899	79655859
ENSG00000240881	11	23541868	23542748
ENSG00000263636	16	82144658	82144758
ENSG00000179292	11	66059341	66064135
ENSG00000258364	14	19412520	19413898
ENSG00000181027	19	47249303	47280245
ENSG00000263440	HG871_PATCH	5435290	5447022
ENSG00000260161	16	82154243	82155374
ENSG00000248828	4	144874788	145047512
ENSG00000206774	5	79661545	79661651
ENSG00000161513	17	72858619	72869156
ENSG00000257731	14	19421521	19422698
ENSG00000255193	11	23752134	23818516
ENSG00000206324	HSCHR6_MHC_QBL	32093612	32103496
ENSG00000151353	2	667335	677439
ENSG00000223816	2	92222172	92223026
ENSG00000249042	5	79778112	79783882
ENSG00000261129	4	145427052	145430153
ENSG00000258076	14	19422468	19422980
ENSG00000138375	2	217277137	217347776
ENSG00000206747	X	67759285	67759391
ENSG00000261029	16	82203901	82209408
ENSG00000254861	11	23782876	23826144
ENSG00000113851	3	3190676	3221394
ENSG00000124557	6	26501449	26510650
ENSG00000236735	X	67819926	67820315
ENSG00000257558	14	19443726	19443847
ENSG00000251888	16	82226110	82226395
ENSG00000252519	11	23871324	23871428
ENSG00000250504	4	145493390	145494135
ENSG00000249035	5	151056506	151104343
ENSG00000264502	16	82381112	82381184
ENSG00000254594	11	24257023	24283764
ENSG00000259873	16	82468433	82468986
ENSG00000239200	14	19468509	19468885
ENSG00000105341	19	41937223	41946622
ENSG00000174807	11	66081958	66084515
ENSG00000168904	15	99791567	99930934
ENSG00000257635	14	19475116	19476455
ENSG00000206356	5	98858015	98861166
ENSG00000256152	12	123349882	123351568
ENSG00000234463	X	67865168	67865369
ENSG00000228409	7	65216129	65228341
ENSG00000248890	4	145564074	145582509
ENSG00000257224	14	19478758	19478940
ENSG00000224879	2	79385500	79412649
ENSG00000235479	Y	20811557	20812165
ENSG00000117222	1	205055270	205091143
ENSG00000258395	2	113998307	113998987
ENSG00000232267	X	67991165	67992421
ENSG00000257990	14	19485970	19495426
ENSG00000147862	9	14081842	14398982
ENSG00000229385	2	79720842	79727970
ENSG00000234997	2	114182072	114182901
ENSG00000167311	11	3659733	3663546
ENSG00000256028	12	123459867	123467454
ENSG00000237383	2	95391419	95391680
ENSG00000230237	2	79800890	79802719
ENSG00000272563	2	114190177	114193619
ENSG00000222102	5	151083850	151084139
ENSG00000227762	5	98868332	98870315
ENSG00000242706	5	79794353	79794790
ENSG00000234148	2	114270040	114273062
ENSG00000249606	Y	20817406	20818076
ENSG00000255065	11	106180772	106182518
ENSG00000272112	5	151104392	151104917
ENSG00000252031	2	79863988	79864089
ENSG00000249193	4	145766777	145768496
ENSG00000238436	12	58062727	58062822
ENSG00000240003	5	79796151	79797219
ENSG00000265526	12	123495214	123495275
ENSG00000253921	5	151133553	151146808
ENSG00000242990	12	58068448	58069033
ENSG00000264542	11	106672075	106672218
ENSG00000005007	19	18942747	18979045
ENSG00000167653	8	143751726	143764142
ENSG00000213252	11	106697118	106698616
ENSG00000250406	4	145772724	145795939
ENSG00000008283	17	61509665	61523739
ENSG00000164040	4	129190397	129209984
ENSG00000105223	19	40854363	40886346
ENSG00000266436	2	79876420	79876485
ENSG00000242153	Y	20835919	20901083
ENSG00000257342	12	58087915	58115293
ENSG00000255353	11	107047012	107048256
ENSG00000231943	2	114285145	114300249
ENSG00000257853	14	19498565	19502394
ENSG00000263566	2	80021396	80021507
ENSG00000204323	17	73629514	73637484
ENSG00000224731	2	80255138	80257677
ENSG00000257499	12	58117544	58119448
ENSG00000174791	11	66097713	66104311
ENSG00000251452	4	145841865	145842316
ENSG00000222276	14	96850961	96851152
ENSG00000222594	4	145956284	145956588
ENSG00000251366	5	79899202	79899463
ENSG00000261098	11	107182858	107186997
ENSG00000266465	12	58168032	58168101
ENSG00000152942	5	68665120	68710628
ENSG00000259059	14	96890037	96890546
ENSG00000238713	4	146070689	146070801
ENSG00000270039	12	58197621	58198198
ENSG00000133687	12	29653773	29937692
ENSG00000240992	4	146190962	146191710
ENSG00000189403	13	31032884	31191734
ENSG00000240051	14	96922913	96923378
ENSG00000223427	2	80389554	80390261
ENSG00000206749	12	58199937	58200043
ENSG00000272727	4	146256415	146261573
ENSG00000251221	5	79904442	79918343
ENSG00000260806	14	96967147	96968658
ENSG00000268059	6	13615728	13621126
ENSG00000221179	2	80471748	80471843
ENSG00000251333	4	146296695	146297405
ENSG00000255478	11	65134909	65142770
ENSG00000225215	11	107274130	107275315
ENSG00000270969	11	107456627	107457629
ENSG00000258702	14	97059070	97062099
ENSG00000248745	4	146377157	146377996
ENSG00000237031	2	80802238	80845902
ENSG00000255483	11	107471105	107471594
ENSG00000213433	5	151145420	151145939
ENSG00000245532	11	65190245	65213011
ENSG00000250582	4	146418225	146424123
ENSG00000138614	15	65871091	65903627
ENSG00000269903	12	58208277	58208709
ENSG00000254758	11	107513613	107514597
ENSG00000091831	6	151977826	152450754
ENSG00000206634	7	65220513	65220646
ENSG00000268794	19	23471422	23472147
ENSG00000238321	16	82487925	82488023
ENSG00000261247	15	30427352	30437770
ENSG00000250902	4	146435767	146438270
ENSG00000207789	12	58218392	58218475
ENSG00000206785	7	65225039	65225173
ENSG00000230985	HSCHR6_MHC_DBB	30866734	30884964
ENSG00000270978	5	151228447	151230352
ENSG00000261285	16	82529598	82544524
ENSG00000265603	12	123500727	123500976
ENSG00000215009	12	7456880	7481320
ENSG00000248686	4	146520261	146521704
ENSG00000268148	19	23473651	23473819
ENSG00000224316	7	65238607	65267054
ENSG00000268336	19	51688161	51694065
ENSG00000249655	5	79926132	79927409
ENSG00000222308	5	151255127	151255253
ENSG00000251497	12	123565931	123569291
ENSG00000254702	11	107606735	107609444
ENSG00000149311	11	108093211	108239829
ENSG00000249245	4	146545311	146547187
ENSG00000267934	19	23506770	23511903
ENSG00000248967	5	80042158	80042638
ENSG00000123472	1	47098409	47139539
ENSG00000118491	6	144185573	144259483
ENSG00000261176	16	82587654	82608815
ENSG00000160886	8	143781529	143786545
ENSG00000269431	19	23563119	23563678
ENSG00000248356	4	146563488	146571776
ENSG00000251562	11	65265233	65273940
ENSG00000254226	5	151329132	151650009
ENSG00000240652	11	107779146	107779490
ENSG00000187553	10	94821021	94828454
ENSG00000260862	16	82806924	82863243
ENSG00000251687	4	146754270	146760732
ENSG00000244630	5	80151326	80151662
ENSG00000268992	19	23567332	23568095
ENSG00000201314	4	146879280	146879392
ENSG00000235423	12	123736577	123746030
ENSG00000200855	11	107955640	107955741
ENSG00000221395	16	82875691	82875805
ENSG00000260303	4	146973756	146977914
ENSG00000255467	11	107975801	107992411
ENSG00000270117	11	65265481	65265876
ENSG00000200670	7	65279659	65279762
ENSG00000263360	16	82878060	82878358
ENSG00000268652	19	51697374	51698796
ENSG00000251450	5	80243516	80256726
ENSG00000251024	4	146998998	147029309
ENSG00000236529	7	65305199	65305583
ENSG00000260832	16	82986835	83023903
ENSG00000270526	11	65281874	65282394
ENSG00000269416	19	23582035	23598877
ENSG00000206967	11	108100230	108100331
ENSG00000260233	11	65337131	65337744
ENSG00000269253	19	51702111	51704705
ENSG00000101751	18	51795774	51847636
ENSG00000221607	11	108340182	108340279
ENSG00000261410	16	83416612	83431775
ENSG00000230975	2	80926513	81097315
ENSG00000240698	11	108561016	108561683
ENSG00000248809	4	147030607	147043065
ENSG00000266041	11	65403781	65403840
ENSG00000176994	17	18218624	18226517
ENSG00000100033	22	18900294	18924066
ENSG00000254730	11	108598468	108600831
ENSG00000265874	11	65416663	65416724
ENSG00000222299	16	83434148	83434220
ENSG00000010017	6	13621730	13711796
ENSG00000256515	17	34522268	34524157
ENSG00000263785	16	83541951	83542013
ENSG00000251001	5	80293002	80293866
