ENSG00000158477	1	158223927	158228059
ENSG00000176165	14	29235050	29238870
ENSG00000186960	14	29241910	29282493
ENSG00000168614	1	144811744	144830413
ENSG00000125084	12	49372398	49375459
ENSG00000158481	1	158259576	158263420
ENSG00000181418	12	49388932	49393092
ENSG00000168280	2	149632819	149883273
ENSG00000075151	1	21132963	21503377
ENSG00000122557	7	35672269	35735181
ENSG00000144827	3	111697857	111712210
ENSG00000077238	16	27324989	27376099
ENSG00000158485	1	158297741	158301321
ENSG00000241685	7	98923521	98985787
ENSG00000184304	14	30045687	30661104
ENSG00000204475	6	31556672	31560762
ENSG00000104833	19	6494330	6502859
ENSG00000119638	14	75548822	75594047
ENSG00000181929	12	49396057	49412980
ENSG00000166670	11	102641234	102651359
ENSG00000099194	10	102106881	102124591
ENSG00000196611	11	102660651	102668891
ENSG00000105650	19	18318771	18366229
ENSG00000103522	16	27413483	27462115
ENSG00000187581	14	93813537	93814702
ENSG00000149968	11	102706532	102714534
ENSG00000175785	14	94184644	94254827
ENSG00000064102	12	27058114	27091259
ENSG00000125657	19	6531010	6535931
ENSG00000129226	17	7482785	7485429
ENSG00000137745	11	102813724	102826463
ENSG00000122545	7	35840542	35944917
ENSG00000140067	14	94385240	94395954
ENSG00000137692	11	102932805	102962944
ENSG00000144834	3	111717511	111732734
ENSG00000168291	3	58413357	58419584
ENSG00000077235	16	27470876	27561234
ENSG00000102974	16	67596310	67673086
ENSG00000100628	14	94400499	94443137
ENSG00000092140	14	31028329	31089269
ENSG00000111790	12	27091316	27119583
ENSG00000130518	19	18367908	18385319
ENSG00000170348	14	75598173	75643334
ENSG00000125726	19	6583194	6604114
ENSG00000144655	3	39183346	39196053
ENSG00000125735	19	6663148	6670599
ENSG00000129255	17	7486847	7496107
ENSG00000159753	16	67678822	67691472
ENSG00000130429	7	98971872	98992424
ENSG00000168334	3	39224701	39234087
ENSG00000187240	11	102980160	103350591
ENSG00000125730	19	6677715	6730573
ENSG00000168329	3	39304985	39323226
ENSG00000158488	1	158323254	158327343
ENSG00000176040	3	111753690	111800116
ENSG00000064115	12	27126128	27167367
ENSG00000047578	16	27561454	27791690
ENSG00000262304	17	3468738	3539543
ENSG00000258740	14	75705319	75735986
ENSG00000112851	5	65222303	65378377
ENSG00000170345	14	75745477	75748933
ENSG00000008282	7	105730949	105753022
ENSG00000258987	14	94405901	94410475
ENSG00000125734	19	6729925	6737614
ENSG00000089723	14	94492675	94515276
ENSG00000049540	7	73442119	73484237
ENSG00000117298	1	21543740	21671997
ENSG00000089737	14	94517266	94547591
ENSG00000186306	1	158368312	158369256
ENSG00000180708	1	158389718	158390656
ENSG00000152457	10	14939358	14996431
ENSG00000169181	16	27798850	28074830
ENSG00000196689	17	3468738	3500392
ENSG00000075290	10	102222798	102243501
ENSG00000173285	1	158435272	158436344
ENSG00000198965	1	158449668	158450675
ENSG00000197532	1	158516918	158517895
ENSG00000142794	1	21766621	21811498
ENSG00000186440	1	158532441	158533394
ENSG00000140044	14	75894419	75940814
ENSG00000167548	12	49412758	49453557
ENSG00000186400	1	158548709	158549689
ENSG00000169180	16	28109300	28223241
ENSG00000106244	7	98989671	99006452
ENSG00000198967	1	158576229	158577170
ENSG00000106245	7	99006264	99017239
ENSG00000152944	12	27175479	27219276
ENSG00000105835	7	105888731	105926772
ENSG00000075826	10	102246399	102289628
ENSG00000156127	14	75988768	76013358
ENSG00000162551	1	21835858	21904905
ENSG00000139200	12	6802958	6809966
ENSG00000168301	3	58477841	58488087
ENSG00000163554	1	158580496	158656488
ENSG00000114529	3	111805182	111849851
ENSG00000125733	19	6737936	6751537
ENSG00000119686	14	76044960	76129557
ENSG00000170962	11	103777914	104035107
ENSG00000165948	14	94547628	94570192
ENSG00000188322	16	28303840	28335170
ENSG00000185112	3	194406622	194409762
ENSG00000170967	11	103907308	103909922
ENSG00000198156	16	28353876	28374829
ENSG00000204472	6	31582961	31584798
ENSG00000174500	3	111839688	111852152
ENSG00000005102	17	41717756	41739322
ENSG00000214700	12	27233991	27235447
ENSG00000204403	11	104756445	104769397
ENSG00000205609	16	28390900	28415200
ENSG00000253276	7	106297211	106301442
ENSG00000129194	17	7491496	7493488
ENSG00000178104	1	144836157	145076186
ENSG00000119737	2	54080050	54087126
ENSG00000111652	12	6832907	6841041
ENSG00000233232	16	28467693	28481868
ENSG00000211455	12	27396901	27478892
ENSG00000261832	16	28477974	28503333
ENSG00000150556	2	149894621	150071776
ENSG00000105851	7	106505723	106547590
ENSG00000168306	3	58490863	58523046
ENSG00000177352	3	49199968	49203754
ENSG00000196171	1	158669369	158670486
ENSG00000129245	17	7494548	7518189
ENSG00000185909	3	49209044	49213917
ENSG00000268466	14	58754751	58755865
ENSG00000203757	1	158686958	158687953
ENSG00000180433	1	158724510	158725681
ENSG00000167550	12	49458468	49463808
ENSG00000197403	1	158735466	158736492
ENSG00000173950	3	194789008	194991896
ENSG00000106246	7	99014362	99063787
ENSG00000188340	1	158746472	158747425
ENSG00000197417	17	3511556	3539616
ENSG00000204469	6	31588497	31605548
ENSG00000165949	14	94571182	94583033
ENSG00000163563	1	158801107	158819296
ENSG00000076864	1	21922708	21995801
ENSG00000032219	14	58765103	58840605
ENSG00000040531	17	3539762	3564836
ENSG00000172139	3	111859734	112013105
ENSG00000248919	7	99017372	99063820
ENSG00000236980	3	49215065	49229291
ENSG00000187123	2	150186499	150330662
ENSG00000005249	7	106685094	106802256
ENSG00000139549	12	49483204	49488602
ENSG00000173421	3	49235861	49295537
ENSG00000160917	7	99036545	99054994
ENSG00000225399	3	49297518	49298744
ENSG00000188315	3	49306035	49315342
ENSG00000268172	1	144989309	144991365
ENSG00000213240	1	145209119	145291972
ENSG00000255168	1	145209145	145319796
ENSG00000114316	3	49315264	49378145
ENSG00000119685	14	76099968	76421421
ENSG00000068878	2	54091204	54197977
ENSG00000139636	12	49490919	49504683
ENSG00000163564	1	158900586	158946844
ENSG00000173818	17	78388965	78411886
ENSG00000196860	14	58862634	58875419
ENSG00000100575	14	58875212	58894332
ENSG00000268503	17	7517264	7517427
ENSG00000168288	2	150426148	150444330
ENSG00000163386	1	145289772	145370303
ENSG00000089693	12	6857170	6876641
ENSG00000115963	2	151324709	151395525
ENSG00000188603	16	28477983	28506896
ENSG00000029153	12	27485787	27576241
ENSG00000129214	17	7517382	7536700
ENSG00000255339	10	102265385	102289638
ENSG00000168509	1	145413095	145417545
ENSG00000234058	HSCHR6_MHC_COX	30024382	30028006
ENSG00000168309	3	58549844	58613337
ENSG00000166136	10	102267203	102289757
ENSG00000213977	17	3566196	3571976
ENSG00000257950	17	3566357	3599488
ENSG00000100578	14	58894103	59015216
ENSG00000117289	1	145438469	145442635
ENSG00000198643	3	58619673	58652575
ENSG00000125731	19	6752171	6767599
ENSG00000127774	17	3572109	3572962
ENSG00000105856	7	106809406	106842974
ENSG00000167941	17	41831099	41836156
ENSG00000121851	1	145456236	145470388
ENSG00000233276	3	49394609	49396033
ENSG00000181039	1	145470508	145475646
ENSG00000119632	14	94594116	94596590
ENSG00000152022	1	145477085	145501669
ENSG00000067560	3	49396578	49450431
ENSG00000131795	1	145507598	145513536
ENSG00000091972	3	112051194	112081659
ENSG00000141968	19	6772725	6857377
ENSG00000108861	17	41843489	41856356
ENSG00000159335	12	6874682	6880116
ENSG00000131779	1	145516252	145523730
ENSG00000083454	17	3575493	3599698
ENSG00000089692	12	6881678	6887621
ENSG00000145022	3	49449639	49453908
ENSG00000010610	12	6896024	6929974
ENSG00000214314	7	99040552	99040747
ENSG00000163565	1	158969758	159024945
ENSG00000119698	14	94612465	94746072
ENSG00000174837	19	6887577	6940470
ENSG00000241468	7	99046098	99063954
ENSG00000114331	3	194995465	195163807
ENSG00000186265	3	112182815	112218408
ENSG00000204752	19	7011514	7013338
ENSG00000237247	19	7030589	7033022
ENSG00000205718	19	7037759	7040190
ENSG00000143127	1	145524891	145543868
ENSG00000230522	19	7049332	7051746
ENSG00000182315	19	7056220	7058651
ENSG00000130544	19	7069455	7087979
ENSG00000164597	7	106842000	107204959
ENSG00000145020	3	49454211	49460186
ENSG00000163689	3	58703092	59035810
ENSG00000141504	17	7529552	7531194
ENSG00000231256	17	41857803	41864980
ENSG00000198483	1	145549230	145568526
ENSG00000171105	19	7112266	7294045
ENSG00000165935	12	27619743	27655118
ENSG00000163568	1	159032274	159116886
ENSG00000165617	14	59100685	59115039
ENSG00000198556	7	99070464	99101273
ENSG00000227171	HSCHR6_MHC_COX	30027939	30033560
ENSG00000144848	3	112251356	112280893
ENSG00000184730	16	28505970	28510291
ENSG00000204463	6	31606805	31620482
ENSG00000250510	12	6930711	6939136
ENSG00000197272	16	28510683	28523372
ENSG00000176046	16	28548606	28550495
ENSG00000131788	1	145575233	145586546
ENSG00000140093	14	94749650	94759608
ENSG00000176476	16	28565236	28603111
ENSG00000170099	14	94770585	94789731
ENSG00000263264	19	7413848	7448271
ENSG00000129244	17	7549945	7561086
ENSG00000162706	1	159141399	159173103
ENSG00000197165	16	28603264	28608430
ENSG00000100592	14	59655364	59838123
ENSG00000186364	1	145586115	145589439
ENSG00000161647	17	41878167	41910538
ENSG00000268861	19	7445850	7535131
ENSG00000104880	19	7459999	7537363
ENSG00000186141	1	145592605	145611025
ENSG00000197249	14	94843084	94857030
ENSG00000110811	12	6937572	6949018
ENSG00000153914	5	65435799	65479443
ENSG00000213088	1	159173097	159176290
ENSG00000121848	1	145611036	145696218
ENSG00000196502	16	28616903	28634946
ENSG00000171246	17	78440948	78451643
ENSG00000145029	3	49460379	49466759
ENSG00000222031	2	151857734	151905288
ENSG00000226402	HSCHR6_MHC_COX	30060592	30070807
ENSG00000184898	2	152104454	152118393
ENSG00000117281	1	145695798	145715614
ENSG00000104883	19	7541761	7562335
ENSG00000110841	12	27676364	27848497
ENSG00000179639	1	159259504	159278014
ENSG00000198723	19	7557862	7573336
ENSG00000106683	7	73497263	73536855
ENSG00000267952	19	7571938	7584508
ENSG00000196266	1	159283460	159284449
ENSG00000198816	19	7580178	7585912
ENSG00000255524	16	28648975	28670003
ENSG00000174827	1	145726918	145764074
ENSG00000249730	1	159401994	159402928
ENSG00000141510	17	7565097	7590856
ENSG00000257545	12	106889736	107168696
ENSG00000133935	14	76116134	76127532
ENSG00000196184	1	159409512	159410600
ENSG00000090674	19	7587512	7598895
ENSG00000141564	17	78518619	78940171
ENSG00000184155	1	159504793	159505842
ENSG00000160908	7	99084142	99097947
ENSG00000132703	1	159557615	159558655
ENSG00000184203	3	195241221	195270209
ENSG00000173402	3	49506146	49573048
ENSG00000119650	14	76368479	76550928
ENSG00000172209	7	107110463	107116098
ENSG00000181619	14	59895740	59932060
ENSG00000105865	7	107203929	107218906
ENSG00000126790	14	59927081	59951148
ENSG00000196652	7	99102274	99132323
ENSG00000132693	1	159682079	159684379
ENSG00000166135	10	102288829	102319755
ENSG00000189283	3	59735036	61237133
ENSG00000123416	12	49521565	49525180
ENSG00000221909	7	99143931	99156159
ENSG00000050130	14	59951161	59972128
ENSG00000184110	16	28699879	28747051
ENSG00000158716	1	159750722	159752333
ENSG00000123609	2	152126979	152146571
ENSG00000138459	3	112280556	112304424
ENSG00000117262	1	145764411	145827103
ENSG00000083457	17	3617922	3704537
ENSG00000111664	12	6949118	6956557
ENSG00000268614	19	7598481	7604945
ENSG00000075790	7	107220422	107269615
ENSG00000075891	10	102495360	102589698
ENSG00000106682	7	73588575	73611431
ENSG00000181036	1	159770301	159786041
ENSG00000197343	7	99156029	99174076
ENSG00000196644	1	145883868	145924373
ENSG00000164061	3	49591922	49708978
ENSG00000119699	14	76424442	76449334
ENSG00000111783	12	106976685	107156581
ENSG00000269415	3	59957215	59957583
ENSG00000158714	1	159796540	159807039
ENSG00000032444	19	7598890	7626650
ENSG00000164062	3	49711435	49721396
ENSG00000144724	3	61547243	62283288
ENSG00000167552	12	49578579	49583107
ENSG00000188004	1	159804264	159825137
ENSG00000196993	16	28763108	28784128
ENSG00000243284	1	159824106	159832447
ENSG00000091986	3	112323407	112368377
ENSG00000089916	14	76618259	76720685
ENSG00000152042	1	146032647	146082765
ENSG00000086730	7	73613982	73644161
ENSG00000186910	14	94908801	94919127
ENSG00000177602	17	3627211	3630067
ENSG00000189058	3	195295573	195311076
ENSG00000074356	17	3714460	3749545
ENSG00000256029	1	159827690	159842843
ENSG00000170054	14	94929054	94946026
ENSG00000174236	12	27849428	27850566
ENSG00000151838	14	59971257	60043549
ENSG00000061794	12	27863706	27909228
ENSG00000206531	3	112534556	112565703
ENSG00000272647	7	99156291	99205433
ENSG00000111665	12	6953957	6961230
ENSG00000091137	7	107301080	107358254
ENSG00000161649	17	41924516	41940997
ENSG00000213085	1	159842154	159869953
ENSG00000165953	14	94953611	94984181
ENSG00000069020	5	65892176	66465423
ENSG00000100665	14	95027428	95036250
ENSG00000139970	14	60062694	60337684
ENSG00000228001	HSCHR6_MHC_COX	30093815	30106445
ENSG00000168488	16	28834356	28848558
ENSG00000186275	1	146373546	146467744
ENSG00000141499	17	7589389	7606820
ENSG00000269620	1	159879884	159880159
ENSG00000111667	12	6961292	6975796
ENSG00000163606	3	112640056	112693969
ENSG00000176945	3	195447753	195467994
ENSG00000123610	2	152214106	152236560
ENSG00000076826	19	7660788	7683190
ENSG00000131791	1	146626685	146644129
ENSG00000188488	14	95027779	95059457
ENSG00000076924	19	7684411	7694451
ENSG00000173531	3	49721380	49726934
ENSG00000158710	1	159887897	159895522
ENSG00000178952	16	28853732	28857729
ENSG00000167553	12	49582519	49667114
ENSG00000237192	HSCHR6_MHC_COX	30109655	30118642
ENSG00000229833	19	7694623	7696842
ENSG00000105879	7	107384142	107402112
ENSG00000131781	1	146646930	146714700
ENSG00000049541	7	73645829	73668774
ENSG00000135406	12	49687035	49692465
ENSG00000197889	10	15001438	15030049
ENSG00000085552	1	159896829	159915386
ENSG00000163607	3	112709765	112733907
ENSG00000111669	12	6976283	6980112
ENSG00000108947	17	7608520	7614696
ENSG00000162723	1	159921282	159924044
ENSG00000091138	7	107405912	107443670
ENSG00000143315	1	159997462	160001783
ENSG00000177807	1	160007257	160040038
ENSG00000080345	2	152266397	152364527
ENSG00000273259	14	95058395	95090983
ENSG00000162728	1	160051360	160060353
ENSG00000131951	14	60386431	60530277
ENSG00000131778	1	146714291	146767443
ENSG00000162729	1	160061130	160068733
ENSG00000106665	7	73703805	73820273
ENSG00000108852	17	41952725	41987068
ENSG00000183914	17	7620672	7737062
ENSG00000126773	14	60558629	60635851
ENSG00000119906	10	102672326	102724893
ENSG00000116128	1	147013182	147098017
ENSG00000176108	17	78965398	78983317
ENSG00000196136	14	95078714	95090392
ENSG00000162836	1	147101453	147142618
ENSG00000055950	10	102729215	102747272
ENSG00000164068	3	49726932	49758962
ENSG00000143140	1	147228332	147245484
ENSG00000163608	3	112721287	112738708
ENSG00000018625	1	160085549	160113381
ENSG00000121634	1	147374946	147381393
ENSG00000175911	17	78977135	78978932
ENSG00000188092	1	147400506	147465753
ENSG00000152463	10	15074226	15115851
ENSG00000135451	12	49717019	49725514
ENSG00000111671	12	6980099	6998522
ENSG00000006704	7	73868120	74016931
ENSG00000091140	7	107531415	107572175
ENSG00000203836	1	147574428	147634886
ENSG00000133937	14	95234553	95236562
ENSG00000269647	1	147631967	147632428
ENSG00000255963	1	147954635	147955419
ENSG00000175866	17	79008948	79091232
ENSG00000010626	12	6982733	7023407
ENSG00000132681	1	160121360	160156767
ENSG00000100612	14	60610838	60636574
ENSG00000122497	1	148003642	148025863
ENSG00000204444	6	31620193	31625987
ENSG00000111674	12	7022909	7032861
ENSG00000100697	14	95552565	95624347
ENSG00000256374	1	148201752	148202536
ENSG00000134061	5	66478103	66492627
ENSG00000143318	1	160160285	160171676
ENSG00000186897	12	49726200	49730971
ENSG00000132510	17	7743222	7758114
ENSG00000162734	1	160175127	160185166
ENSG00000178401	12	49740700	49751309
ENSG00000203832	1	148250249	148347506
ENSG00000077809	7	74071994	74175026
ENSG00000123352	12	49760367	49921205
ENSG00000091136	7	107564244	107643700
ENSG00000100614	14	60712470	60765805
ENSG00000111676	12	7033626	7051484
ENSG00000179008	14	60863187	60982261
ENSG00000144857	3	112929850	113006303
ENSG00000111678	12	7052141	7055166
ENSG00000132716	1	160185505	160254920
ENSG00000167874	17	7758383	7759417
ENSG00000183011	17	7760003	7788556
ENSG00000182224	17	7761064	7765600
ENSG00000111679	12	7055631	7070479
ENSG00000184302	14	60975669	60979568
ENSG00000126778	14	61110133	61124977
ENSG00000100625	14	61176246	61191066
ENSG00000020426	14	61201460	61436671
ENSG00000176020	3	49754267	49761349
ENSG00000126814	14	61438169	61448076
ENSG00000173540	3	49754277	49761384
ENSG00000139974	14	61447832	61550451
ENSG00000258465	1	160187254	160254920
ENSG00000176095	3	49761727	49823975
ENSG00000162735	1	160246602	160256138
ENSG00000158517	7	74188309	74203659
ENSG00000183091	2	152341850	152591001
ENSG00000215021	12	7074490	7079988
ENSG00000187492	3	49828165	49837268
ENSG00000122218	1	160259063	160313190
ENSG00000027075	14	61654277	62017694
ENSG00000204439	6	31626075	31628549
ENSG00000253787	5	67485704	67494235
ENSG00000185614	3	49840687	49842463
ENSG00000182179	3	49842640	49851379
ENSG00000095539	10	102729275	102745628
ENSG00000196275	7	74210483	74267847
ENSG00000183763	3	49866034	49894007
ENSG00000145113	3	195473636	195539148
ENSG00000111684	12	7085348	7125814
ENSG00000145675	5	67511548	67597649
ENSG00000182107	14	61744088	61748558
ENSG00000258989	14	61995846	62124682
ENSG00000232774	14	62037258	62125414
ENSG00000183086	7	74379083	74438803
ENSG00000204438	6	31629006	31634060
ENSG00000100644	14	62162231	62214976
ENSG00000204435	6	31633013	31638120
ENSG00000174374	7	74441226	74490064
ENSG00000107815	10	102747124	102754158
ENSG00000162736	1	160313062	160328742
ENSG00000164076	3	49895421	49907655
ENSG00000227147	HSCHR6_MHC_COX	30120906	30130396
ENSG00000182326	12	7096351	7178336
ENSG00000171786	1	160336857	160342638
ENSG00000176244	10	15119522	15130775
ENSG00000162738	1	160370376	160398468
ENSG00000170634	2	54197975	54532437
ENSG00000174428	7	74508364	74565623
ENSG00000176236	10	15137384	15139318
ENSG00000162739	1	160454820	160493052
ENSG00000023608	14	62229075	62263146
ENSG00000152464	10	15139179	15181817
ENSG00000164078	3	49924435	49941299
ENSG00000139973	14	62453803	62568431
ENSG00000230230	HSCHR6_MHC_COX	30142137	30171100
ENSG00000066294	1	160510885	160549306
ENSG00000140015	14	63173287	63568755
ENSG00000159403	12	7187513	7245203
ENSG00000198750	7	74807499	74867509
ENSG00000268891	7	74999908	75005425
ENSG00000178809	7	75024337	75040279
ENSG00000126785	14	63670832	63759937
ENSG00000228008	3	49941278	49954370
ENSG00000117090	1	160577890	160617085
ENSG00000135213	7	75046066	75115548
ENSG00000111785	12	107168373	107283090
ENSG00000117091	1	160648536	160681641
ENSG00000164077	3	49946302	49967606
ENSG00000178021	2	54480315	54483409
ENSG00000154001	14	63838075	64010092
ENSG00000139178	12	7242183	7261869
ENSG00000177994	2	54557171	54610879
ENSG00000026751	1	160709037	160724611
ENSG00000004534	3	49977440	50137478
ENSG00000152465	10	15144583	15210692
ENSG00000127946	7	75162621	75368280
ENSG00000139194	12	7276280	7281538
ENSG00000139182	12	7282294	7311541
ENSG00000122224	1	160765864	160798051
ENSG00000115306	2	54683422	54896812
ENSG00000267496	17	41994576	41995326
ENSG00000261514	17	42015731	42016327
ENSG00000108849	17	42018172	42019836
ENSG00000122223	1	160799950	160832692
ENSG00000179914	1	160846329	160854960
ENSG00000224994	HSCHR6_MHC_COX	30284058	30304393
ENSG00000158764	1	160914815	160924589
ENSG00000158769	1	160965001	160991138
ENSG00000270149	1	160967747	161008752
ENSG00000151135	12	107349497	107372556
ENSG00000131096	17	42030106	42081837
ENSG00000161653	17	42081914	42086431
ENSG00000215845	1	161007421	161008780
ENSG00000091947	17	42088556	42101314
ENSG00000120832	12	107371069	107380944
ENSG00000158773	1	161009041	161015767
ENSG00000148468	10	15253642	15413061
ENSG00000186517	1	161016736	161039760
ENSG00000008405	12	107385142	107487607
ENSG00000268154	1	161035655	161035943
ENSG00000161654	17	42112003	42144987
ENSG00000143217	1	161040785	161059389
ENSG00000077943	10	15555948	15762124
ENSG00000162755	1	161068151	161070136
ENSG00000143256	1	161070346	161087901
ENSG00000241863	HSCHR6_MHC_COX	30302714	30304467
ENSG00000158793	1	161087876	161095235
ENSG00000141349	17	42148103	42153709
ENSG00000214595	2	54950636	55199157
ENSG00000158796	1	161090764	161102478
ENSG00000143222	1	161122566	161128646
ENSG00000143258	1	161129240	161135513
ENSG00000151136	12	107712190	108053419
ENSG00000143224	1	161136200	161147803
ENSG00000158850	1	161141100	161147287
ENSG00000158859	1	161154098	161168846
ENSG00000108840	17	42154114	42201070
ENSG00000158864	1	161166894	161184185
ENSG00000158869	1	161185024	161190489
ENSG00000268387	1	161190160	161192296
ENSG00000233904	HSCHR6_MHC_COX	30447104	30451842
ENSG00000158874	1	161192082	161193421
ENSG00000158882	1	161195793	161200408
ENSG00000148481	10	15820169	15902519
ENSG00000061938	3	195590235	195638816
ENSG00000143257	1	161199456	161208092
ENSG00000248485	1	161228517	161255240
ENSG00000158887	1	161274525	161279762
ENSG00000143252	1	161284047	161332984
ENSG00000188931	1	161334521	161337664
ENSG00000143226	1	161475220	161493803
ENSG00000173110	1	161494036	161496681
ENSG00000115310	2	55199325	55339757
ENSG00000203747	1	161511549	161600917
ENSG00000258333	HSCHR6_MHC_COX	30460850	30464750
ENSG00000235986	HSCHR6_MHC_COX	30498998	30514796
ENSG00000072694	1	161551101	161648444
ENSG00000244682	1	161551129	161575452
ENSG00000162747	1	161592986	161601753
ENSG00000136045	12	108079509	108106944
ENSG00000165983	10	16478942	16555736
ENSG00000125319	17	42219274	42239844
ENSG00000132185	1	161676762	161684142
ENSG00000162746	1	161691353	161697933
ENSG00000081721	1	161719548	161727028
ENSG00000072274	3	195754054	195809060
ENSG00000118217	1	161736084	161933860
ENSG00000165985	10	16555742	16564004
ENSG00000110851	12	108126643	108155049
ENSG00000162745	1	161952982	161993644
ENSG00000148484	10	16632610	16859527
ENSG00000198929	1	162039564	162353321
ENSG00000161664	17	42247815	42256451
ENSG00000254706	1	162335197	162351905
ENSG00000239887	1	162336698	162356600
ENSG00000171722	1	162342993	162346660
ENSG00000228186	HSCHR6_MHC_COX	30514508	30521345
ENSG00000198574	1	162365056	162381928
ENSG00000152332	1	162467041	162499419
ENSG00000117143	1	162531323	162569627
ENSG00000168591	17	42264338	42269099
ENSG00000187855	12	108168162	108170421
ENSG00000162733	1	162601163	162757190
ENSG00000075035	12	108523248	108644314
ENSG00000132196	1	162760492	162782607
ENSG00000236149	HSCHR6_MHC_COX	30529000	30554805
ENSG00000185860	1	162794248	162838605
ENSG00000117152	1	163038565	163046592
ENSG00000143248	1	163080911	163291577
ENSG00000162994	2	55401927	55459699
ENSG00000143228	1	163236366	163325554
ENSG00000107611	10	16865963	17171830
ENSG00000185630	1	164524821	164868533
ENSG00000087152	17	42269173	42277481
ENSG00000162761	1	165171104	165325952
ENSG00000143171	1	165370159	165414433
ENSG00000162763	1	165513244	165533198
ENSG00000174600	12	108681821	108733118
ENSG00000143198	1	165600098	165631033
ENSG00000143149	1	165631453	165668100
ENSG00000163958	3	195924320	195938308
ENSG00000198855	12	108908962	108919614
ENSG00000143183	1	165696032	165796992
ENSG00000163959	3	195938358	195970049
ENSG00000143179	1	165796768	165880855
ENSG00000188859	1	166026674	166136206
ENSG00000267884	1	166026679	166028709
ENSG00000143157	1	166808681	166825581
ENSG00000152382	1	166825747	166845564
ENSG00000075856	12	108916357	108955176
ENSG00000143195	1	166882443	166944719
ENSG00000143947	2	55459039	55462989
ENSG00000143194	1	166958346	166991451
ENSG00000143167	1	167022073	167059868
ENSG00000198842	1	167063282	167098402
ENSG00000108312	17	42282401	42298994
ENSG00000143190	1	167190066	167396582
ENSG00000198821	1	167399877	167487847
ENSG00000143162	1	167498914	167523004
ENSG00000107614	10	17184253	17244053
ENSG00000198771	1	167599330	167675486
ENSG00000197965	1	167690429	167761156
ENSG00000161217	3	195941093	196014828
ENSG00000143199	1	167778625	167883453
ENSG00000143158	1	167885967	167906278
ENSG00000085760	2	55463731	55496483
ENSG00000230995	HSCHR6_MHC_COX	30558026	30576238
ENSG00000272741	3	195975101	196045093
ENSG00000143164	1	167905021	168045081
ENSG00000213123	3	196018090	196045170
ENSG00000273331	3	196042953	196065244
ENSG00000143147	1	168053997	168106821
ENSG00000143155	1	168148171	168169950
ENSG00000213064	1	168195176	168222263
ENSG00000143178	1	168250278	168283664
ENSG00000143185	1	168510003	168513235
ENSG00000143184	1	168545711	168551315
ENSG00000143196	1	168664697	168698502
ENSG00000143153	1	169074935	169101960
ENSG00000143156	1	169101769	169337205
ENSG00000117475	1	169337208	169365778
ENSG00000117477	1	169364108	169429907
ENSG00000117479	1	169433147	169455241
ENSG00000198734	1	169483404	169555826
ENSG00000115355	2	55514978	55647057
ENSG00000174175	1	169558087	169599431
ENSG00000000460	1	169631245	169823221
ENSG00000145107	3	196046213	196065374
ENSG00000188404	1	169659808	169680839
ENSG00000136003	12	108956358	108963160
ENSG00000227420	HSCHR6_MHC_COX	30575335	30584021
ENSG00000007908	1	169691781	169733846
ENSG00000163960	3	196074533	196159345
ENSG00000171806	1	169761670	169764107
ENSG00000004939	17	42325753	42345509
ENSG00000000457	1	169818772	169863408
ENSG00000075945	1	169890467	170054349
ENSG00000203740	1	170115142	170136931
ENSG00000120370	1	170501270	170522587
ENSG00000116132	1	170631869	170708560
ENSG00000117501	1	170904612	171033906
ENSG00000223752	HSCHR6_MHC_COX	30584468	30604447
ENSG00000007933	1	171060018	171086959
ENSG00000117507	1	171106879	171130707
ENSG00000094963	1	171154347	171181822
ENSG00000183160	12	108983622	108992096
ENSG00000010932	1	171217638	171255117
ENSG00000076258	1	171283347	171311223
ENSG00000026025	10	17270258	17279592
ENSG00000117523	1	171454651	171562650
ENSG00000163961	3	196195654	196230639
ENSG00000034971	1	171604557	171621823
ENSG00000110876	12	109015686	109027735
ENSG00000117533	1	171669300	171711387
ENSG00000010165	1	171750788	171783163
ENSG00000110880	12	109038885	109125372
ENSG00000197959	1	171810621	172387606
ENSG00000214097	3	196233748	196242237
ENSG00000214921	17	42325758	42327236
ENSG00000268413	17	42335297	42355825
ENSG00000135845	1	172339329	172413230
ENSG00000108309	17	42385781	42396039
ENSG00000180999	1	172389828	172437971
ENSG00000185798	3	196281056	196295545
ENSG00000174013	3	196295482	196315930
ENSG00000174004	3	196366557	196388875
ENSG00000163964	3	196366646	196462878
ENSG00000094975	1	172501489	172580971
ENSG00000117560	1	172628154	172636014
ENSG00000120337	1	173009100	173020103
ENSG00000117586	1	173152873	173176452
ENSG00000117592	1	173446405	173457946
ENSG00000162753	1	173469603	173572233
ENSG00000183831	1	173578700	173639001
ENSG00000013306	17	42396993	42402238
ENSG00000076321	1	173684080	173755840
ENSG00000120334	1	173768688	173793858
ENSG00000174007	3	196433148	196439164
ENSG00000117593	1	173793641	173827684
ENSG00000180370	3	196466728	196559518
ENSG00000185278	1	173837220	173872687
ENSG00000117601	1	173872947	173886516
ENSG00000084112	12	109176466	109251366
ENSG00000135870	1	173900352	173991435
ENSG00000119231	3	196594727	196661585
ENSG00000148488	10	17360382	17496329
ENSG00000233641	HSCHR6_MHC_COX	30604663	30610825
ENSG00000114503	3	196662273	196669468
ENSG00000152061	1	174128548	174964445
ENSG00000165996	10	17631958	17659376
ENSG00000203737	1	174417212	174418683
ENSG00000116161	1	174968300	174980851
ENSG00000120333	1	174979925	174992561
ENSG00000120332	1	175036994	175117202
ENSG00000235750	1	175126123	175162135
ENSG00000163001	2	55746740	55773015
ENSG00000116147	1	175284330	175712906
ENSG00000136738	10	17686124	17757913
ENSG00000143207	1	175913967	176176629
ENSG00000110887	12	109252708	109294819
ENSG00000116183	1	176432307	176814735
ENSG00000233561	HSCHR6_MHC_COX	30610735	30630683
ENSG00000119227	3	196673214	196695931
ENSG00000152092	1	176826438	177134109
ENSG00000030582	17	42422614	42430470
ENSG00000198797	1	177140633	177251558
ENSG00000163975	3	196715492	196756687
ENSG00000120341	1	177893091	177953438
ENSG00000138041	2	55774428	55846015
ENSG00000166111	12	109304658	109459045
ENSG00000148483	10	17794251	17842867
ENSG00000075391	1	178062864	178448644
ENSG00000240021	1	178482212	178517734
ENSG00000213057	1	178511887	178518024
ENSG00000184909	1	178511950	178517579
ENSG00000116191	1	178694300	178889238
ENSG00000116194	1	178818840	178840187
ENSG00000116199	1	178994939	179045697
ENSG00000186283	1	179050512	179067158
ENSG00000075711	3	196769431	197026171
ENSG00000143322	1	179068462	179198819
ENSG00000057252	1	179262925	179327815
ENSG00000183748	10	17851362	17953178
ENSG00000162779	1	179334855	179523870
ENSG00000269064	1	179443716	179457805
ENSG00000135093	12	109460894	109525831
ENSG00000116218	1	179519674	179545087
ENSG00000231247	HSCHR6_MHC_COX	30634035	30645541
ENSG00000162782	1	179560748	179660407
ENSG00000143340	1	179712298	179785333
ENSG00000235773	HSCHR6_MHC_COX	30645693	30649066
ENSG00000169905	1	179809102	179846938
ENSG00000161682	17	42430583	42441243
ENSG00000143337	1	179851177	179894135
ENSG00000138035	2	55861400	55921045
ENSG00000135837	1	179923873	180084015
ENSG00000189046	12	109525996	109531436
ENSG00000116260	1	180123969	180173165
ENSG00000121454	1	180199421	180249380
ENSG00000005961	17	42449548	42466873
ENSG00000135847	1	180244515	180472089
ENSG00000184040	10	18041218	18089855
ENSG00000143324	1	180601140	180859387
ENSG00000076248	12	109535379	109548797
ENSG00000135835	1	180882290	180920750
ENSG00000234237	1	180941695	180949868
ENSG00000135823	1	180941861	180992047
ENSG00000153029	1	181003067	181031074
ENSG00000162783	1	181057638	181059977
ENSG00000224587	HSCHR6_MHC_COX	30657449	30675531
ENSG00000120586	10	18098352	18200091
ENSG00000076555	12	109554400	109706031
ENSG00000198216	1	181382238	181777219
ENSG00000179930	1	182023705	182030847
ENSG00000115380	2	56093102	56151274
ENSG00000135821	1	182350839	182361341
ENSG00000203730	1	182367252	182369751
ENSG00000186566	17	42472652	42580798
ENSG00000148482	10	18240768	18332221
ENSG00000121446	1	182419256	182529734
ENSG00000135828	1	182542769	182558391
ENSG00000143333	1	182567758	182573543
ENSG00000227739	HSCHR6_MHC_COX	30677842	30683067
ENSG00000135824	1	182615239	182653711
ENSG00000135838	1	182758428	182799519
ENSG00000180340	17	42634925	42636907
ENSG00000135829	1	182808504	182856886
ENSG00000157060	1	182869000	182922660
ENSG00000135862	1	182992595	183114727
ENSG00000165995	10	18429606	18830798
ENSG00000058085	1	183155373	183214035
ENSG00000157064	1	183217372	183387737
ENSG00000180336	17	42733762	42767676
ENSG00000161267	3	197236654	197300194
ENSG00000055813	2	56411258	56613308
ENSG00000116698	1	183441351	183567381
ENSG00000028116	2	58134786	58387055
ENSG00000180329	17	42750437	42767147
ENSG00000116701	1	183524698	183560011
ENSG00000161692	17	42785976	42829632
ENSG00000162704	1	183592401	183604892
ENSG00000143344	1	183605220	183897665
ENSG00000173627	1	183615541	183622451
ENSG00000145016	3	197398264	197476598
ENSG00000198756	1	183898796	184006863
ENSG00000198860	1	184020811	184043346
ENSG00000116667	1	184356192	184598154
ENSG00000139445	12	109715784	109747025
ENSG00000116406	1	184659365	184724047
ENSG00000174527	12	109785708	109893328
ENSG00000135842	1	184759858	184943682
ENSG00000121481	1	185014496	185071740
ENSG00000115392	2	58386378	58468507
ENSG00000121486	1	185087220	185126204
ENSG00000116668	1	185126212	185260897
ENSG00000122068	3	197464050	197514467
ENSG00000116679	1	185265520	185286461
ENSG00000232280	HSCHR6_MHC_COX	30685348	30700375
ENSG00000143341	1	185703683	186160085
ENSG00000073670	17	42836399	42859214
ENSG00000116690	1	186265405	186283694
ENSG00000047410	1	186280784	186344825
ENSG00000110906	12	109886461	109915349
ENSG00000241058	10	18834490	18940551
ENSG00000157181	1	186344890	186390510
ENSG00000268662	1	186364123	186365908
ENSG00000262180	1	186369704	186370587
ENSG00000116703	1	186412698	186430254
ENSG00000073756	1	186640923	186649559
ENSG00000186001	3	197518097	197615307
ENSG00000116711	1	186798085	186958113
ENSG00000162670	1	190066792	190446759
ENSG00000150681	1	192127587	192154945
ENSG00000119866	2	60678302	60780702
ENSG00000253148	1	192286122	192336415
ENSG00000090104	1	192544857	192549161
ENSG00000271786	10	18931405	18944123
ENSG00000165997	10	18948334	18970568
ENSG00000127074	1	192605275	192629390
ENSG00000182963	17	42875816	42908184
ENSG00000116741	1	192778169	192781403
ENSG00000204740	10	19492779	20079330
ENSG00000116750	1	192981380	193029237
ENSG00000151148	12	109915207	109974507
ENSG00000116747	1	193028552	193060907
ENSG00000131097	17	42923721	42927848
ENSG00000237155	HSCHR6_MHC_COX	30700841	30702196
ENSG00000023572	1	193065598	193075244
ENSG00000134371	1	193091147	193223031
ENSG00000162630	1	193148175	193155784
ENSG00000108883	17	42927311	42977030
ENSG00000162687	1	196194909	196578355
ENSG00000120594	10	20105168	20578785
ENSG00000000971	1	196621008	196716634
ENSG00000116785	1	196743925	196763203
ENSG00000244414	1	196788887	196801319
ENSG00000080910	1	196788898	196928356
ENSG00000134365	1	196819371	196888102
ENSG00000134389	1	196946667	196978804
ENSG00000143278	1	197008321	197036397
ENSG00000137332	HSCHR6_MHC_COX	30838646	30857829
ENSG00000066279	1	197053258	197115824
ENSG00000115421	2	60983365	61029220
ENSG00000177888	1	197122810	197169672
ENSG00000114473	3	197615946	197687013
ENSG00000078114	10	21068902	21463116
ENSG00000134376	1	197170592	197447585
ENSG00000182899	3	197676858	197683481
ENSG00000213047	1	197473878	197744826
ENSG00000162924	2	61108656	61158745
ENSG00000203724	1	197871777	197876497
ENSG00000143355	1	197881037	197904608
ENSG00000185621	3	197687071	197770591
ENSG00000151414	1	198126093	198291550
ENSG00000151418	1	198492352	198510075
ENSG00000162927	2	61167357	61245394
ENSG00000167131	17	42976510	42982758
ENSG00000139428	12	109991542	110011679
ENSG00000204683	10	21414692	21435488
ENSG00000081237	1	198607801	198726545
ENSG00000204682	10	21781587	21786191
ENSG00000180592	10	21802407	21814611
ENSG00000214447	17	42977135	42982758
ENSG00000116833	1	199996730	200146552
ENSG00000162702	1	200374068	200379184
ENSG00000078403	10	21823094	22032559
ENSG00000118193	1	200520628	200589862
ENSG00000118197	1	200593024	200639097
ENSG00000131095	17	42982376	42994305
ENSG00000118200	1	200708686	200829832
ENSG00000170128	1	200842083	200843306
ENSG00000163362	1	200860176	200884863
ENSG00000236895	HSCHR6_MHC_COX	30865832	30871754
ENSG00000116852	1	200938520	200992828
ENSG00000223587	3	65431	66175
ENSG00000224918	3	95031	96029
ENSG00000224318	3	237441	239024
ENSG00000252017	3	324372	324475
ENSG00000231660	3	350397	351005
ENSG00000234661	3	405053	427478
ENSG00000162928	2	61244360	61279125
ENSG00000224957	3	577914	887698
ENSG00000238075	3	659472	659997
ENSG00000224239	3	898807	899774
ENSG00000235158	3	1049819	1054618
ENSG00000244169	3	1107266	1107559
ENSG00000232563	3	1435857	1436132
ENSG00000184423	3	1637461	1637929
ENSG00000081248	1	201008642	201081694
ENSG00000232237	1	201083081	201096312
ENSG00000110921	12	110011060	110035067
ENSG00000116857	1	201103900	201140702
ENSG00000214074	3	1771754	1772158
ENSG00000214073	3	1947335	1947809
ENSG00000162929	2	61293006	61391960
ENSG00000163395	1	201159953	201198080
ENSG00000225044	3	2004065	2029154
ENSG00000223040	3	2130617	2130895
ENSG00000227588	3	2152093	2185925
ENSG00000230398	3	2403942	2404422
ENSG00000225310	3	3026915	3027259
ENSG00000237990	3	3080717	3102829
ENSG00000253049	3	3144597	3144699
ENSG00000271870	3	3194626	3195119
ENSG00000223727	3	3292371	3668980
ENSG00000223036	3	3688140	3688262
ENSG00000229241	3	4023665	4025979
ENSG00000234325	3	4456264	4456644
ENSG00000231249	3	4532575	4534847
ENSG00000235947	3	4790876	4793274
ENSG00000239126	3	4920283	4920386
ENSG00000235831	3	4938493	5021646
ENSG00000230182	3	5110361	5110729
ENSG00000224082	3	5121897	5126114
ENSG00000081277	1	201252580	201302121
ENSG00000236178	HSCHR6_MHC_COX	30865890	30883959
ENSG00000118194	1	201328136	201346890
ENSG00000159166	1	201342372	201368736
ENSG00000159173	1	201373625	201398994
ENSG00000186185	17	43002077	43025082
ENSG00000174307	1	201434620	201438365
ENSG00000207283	3	5127863	5127964
ENSG00000237566	3	5141312	5141546
ENSG00000233912	3	5198590	5229014
ENSG00000265180	3	5291862	5291940
ENSG00000241227	3	5294613	5294908
ENSG00000230944	3	5297220	5298446
ENSG00000229642	3	6004529	6165807
ENSG00000136770	10	22045466	22292698
ENSG00000226022	3	6190171	6407572
ENSG00000232958	3	6249956	6250258
ENSG00000189229	3	6532166	6777816
ENSG00000139438	12	110152033	110208312
ENSG00000226258	3	6673376	6847136
ENSG00000159176	1	201452658	201478584
ENSG00000237651	2	61372243	61391964
ENSG00000173209	2	61404553	61418338
ENSG00000131094	17	43037061	43045439
ENSG00000269690	1	201592013	201592738
ENSG00000111199	12	110220890	110271212
ENSG00000134369	1	201592411	201796102
ENSG00000172992	17	43100708	43138473
ENSG00000223719	3	6734006	6734775
ENSG00000236152	3	6814724	6815030
ENSG00000237665	3	6934319	6935709
ENSG00000236202	3	7561428	7602020
ENSG00000270207	3	7648577	7649584
ENSG00000227110	3	7994492	8653610
ENSG00000266293	3	8048164	8048248
ENSG00000198700	1	201798269	201853422
ENSG00000136448	17	43128978	43186384
ENSG00000198892	1	201857808	201861434
ENSG00000228351	3	8121009	8154611
ENSG00000253081	3	8406215	8406334
ENSG00000231401	3	8406393	8408078
ENSG00000237697	3	8613468	8615561
ENSG00000224884	3	8615412	8634810
ENSG00000215160	3	8729829	8730845
ENSG00000265330	3	8737000	8737076
ENSG00000264097	3	8737735	8737803
ENSG00000266275	3	8737863	8737942
ENSG00000265169	3	8741697	8741784
ENSG00000223601	10	22497743	22498950
ENSG00000163431	1	201865580	201915715
ENSG00000266778	3	8812877	8812973
ENSG00000199815	3	8973179	8973316
ENSG00000224808	3	9055807	9057663
ENSG00000134375	1	201924619	201939789
ENSG00000148444	10	22604903	22609235
ENSG00000176393	1	201951500	201975275
ENSG00000228723	3	9234177	9236137
ENSG00000163435	1	201977073	201986316
ENSG00000115464	2	61414598	61697904
ENSG00000170075	1	202091986	202102720
ENSG00000143862	1	202102532	202113869
ENSG00000227929	3	9258579	9259771
ENSG00000235830	3	9298443	9299191
ENSG00000254485	3	9334272	9404987
ENSG00000214041	3	9390071	9390952
ENSG00000143851	1	202116141	202130716
ENSG00000206573	3	9391373	9440263
ENSG00000266001	3	9467941	9468034
ENSG00000269975	3	9540045	9541253
ENSG00000235338	3	9642432	9644412
ENSG00000269886	3	9854446	9854781
ENSG00000212327	3	9960735	9960837
ENSG00000269894	3	9977390	9977942
ENSG00000230082	3	9989088	9996471
ENSG00000269982	3	10000401	10004223
ENSG00000180385	3	10028577	10048674
ENSG00000161714	17	43186335	43210721
ENSG00000133067	1	202163029	202288909
ENSG00000232901	3	10042331	10042624
ENSG00000206567	3	10048102	10052893
ENSG00000139433	12	110288748	110318293
ENSG00000077152	1	202300785	202311108
ENSG00000269897	10	22605317	22618471
ENSG00000186162	3	10055932	10068049
ENSG00000201182	3	10079236	10079339
ENSG00000229217	3	10099657	10099971
ENSG00000238642	3	10175069	10175172
ENSG00000238345	3	10182834	10182931
ENSG00000222348	3	10258896	10259003
ENSG00000231177	3	10326103	10327430
ENSG00000168283	10	22610140	22620413
ENSG00000240288	3	10327438	10335133
ENSG00000077157	1	202317827	202561834
ENSG00000139437	12	110338069	110421646
ENSG00000264534	3	10371913	10371969
ENSG00000216135	3	10436173	10436246
ENSG00000239167	3	10523647	10523709
ENSG00000236999	3	10607939	10612059
ENSG00000224771	3	10667706	10668492
ENSG00000143858	1	202559724	202679545
ENSG00000181513	17	43209967	43221548
ENSG00000117139	1	202696526	202778598
ENSG00000226567	3	10801169	10805877
ENSG00000230599	3	10809149	10813403
ENSG00000232287	3	11047784	11060910
ENSG00000213964	3	11275942	11276268
ENSG00000226621	3	11332092	11332349
ENSG00000235240	3	11529774	11529947
ENSG00000270531	3	11570962	11571229
ENSG00000271716	3	11648658	11652222
ENSG00000272483	3	11653076	11653671
ENSG00000244030	3	11761930	11766453
ENSG00000230342	3	11901148	11932646
ENSG00000224246	HSCHR6_MHC_COX	30888849	30889671
ENSG00000224263	3	11920304	11920603
ENSG00000225275	3	11941485	11942719
ENSG00000231897	3	11948001	11953787
ENSG00000251038	3	11951108	11952239
ENSG00000263988	3	11994264	11994559
ENSG00000184774	1	202789394	202796353
ENSG00000183155	1	202848085	202858263
ENSG00000157152	3	12045876	12232900
ENSG00000117153	1	202860228	202897764
ENSG00000159346	1	202909951	202927700
ENSG00000159348	1	202930997	202936408
ENSG00000163444	1	202976514	202993976
ENSG00000139436	12	110367607	110434194
ENSG00000232308	HSCHR6_MHC_COX	30908600	30911697
ENSG00000234137	HSCHR6_MHC_COX	30941181	30947386
ENSG00000257972	HSCHR6_MHC_COX	30964485	30993378
ENSG00000257147	HSCHR6_MHC_COX	31028109	31031915
ENSG00000229432	HSCHR6_MHC_COX	31071500	31072836
ENSG00000235487	HSCHR6_MHC_COX	31075027	31100333
ENSG00000077327	10	22634399	22743153
ENSG00000137197	HSCHR6_MHC_COX	31075367	31080724
ENSG00000224544	HSCHR6_MHC_COX	31097829	31099645
ENSG00000186834	17	43224684	43229468
ENSG00000168517	17	43238067	43247407
ENSG00000226642	3	12111695	12112860
ENSG00000234114	HSCHR6_MHC_COX	31102772	31118543
ENSG00000265870	3	12112538	12112621
ENSG00000233026	3	12206799	12207142
ENSG00000236062	3	12299300	12299959
ENSG00000225026	3	12369502	12369773
ENSG00000251777	3	12543122	12543203
ENSG00000200114	3	12552594	12552712
ENSG00000251774	3	12556205	12556306
ENSG00000239140	3	12674233	12674333
ENSG00000233252	3	12715198	12715382
ENSG00000184922	17	43298811	43324687
ENSG00000213943	3	12828892	12830170
ENSG00000272263	3	12873718	12874227
ENSG00000207496	3	12881811	12881949
ENSG00000250939	3	12892158	12892359
ENSG00000232746	3	12919021	12926710
ENSG00000231362	3	13094467	13094622
ENSG00000238138	3	13501794	13501898
ENSG00000223398	3	13501924	13502389
ENSG00000244502	3	13518482	13521553
ENSG00000224514	3	13692196	13788132
ENSG00000265457	3	13759417	13759507
ENSG00000238827	3	13779558	13779629
ENSG00000233121	3	13968310	13969275
ENSG00000250439	3	13974553	13978977
ENSG00000224752	3	14130607	14131371
ENSG00000228242	3	14186223	14189784
ENSG00000150867	10	22823778	23003484
ENSG00000255021	3	14313873	14345345
ENSG00000251576	3	14389951	14394068
ENSG00000199609	3	14436148	14436257
ENSG00000144596	3	14530619	14583588
ENSG00000082898	2	61704984	61765761
ENSG00000262743	HG1007_PATCH	243062007	243062204
ENSG00000261859	HG1007_PATCH	243064438	243064620
ENSG00000271453	HG1007_PATCH	243117332	243117785
ENSG00000262523	HG348_PATCH	94822976	94865811
ENSG00000266592	HG871_PATCH	4934796	5025475
ENSG00000264466	HG871_PATCH	5046902	5047034
ENSG00000263495	HG871_PATCH	5090055	5090173
ENSG00000265721	HG871_PATCH	5135600	5135735
ENSG00000265431	HG871_PATCH	5238076	5238165
ENSG00000271668	HG14_PATCH	57552873	57553602
ENSG00000265385	HG962_PATCH	70866135	70866572
ENSG00000264996	HG962_PATCH	70922309	70923361
ENSG00000272336	HG299_PATCH	118935973	118936387
ENSG00000272208	HG299_PATCH	118938084	118938408
ENSG00000273005	HG1308_PATCH	130125883	130126024
ENSG00000263487	HG1308_PATCH	130135952	130136045
ENSG00000264035	HG1308_PATCH	130266449	130266567
ENSG00000273491	HG1308_PATCH	130600118	130603315
ENSG00000265177	HG1308_PATCH	130605414	130773830
ENSG00000272014	HG1308_PATCH	130217801	130218782
ENSG00000261883	HG299_PATCH	118955575	118964258
ENSG00000272357	HG243_PATCH	145464395	145464879
ENSG00000263064	HG736_PATCH	56870561	56872546
ENSG00000268248	HG736_PATCH	56881183	56883671
ENSG00000269764	HG736_PATCH	56884715	56885557
ENSG00000268843	HG736_PATCH	56886601	56887395
ENSG00000268025	HG736_PATCH	56888439	56889377
ENSG00000268187	HG736_PATCH	56890421	56894804
ENSG00000265551	HG1211_PATCH	46222648	46288409
ENSG00000273246	HG736_PATCH	56897122	56900285
ENSG00000270256	HG1211_PATCH	46308096	46308392
ENSG00000264282	HG1211_PATCH	46310876	46313036
ENSG00000267377	HG75_PATCH	34443570	34504870
ENSG00000264842	HG1211_PATCH	46321042	46349323
ENSG00000266986	HG75_PATCH	34488982	34490296
ENSG00000267536	HG75_PATCH	34552622	34554183
ENSG00000267602	HG75_PATCH	34962056	34962685
ENSG00000264889	HG1211_PATCH	46349541	46411619
ENSG00000264291	HG1211_PATCH	46351755	46351870
ENSG00000264217	HG1211_PATCH	46435970	46436302
ENSG00000265354	HG1211_PATCH	46467922	46484300
ENSG00000265733	HG1211_PATCH	46480058	46480258
ENSG00000262705	HG998_1_PATCH	139141824	139143051
ENSG00000266214	HG7_PATCH	141559618	141559669
ENSG00000260295	HG281_PATCH	49872181	49884080
ENSG00000260169	HG281_PATCH	49875632	49880954
ENSG00000266412	HG1211_PATCH	46500536	46526162
ENSG00000270851	HG1032_PATCH	190901057	190901762
ENSG00000261910	HG414_PATCH	76839307	76926281
ENSG00000263185	HG183_PATCH	62224587	62340661
ENSG00000262909	HG183_PATCH	62619655	62739428
ENSG00000271812	HG183_PATCH	62650189	62650441
ENSG00000264606	HG1293_PATCH	206072825	206087470
ENSG00000265183	HG1293_PATCH	206143800	206143885
ENSG00000265640	HG1293_PATCH	206238621	206240807
ENSG00000265448	HG1293_PATCH	206396888	206396999
ENSG00000264611	HG1293_PATCH	206442425	206445160
ENSG00000264375	HG1293_PATCH	206698210	206699183
ENSG00000265184	HG1293_PATCH	206699097	206747980
ENSG00000263695	HG1293_PATCH	206745524	206745596
ENSG00000266641	HG1293_PATCH	206748505	206797844
ENSG00000264533	HG1293_PATCH	206759398	206759830
ENSG00000241541	HG1293_PATCH	206811541	206811653
ENSG00000270950	HG1322_PATCH	29730998	29731132
ENSG00000263668	HG1322_PATCH	29770729	29771525
ENSG00000266810	HG1322_PATCH	29780097	29780228
ENSG00000264100	HG1322_PATCH	29858199	29859330
ENSG00000264683	HG1322_PATCH	29868164	29868530
ENSG00000266519	HG1322_PATCH	29869403	29870265
ENSG00000270063	HG1322_PATCH	29887572	29888562
ENSG00000266161	HG1322_PATCH	29888048	29890825
ENSG00000264487	HG1322_PATCH	29893936	29894121
ENSG00000265088	HG1322_PATCH	29901734	29902726
ENSG00000263992	HG1322_PATCH	29916221	29918195
ENSG00000264325	HG1322_PATCH	29759097	29769948
ENSG00000264751	HG1322_PATCH	29794491	29798554
ENSG00000263282	HG115_PATCH	101804400	101804617
ENSG00000262398	HG115_PATCH	101805576	101806076
ENSG00000262840	HG280_PATCH	57327727	57578372
ENSG00000260297	HG115_PATCH	101830099	101830319
ENSG00000262935	HG115_PATCH	101831879	101832108
ENSG00000266796	HG1322_PATCH	29849263	29852708
ENSG00000272624	HG115_PATCH	101993749	101995253
ENSG00000269100	HG989_PATCH	31902192	31902614
ENSG00000266735	HG1304_PATCH	112517642	112517748
ENSG00000265434	HG1322_PATCH	29902129	29909270
ENSG00000262325	HG305_PATCH	102813725	102826464
ENSG00000266888	HG1304_PATCH	112557295	112671296
ENSG00000262844	HG873_PATCH	15009217	15010240
ENSG00000270046	HG185_PATCH	40194484	40194986
ENSG00000267718	HG185_PATCH	40196965	40199369
ENSG00000263010	HG388_HG400_PATCH	111886030	111886847
ENSG00000270353	HG388_HG400_PATCH	111907350	111907586
ENSG00000262506	HG388_HG400_PATCH	111944809	111955873
ENSG00000268161	HG729_PATCH	8646044	8647599
ENSG00000268376	HG729_PATCH	8695555	8703533
ENSG00000269880	HG729_PATCH	8843549	8843745
ENSG00000262124	HG729_PATCH	8874588	8897212
ENSG00000262330	HG729_PATCH	8836096	8838684
ENSG00000262341	HG325_PATCH	50277054	50277416
ENSG00000268612	HG27_PATCH	26597180	26600278
ENSG00000271281	HG27_PATCH	26612131	26613337
ENSG00000268998	HG27_PATCH	26630782	26632007
ENSG00000269264	HG27_PATCH	26634611	26637008
ENSG00000267894	HG27_PATCH	26636518	26659980
ENSG00000267814	HG27_PATCH	26686469	26688192
ENSG00000263639	HG1211_PATCH	46528753	46541772
ENSG00000264852	HG1211_PATCH	46555796	46556144
ENSG00000264586	HG1211_PATCH	46558698	46559168
ENSG00000264204	HG1211_PATCH	46604943	46627108
ENSG00000264221	HG1211_PATCH	46694725	46698084
ENSG00000263471	HG1211_PATCH	46718591	46719863
ENSG00000263482	HG1211_PATCH	46729423	46769005
ENSG00000263673	HG1211_PATCH	46780296	46781445
ENSG00000266301	HG1211_PATCH	46832672	46848689
ENSG00000262722	HG1211_PATCH	47039422	47050978
ENSG00000263480	HG1211_PATCH	47073665	47089621
ENSG00000263939	HG1211_PATCH	47078230	47093593
ENSG00000266253	HG1211_PATCH	47093366	47107602
ENSG00000264651	HG1211_PATCH	47105922	47147473
ENSG00000272340	HG1211_PATCH	47127835	47130920
ENSG00000266880	HG1211_PATCH	47130359	47130914
ENSG00000266585	HG1211_PATCH	47144396	47144679
ENSG00000264404	HG1211_PATCH	47236044	47246689
ENSG00000265854	HG1211_PATCH	47253537	47254648
ENSG00000265366	HG1211_PATCH	47254541	47282319
ENSG00000265424	HG1211_PATCH	47270683	47271629
ENSG00000265124	HG1211_PATCH	47283838	47333708
ENSG00000264664	HG1211_PATCH	47302906	47303021
ENSG00000265397	HG1211_PATCH	47366306	47390774
ENSG00000264821	HG1257_PATCH	72138047	72138146
ENSG00000264427	HG1257_PATCH	72162874	72162949
ENSG00000271506	HG1257_PATCH	72187850	72188054
ENSG00000266147	HG1257_PATCH	72287855	72288128
ENSG00000262295	HG1257_PATCH	72294382	72302287
ENSG00000263191	HG1257_PATCH	72306396	72306684
ENSG00000261894	HG1257_PATCH	72327714	72335467
ENSG00000262122	HG1257_PATCH	72344322	72416397
ENSG00000273072	HG1257_PATCH	72389375	72390082
ENSG00000265426	HG271_PATCH	79374516	79374578
ENSG00000266303	HG271_PATCH	79424904	79424988
ENSG00000266662	HG271_PATCH	79502196	79510930
ENSG00000262696	HG1257_PATCH	72412538	72419747
ENSG00000262421	HG1257_PATCH	72424442	72434423
ENSG00000263067	HG1257_PATCH	72434653	72470879
ENSG00000262863	HG1257_PATCH	72434771	72436684
ENSG00000262709	HG1257_PATCH	72448318	72448418
ENSG00000269406	HG1257_PATCH	72453906	72459424
ENSG00000268956	HG1257_PATCH	72470498	72606602
ENSG00000262574	HG1257_PATCH	72476101	72476202
ENSG00000262461	HG1257_PATCH	72484688	72550995
ENSG00000262060	HG1257_PATCH	72502343	72565663
ENSG00000269634	HG1257_PATCH	72560314	72560415
ENSG00000264832	HG1211_PATCH	47406844	47497936
ENSG00000261948	HG1257_PATCH	72619902	72670574
ENSG00000263213	HG1257_PATCH	72652926	72653693
ENSG00000262984	HG1257_PATCH	72685533	72700902
ENSG00000261952	HG1257_PATCH	72758454	72767456
ENSG00000266524	HG1211_PATCH	47795834	47808995
ENSG00000262589	HG1257_PATCH	72767474	72773824
ENSG00000263761	HG1211_PATCH	47817957	47821718
ENSG00000265203	HG1211_PATCH	47843819	47853323
ENSG00000265383	HG1211_PATCH	47847188	47847286
ENSG00000262964	HG1257_PATCH	72777496	72793039
ENSG00000262374	HG1257_PATCH	72779064	72780170
ENSG00000265763	HG1211_PATCH	47860944	47879786
ENSG00000266298	HG1211_PATCH	47876210	47876884
ENSG00000263703	HG1211_PATCH	47902613	47910022
ENSG00000262532	HG1257_PATCH	72793121	72823582
ENSG00000262901	HG1257_PATCH	72804051	72804157
ENSG00000262013	HG1257_PATCH	72868745	72868846
ENSG00000263254	HG1257_PATCH	72898736	72901077
ENSG00000265190	HG1211_PATCH	47955610	47979557
ENSG00000262694	HG1257_PATCH	72905355	72987235
ENSG00000262123	HG1257_PATCH	72972165	72972231
ENSG00000263801	HG1211_PATCH	47955611	47979531
ENSG00000270156	HG1211_PATCH	47972596	47985476
ENSG00000271545	HG1211_PATCH	47979905	47980204
ENSG00000264883	HG1211_PATCH	47982667	47987141
ENSG00000264561	HG1211_PATCH	47997302	48045198
ENSG00000263151	HG1257_PATCH	73001313	73022959
ENSG00000266787	HG1211_PATCH	48027800	48027915
ENSG00000263605	HG1211_PATCH	48035554	48047394
ENSG00000265630	HG1211_PATCH	48059000	48065145
ENSG00000264436	HG1211_PATCH	48059704	48061463
ENSG00000266217	HG1211_PATCH	48076662	48077769
ENSG00000265578	HG1211_PATCH	48185155	48226140
ENSG00000266165	HG1211_PATCH	48187892	48188175
ENSG00000266034	HG1211_PATCH	48201651	48202250
ENSG00000264199	HG1211_PATCH	48405841	48414013
ENSG00000265018	HG1211_PATCH	48424102	48445940
ENSG00000263484	HG1211_PATCH	48454691	48454806
ENSG00000270025	HG1211_PATCH	48462448	48474245
ENSG00000273225	HG1211_PATCH	46864535	46868997
ENSG00000264230	HG1211_PATCH	46871075	46887229
ENSG00000266170	HG1211_PATCH	46956547	46961329
ENSG00000264717	HG1211_PATCH	48332968	48337753
ENSG00000263049	HG1257_PATCH	73033889	73043748
ENSG00000262077	HG1257_PATCH	73058151	73089500
ENSG00000272618	HG1257_PATCH	72039493	72293191
ENSG00000268972	HG1500_PATCH	137029561	137029686
ENSG00000273298	HG1500_PATCH	137033891	137034462
ENSG00000269862	HG971_PATCH	99497378	99649053
ENSG00000269733	HG971_PATCH	99511459	99551024
ENSG00000269174	HG971_PATCH	99672061	99675035
ENSG00000269714	HG971_PATCH	99679552	99794452
ENSG00000268741	HG971_PATCH	99682546	99688599
ENSG00000269283	HG971_PATCH	99648309	99678794
ENSG00000269277	HG1479_PATCH	133787054	133812430
ENSG00000269797	HG1502_PATCH	132815705	132902448
ENSG00000269262	HG1501_PATCH	137198748	137200214
ENSG00000269571	HG1501_PATCH	137221915	137345402
ENSG00000267806	HG1502_PATCH	132902889	132906498
ENSG00000267930	HG1146_PATCH	43759014	43759454
ENSG00000268284	HG1146_PATCH	43765668	43767139
ENSG00000268986	HG1146_PATCH	43781090	43782161
ENSG00000268733	HG1502_PATCH	132934857	132999583
ENSG00000268290	HG865_PATCH	70323382	70323697
ENSG00000268837	HG865_PATCH	70477199	70481595
ENSG00000269863	HG865_PATCH	70492270	70493667
ENSG00000269137	HG865_PATCH	70551272	70551374
ENSG00000269211	HG865_PATCH	70708895	70711220
ENSG00000269325	HG865_PATCH	70718375	70718473
ENSG00000268329	HG1208_PATCH	57769642	57791162
ENSG00000268430	HG865_PATCH	70313961	71048647
ENSG00000269180	HG1208_PATCH	57792129	57896965
ENSG00000269214	HG1208_PATCH	57864448	57864554
ENSG00000270675	HG1208_PATCH	57847692	57850839
ENSG00000269324	HG1502_PATCH	133046882	133340606
ENSG00000262018	HG1257_PATCH	73132782	73137069
ENSG00000261940	HG1257_PATCH	73145926	73148410
ENSG00000262030	HG1257_PATCH	73147982	73170118
ENSG00000263024	HG1257_PATCH	73164163	73184629
ENSG00000266280	HG1257_PATCH	73176274	73176354
ENSG00000262387	HG1257_PATCH	73197528	73197828
ENSG00000261908	HG1257_PATCH	73199995	73201011
ENSG00000262947	HG1257_PATCH	73201051	73203824
ENSG00000262073	HG1257_PATCH	73233955	73235227
ENSG00000262988	HG1257_PATCH	73264499	73297641
ENSG00000262499	HG1257_PATCH	73299547	73307492
ENSG00000262459	HG1257_PATCH	73326116	73330850
ENSG00000262981	HG1257_PATCH	73450949	73453724
ENSG00000262184	HG1257_PATCH	73492746	73534864
ENSG00000262058	HG1257_PATCH	73524533	73527241
ENSG00000262063	HG1257_PATCH	73547890	73587482
ENSG00000263344	HG1257_PATCH	73639202	73662058
ENSG00000263190	HG1257_PATCH	73656155	73656251
ENSG00000262128	HG1257_PATCH	73664609	73694788
ENSG00000261911	HG1257_PATCH	73696456	73719401
ENSG00000262047	HG1257_PATCH	73723483	73723573
ENSG00000263226	HG1257_PATCH	73754432	73870900
ENSG00000261920	HG1257_PATCH	73918747	74067561
ENSG00000261918	HG1257_PATCH	73952385	73952497
ENSG00000263294	HG1257_PATCH	74036304	74036381
ENSG00000273401	HG1257_PATCH	74071870	74072256
ENSG00000261919	HG1257_PATCH	74238919	74254272
ENSG00000268855	HG1257_PATCH	74360773	74360874
ENSG00000262388	HG1257_PATCH	74429911	74430016
ENSG00000262960	HG1257_PATCH	74621596	74637001
ENSG00000262648	HG1257_PATCH	74668898	74669562
ENSG00000263081	HG1257_PATCH	74697885	74698881
ENSG00000267828	HG1257_PATCH	74762947	74763048
ENSG00000268250	HG1257_PATCH	74790916	74791017
ENSG00000268978	HG1257_PATCH	74818842	74818943
ENSG00000268330	HG1257_PATCH	74835589	74841107
ENSG00000262779	HG1257_PATCH	74846595	74846695
ENSG00000261875	HG1257_PATCH	74856912	74860391
ENSG00000262895	HG1257_PATCH	74860020	74875953
ENSG00000263044	HG1257_PATCH	74875279	74881744
ENSG00000262760	HG1257_PATCH	74939664	74951065
ENSG00000262834	HG1257_PATCH	74959038	74969261
ENSG00000261876	HG1257_PATCH	74967887	74993105
ENSG00000267932	HG1257_PATCH	74977982	74978083
ENSG00000263334	HG1257_PATCH	74998257	75203919
ENSG00000264942	HG1257_PATCH	75045600	75045862
ENSG00000262029	HG1257_PATCH	75234490	75254853
ENSG00000262306	HG1257_PATCH	75276622	75288313
ENSG00000263104	HG1257_PATCH	75300620	75301098
ENSG00000262744	HG1257_PATCH	75307559	75353883
ENSG00000262569	HG1257_PATCH	75364157	75451812
ENSG00000265726	HG1257_PATCH	75380154	75380226
ENSG00000262650	HG1257_PATCH	75387712	75388400
ENSG00000262432	HG1257_PATCH	75408739	75408873
ENSG00000262309	HG1257_PATCH	75451794	75459616
ENSG00000262263	HG1257_PATCH	75461295	75512961
ENSG00000262847	HG1257_PATCH	75513008	75532465
ENSG00000263227	HG1257_PATCH	75536426	75539920
ENSG00000261953	HG1257_PATCH	75552401	75552504
ENSG00000262876	HG1257_PATCH	75555388	75573736
ENSG00000262270	HG1257_PATCH	75573391	75573720
ENSG00000262064	HG1257_PATCH	75577755	75577853
ENSG00000261851	HG1257_PATCH	75577983	75578357
ENSG00000262711	HG1257_PATCH	75582682	75597144
ENSG00000262751	HG1257_PATCH	75638690	75642162
ENSG00000262321	HG1257_PATCH	75666855	75752244
ENSG00000265234	HG1257_PATCH	75753747	75754010
ENSG00000263001	HG1257_PATCH	74122661	74225649
ENSG00000263008	HG1257_PATCH	74507134	74538820
ENSG00000273150	HG1257_PATCH	74557549	74611888
ENSG00000272391	HG1257_PATCH	74883570	74906074
ENSG00000269731	HG1486_PATCH	16680767	16687245
ENSG00000268486	HG1486_PATCH	16699848	16713306
ENSG00000267966	HG497_PATCH	51195376	51239737
ENSG00000269671	HG497_PATCH	51205929	51222091
ENSG00000261345	HG506_HG507_HG1000_PATCH	61038553	61051026
ENSG00000272470	HG506_HG507_HG1000_PATCH	61052926	61053650
ENSG00000262780	HG506_HG507_HG1000_PATCH	61088965	61091152
ENSG00000268420	HG1435_PATCH	45589997	45590933
ENSG00000270080	HG1435_PATCH	45604456	45629519
ENSG00000269317	HG1435_PATCH	45605402	45605511
ENSG00000268666	HG1435_PATCH	45606260	45606369
ENSG00000270089	HG1435_PATCH	45624017	45624544
ENSG00000267928	HG1423_PATCH	36229213	36229752
ENSG00000268513	HG1435_PATCH	45752157	45752224
ENSG00000269029	HG1435_PATCH	45772363	45773116
ENSG00000269675	HG1435_PATCH	45772512	45776285
ENSG00000259988	HG506_HG507_HG1000_PATCH	61119399	61126582
ENSG00000268183	HG1488_PATCH	16904970	16908163
ENSG00000268212	HG1423_PATCH	36246735	36403433
ENSG00000269856	HG1487_PATCH	16095340	16096419
ENSG00000268753	HG1487_PATCH	16109235	16109355
ENSG00000267949	HG1487_PATCH	16117432	16118009
ENSG00000272999	HG1423_PATCH	36383743	36458409
ENSG00000272032	HG506_HG507_HG1000_PATCH	61125509	61145820
ENSG00000269453	HG1423_PATCH	36392910	36393300
ENSG00000269351	HG1423_PATCH	36595513	36595608
ENSG00000268258	HG1423_PATCH	36738035	36738338
ENSG00000261850	HG506_HG507_HG1000_PATCH	61129359	61129435
ENSG00000269062	HG1423_PATCH	36976030	36976256
ENSG00000265022	HG506_HG507_HG1000_PATCH	61139968	61140069
ENSG00000259927	HG506_HG507_HG1000_PATCH	61147727	61148440
ENSG00000263273	HG506_HG507_HG1000_PATCH	61150646	61152563
ENSG00000260888	HG506_HG507_HG1000_PATCH	61208737	61210560
ENSG00000268867	HG1423_PATCH	36980313	36981542
ENSG00000260775	HG506_HG507_HG1000_PATCH	61208828	61210918
ENSG00000268502	HG1423_PATCH	37003640	37004210
ENSG00000269230	HG1423_PATCH	37026476	37029783
ENSG00000268451	HG1423_PATCH	37061140	37061694
ENSG00000269664	HG1423_PATCH	37095968	37096518
ENSG00000269854	HG1146_PATCH	43929900	43930001
ENSG00000269687	HG1146_PATCH	44069223	44074616
ENSG00000268150	HG1146_PATCH	44102810	44103090
ENSG00000267803	HG1146_PATCH	43846595	43847666
ENSG00000269703	HG1146_PATCH	43907914	43908327
ENSG00000269525	HG1146_PATCH	43920023	43920169
ENSG00000269314	HG1146_PATCH	43954674	43955041
ENSG00000269513	HG1146_PATCH	44039070	44041322
ENSG00000267945	HG1146_PATCH	44054525	44055596
ENSG00000269348	HG1424_PATCH	37151230	37152289
ENSG00000268431	HG1424_PATCH	37209337	37317357
ENSG00000269562	HG144_PATCH	34894258	35116559
ENSG00000269550	HG1424_PATCH	37209392	38547737
ENSG00000268169	HG1424_PATCH	37301585	37302130
ENSG00000267902	HG1424_PATCH	37352083	37352610
ENSG00000269704	HG1424_PATCH	37365372	37365922
ENSG00000269394	HG1146_PATCH	44077977	44115835
ENSG00000268437	HG1424_PATCH	37401139	37405324
ENSG00000269670	HG1424_PATCH	37431631	37544525
ENSG00000267876	HG329_PATCH	19136089	19137796
ENSG00000269380	HG1424_PATCH	37545821	37592192
ENSG00000268587	HG329_PATCH	19158908	19160352
ENSG00000269438	HG1433_PATCH	49967364	50094910
ENSG00000268928	HG329_PATCH	19163095	19166343
ENSG00000268765	HG1424_PATCH	37640073	37673523
ENSG00000272185	HG1424_PATCH	37479778	37487256
ENSG00000269212	HG329_PATCH	19225956	19226252
ENSG00000268668	HG1433_PATCH	50334647	50557302
ENSG00000268890	HG329_PATCH	19237386	19237479
ENSG00000268638	HG329_PATCH	19245033	19246319
ENSG00000269735	HG1433_PATCH	50388118	50388209
ENSG00000269712	HG1433_PATCH	50392641	50392740
ENSG00000269426	HG1433_PATCH	50648438	50648866
ENSG00000269479	HG1433_PATCH	50653784	50659607
ENSG00000269669	HG1433_PATCH	50674114	50674548
ENSG00000267836	HG1433_PATCH	50773422	50774357
ENSG00000268011	HG1433_PATCH	50825818	50834228
ENSG00000269413	HG1433_PATCH	50838844	50914400
ENSG00000269644	HG1433_PATCH	50905864	50906677
ENSG00000269003	HG1433_PATCH	51075231	51080525
ENSG00000268939	HG1433_PATCH	51099944	51139462
ENSG00000268966	HG1433_PATCH	51139511	51208661
ENSG00000269448	HG1433_PATCH	51149915	51151835
ENSG00000269203	HG1433_PATCH	51233011	51239596
ENSG00000268569	HG329_PATCH	19318211	19435214
ENSG00000269141	HG1433_PATCH	51245090	51254005
ENSG00000269607	HG1433_PATCH	51361109	51361594
ENSG00000268077	HG1433_PATCH	51453791	51455131
ENSG00000268273	HG1433_PATCH	51486385	51489228
ENSG00000269301	HG329_PATCH	19338881	19435745
ENSG00000268018	HG1433_PATCH	51546007	51645357
ENSG00000269216	HG329_PATCH	19166989	19279229
ENSG00000268910	HG1433_PATCH	51599968	51601066
ENSG00000268405	HG1433_PATCH	51613706	51613809
ENSG00000269088	HG1433_PATCH	51646338	51646850
ENSG00000269362	HG1433_PATCH	51664864	51665499
ENSG00000268585	HG1433_PATCH	51666552	51666740
ENSG00000269527	HG1433_PATCH	51722223	51723012
ENSG00000268113	HG1433_PATCH	51793860	51797255
ENSG00000268682	HG1433_PATCH	51804827	51812272
ENSG00000267972	HG1433_PATCH	50111880	50213722
ENSG00000268023	HG1437_PATCH	62518717	62519143
ENSG00000268042	HG1437_PATCH	62562697	62780541
ENSG00000268762	HG1437_PATCH	62566698	62570814
ENSG00000268755	HG1437_PATCH	62569116	62571648
ENSG00000268229	HG1437_PATCH	62854437	63005016
ENSG00000268443	HG1437_PATCH	62889666	62890972
ENSG00000267975	HG1437_PATCH	62986345	62986870
ENSG00000269724	HG1437_PATCH	63005472	63005557
ENSG00000268498	HG1438_PATCH	71549366	71792953
ENSG00000268304	HG1438_PATCH	71596829	71597019
ENSG00000268579	HG1438_PATCH	71798664	71934169
ENSG00000268086	HG1438_PATCH	71880320	71880569
ENSG00000269878	HG1438_PATCH	71908800	71932198
ENSG00000269689	HG1438_PATCH	71945973	71946187
ENSG00000268356	HG1438_PATCH	71947827	71948671
ENSG00000269245	HG1438_PATCH	71960556	71960719
ENSG00000268159	HG1438_PATCH	71996859	72068652
ENSG00000270004	HG1438_PATCH	71997458	71998947
ENSG00000268994	HG1438_PATCH	72001715	72002510
ENSG00000268143	HG1438_PATCH	72027275	72028060
ENSG00000268369	HG1433_PATCH	51806347	51806474
ENSG00000269401	HG1438_PATCH	72218238	72222706
ENSG00000269076	HG1433_PATCH	52112030	52118680
ENSG00000268347	HG1433_PATCH	52125053	52128614
ENSG00000268572	HG1433_PATCH	52191587	52194138
ENSG00000267891	HG1438_PATCH	72223363	72225562
ENSG00000268905	HG1433_PATCH	52228046	52228916
ENSG00000269805	HG1433_PATCH	52238668	52243812
ENSG00000269502	HG1438_PATCH	72091875	72097714
ENSG00000268934	HG1433_PATCH	52252903	52253164
ENSG00000262401	HG1433_PATCH	52255077	52263803
ENSG00000268071	HG1433_PATCH	52269974	52270838
ENSG00000268054	HG1433_PATCH	52288151	52290695
ENSG00000268776	HG1433_PATCH	52304769	52305301
ENSG00000269726	HG1433_PATCH	52326989	52329312
ENSG00000269530	HG1433_PATCH	52341494	52346289
ENSG00000269544	HG1433_PATCH	52349532	52354758
ENSG00000269780	HG1433_PATCH	52355656	52356523
ENSG00000267833	HG1433_PATCH	52365935	52376948
ENSG00000267995	HG1433_PATCH	52387090	52397900
ENSG00000268448	HG1433_PATCH	52398207	52400254
ENSG00000269252	HG1433_PATCH	52408231	52408347
ENSG00000268534	HG1433_PATCH	52415718	52420051
ENSG00000268775	HG1433_PATCH	52430363	52430633
ENSG00000267864	HG1433_PATCH	52439896	52450189
ENSG00000268114	HG1433_PATCH	52450602	52452933
ENSG00000269868	HG1433_PATCH	52465319	52465525
ENSG00000269281	HG1433_PATCH	52513808	52514078
ENSG00000268494	HG1433_PATCH	52524452	52528786
ENSG00000268792	HG1433_PATCH	52539144	52541101
ENSG00000269128	HG1433_PATCH	52544400	52544529
ENSG00000269249	HG1433_PATCH	52555204	52561301
ENSG00000268247	HG1433_PATCH	52567267	52572267
ENSG00000269819	HG1433_PATCH	52575704	52576899
ENSG00000269052	HG1433_PATCH	52605528	52611068
ENSG00000268476	HG1433_PATCH	52792091	52823615
ENSG00000270278	HG1433_PATCH	52808053	52808548
ENSG00000268269	HG1433_PATCH	52825367	52831540
ENSG00000269762	HG1433_PATCH	52836710	52837858
ENSG00000268406	HG1433_PATCH	52837145	52910014
ENSG00000269239	HG1433_PATCH	52856018	52856274
ENSG00000269098	HG1433_PATCH	52873481	52873541
ENSG00000272242	HG1433_PATCH	52885832	52886913
ENSG00000269643	HG1433_PATCH	52886034	52886117
ENSG00000267944	HG1433_PATCH	52907391	52907557
ENSG00000271073	HG1433_PATCH	52912097	52913914
ENSG00000269816	HG1433_PATCH	52934321	52968422
ENSG00000269462	HG1433_PATCH	52955408	52957679
ENSG00000268372	HG1433_PATCH	52975876	53064324
ENSG00000269164	HG1433_PATCH	53065990	53066822
ENSG00000269734	HG1433_PATCH	53067562	53067674
ENSG00000269024	HG1433_PATCH	53080783	53080973
ENSG00000269844	HG1433_PATCH	53083986	53084505
ENSG00000269384	HG1433_PATCH	53117149	53165728
ENSG00000269265	HG1433_PATCH	53165690	53174111
ENSG00000268188	HG1433_PATCH	53174258	53177373
ENSG00000268435	HG1433_PATCH	53175722	53176032
ENSG00000268780	HG1433_PATCH	53199273	53200029
ENSG00000268244	HG1433_PATCH	53205209	53205310
ENSG00000269233	HG1433_PATCH	53229672	53229771
ENSG00000269370	HG1433_PATCH	53299223	53299341
ENSG00000268251	HG1433_PATCH	53300192	53300274
ENSG00000269004	HG1433_PATCH	53502026	53502204
ENSG00000268319	HG1433_PATCH	53511986	53512219
ENSG00000268692	HG1433_PATCH	53550776	53551623
ENSG00000268726	HG1433_PATCH	53568887	53569309
ENSG00000267897	HG1433_PATCH	53652054	53652161
ENSG00000268312	HG1433_PATCH	53679676	53791958
ENSG00000269160	HG1433_PATCH	53807845	53807966
ENSG00000268158	HG1433_PATCH	53811324	53926281
ENSG00000268270	HG1433_PATCH	53890372	53890659
ENSG00000269511	HG1433_PATCH	53935823	54101642
ENSG00000268806	HG1433_PATCH	53966324	53967062
ENSG00000269143	HG1433_PATCH	54086546	54086652
ENSG00000269710	HG1433_PATCH	51927823	51935266
ENSG00000272246	HG1433_PATCH	51942840	51946226
ENSG00000268447	HG1433_PATCH	52494231	52504536
ENSG00000268134	HG1433_PATCH	52640400	52651556
ENSG00000268350	HG1433_PATCH	52690258	52701414
ENSG00000268980	HG1433_PATCH	53275144	53429752
ENSG00000268918	HG1434_PATCH	112765709	112766221
ENSG00000269674	HG1434_PATCH	112859527	113181445
ENSG00000271703	HG1434_PATCH	113125817	113126894
ENSG00000268305	HG1434_PATCH	113187414	113187626
ENSG00000269756	HG1434_PATCH	113193144	113193309
ENSG00000269508	HG1434_PATCH	113219570	113219860
ENSG00000268911	HG1434_PATCH	113260260	113260329
ENSG00000269229	HG1439_PATCH	100580392	100580498
ENSG00000267832	HG1439_PATCH	100592713	100593277
ENSG00000268820	HG1439_PATCH	100594905	100595922
ENSG00000268249	HG1439_PATCH	100600649	100604184
ENSG00000268897	HG1439_PATCH	100604435	100641183
ENSG00000269315	HG1439_PATCH	100645812	100651105
ENSG00000269719	HG1439_PATCH	100645999	100667285
ENSG00000268815	HG1439_PATCH	100652791	100662913
ENSG00000268642	HG1439_PATCH	100663283	100669121
ENSG00000268722	HG1439_PATCH	100673275	100788446
ENSG00000268415	HG1439_PATCH	100682381	100682483
ENSG00000267817	HG1439_PATCH	100698695	100699091
ENSG00000268633	HG1439_PATCH	100792472	100794263
ENSG00000269801	HG1439_PATCH	100805518	100809687
ENSG00000268935	HG1439_PATCH	100852497	100853658
ENSG00000268213	HG1439_PATCH	100870107	100872988
ENSG00000269173	HG1439_PATCH	100877784	100882830
ENSG00000268497	HG1439_PATCH	100877970	100879151
ENSG00000267853	HG1439_PATCH	100882855	100883505
ENSG00000268377	HG1440_PATCH	101395448	101397942
ENSG00000269258	HG1439_PATCH	100888993	100889099
ENSG00000269503	HG1440_PATCH	101408680	101411029
ENSG00000269817	HG1440_PATCH	101428072	101439993
ENSG00000268294	HG1440_PATCH	101680400	101683046
ENSG00000268368	HG1440_PATCH	101768648	101771756
ENSG00000268235	HG1440_PATCH	101470273	101481763
ENSG00000268151	HG1439_PATCH	100910268	100914878
ENSG00000268198	HG1439_PATCH	100938767	100939436
ENSG00000269405	HG1440_PATCH	101502072	101581691
ENSG00000269341	HG1439_PATCH	100946567	100946672
ENSG00000269437	HG1440_PATCH	101615368	101694980
ENSG00000267866	HG1425_PATCH	75249730	75250165
ENSG00000269056	HG1425_PATCH	75392771	75398039
ENSG00000268029	HG1440_PATCH	101715291	101726784
ENSG00000268539	HG1425_PATCH	75442472	75442932
ENSG00000269204	HG1425_PATCH	75464803	75464909
ENSG00000268019	HG1425_PATCH	75554676	75555680
ENSG00000269654	HG1425_PATCH	75647488	75651186
ENSG00000269593	HG1425_PATCH	75874844	75874962
ENSG00000267862	HG1425_PATCH	75875333	75876394
ENSG00000269677	HG1425_PATCH	76225239	76225336
ENSG00000269616	HG1425_PATCH	76286544	76286662
ENSG00000268005	HG1425_PATCH	76594047	76601154
ENSG00000268558	HG1441_PATCH	103159251	103159683
ENSG00000269822	HG1441_PATCH	103165234	103166281
ENSG00000269065	HG1441_PATCH	103183028	103183946
ENSG00000269625	HG1441_PATCH	103216738	103217220
ENSG00000267820	HG1441_PATCH	103230754	103231249
ENSG00000268381	HG1441_PATCH	103266076	103268616
ENSG00000269512	HG375_PATCH	103810996	105011820
ENSG00000268629	HG375_PATCH	104463614	104465356
ENSG00000269685	HG1441_PATCH	103268626	103297383
ENSG00000268176	HG1441_PATCH	103367060	103370771
ENSG00000268570	HG1441_PATCH	103421549	103450831
ENSG00000268259	HG1441_PATCH	103504967	103509862
ENSG00000268574	HG1438_PATCH	72297126	72299362
ENSG00000268881	HG1438_PATCH	72300017	72304485
ENSG00000268035	HG1438_PATCH	72345887	72347930
ENSG00000268667	HG1441_PATCH	103217580	103221224
ENSG00000269226	HG1441_PATCH	103327497	103331141
ENSG00000269518	HG1441_PATCH	103331501	103331983
ENSG00000269743	HG1441_PATCH	103354144	103411956
ENSG00000269092	HG1462_PATCH	113625458	113625625
ENSG00000271556	HG1462_PATCH	113625605	113626424
ENSG00000268796	HG1462_PATCH	113627144	113627726
ENSG00000269075	HG1462_PATCH	113820548	114146531
ENSG00000269461	HG1462_PATCH	113826090	113826405
ENSG00000269368	HG1462_PATCH	113867267	113867394
ENSG00000268634	HG1462_PATCH	113872730	113872836
ENSG00000269740	HG1462_PATCH	113875905	113875989
ENSG00000268450	HG1462_PATCH	113888014	113888093
ENSG00000268137	HG1462_PATCH	113951703	113951814
ENSG00000269213	HG1462_PATCH	113999654	113999733
ENSG00000268607	HG1462_PATCH	114011298	114013245
ENSG00000268661	HG1462_PATCH	114059924	114060034
ENSG00000271212	HG1462_PATCH	114136829	114137044
ENSG00000268456	HG1462_PATCH	114240445	114256447
ENSG00000268131	HG1462_PATCH	114268897	114269003
ENSG00000268045	HG1462_PATCH	114300406	114301264
ENSG00000268715	HG1462_PATCH	114305707	114306316
ENSG00000268417	HG1462_PATCH	114347092	114470542
ENSG00000269023	HG1462_PATCH	114362786	114362914
ENSG00000268180	HG1462_PATCH	114375500	114375593
ENSG00000269572	HG1462_PATCH	114425870	114429338
ENSG00000268014	HG1462_PATCH	114434902	114435219
ENSG00000267900	HG1462_PATCH	114526197	114544026
ENSG00000271069	HG1462_PATCH	114691203	114691664
ENSG00000272184	HG1462_PATCH	114754652	114799201
ENSG00000268145	HG1462_PATCH	114782107	114782187
ENSG00000268767	HG1462_PATCH	114797644	114887331
ENSG00000271132	HG1462_PATCH	114896183	114896492
ENSG00000268727	HG1462_PATCH	114901365	114902603
ENSG00000271915	HG1462_PATCH	114939281	114940590
ENSG00000269247	HG1458_PATCH	142372763	142604589
ENSG00000269299	HG1458_PATCH	142431762	142432371
ENSG00000267967	HG1458_PATCH	142520828	142521744
ENSG00000269864	HG1458_PATCH	142522303	142523066
ENSG00000267851	HG1458_PATCH	142533994	142534123
ENSG00000268490	HG1458_PATCH	142596521	142605261
ENSG00000268526	HG1458_PATCH	142764939	142766148
ENSG00000269268	HG1458_PATCH	142845523	142915919
ENSG00000269569	HG1458_PATCH	142894177	142894519
ENSG00000268718	HG1458_PATCH	143396620	143396866
ENSG00000267921	HG1458_PATCH	143396918	143397479
ENSG00000269158	HG1458_PATCH	142715914	142722992
ENSG00000268988	HG1458_PATCH	142799741	142809209
ENSG00000268363	HG1490_PATCH	115803778	115814271
ENSG00000268703	HG1490_PATCH	115822838	115824153
ENSG00000269070	HG1490_PATCH	115826878	115828156
ENSG00000269080	HG1490_PATCH	115882498	115882845
ENSG00000268770	HG1463_PATCH	114957297	114959383
ENSG00000267996	HG1463_PATCH	115033604	115085422
ENSG00000268127	HG1463_PATCH	115108801	115109100
ENSG00000269183	HG1463_PATCH	115159816	115160751
ENSG00000268389	HG1463_PATCH	115223254	115224763
ENSG00000269602	HG1463_PATCH	115287055	115291305
ENSG00000269582	HG1463_PATCH	115517181	115517286
ENSG00000269010	HG1463_PATCH	115578015	115579336
ENSG00000268104	HG1463_PATCH	115552912	115575288
ENSG00000252830	HG1287_PATCH	144126020	144126129
ENSG00000264145	HG1287_PATCH	144135691	144138791
ENSG00000265030	HG1287_PATCH	144185602	144186927
ENSG00000270758	HG1287_PATCH	144228060	144228125
ENSG00000263534	HG1287_PATCH	144228183	144259249
ENSG00000266797	HG1287_PATCH	144281631	144322056
ENSG00000268559	HG1443_HG1444_PATCH	134193715	134257982
ENSG00000269286	HG1442_PATCH	119144681	119149507
ENSG00000268511	HG1443_HG1444_PATCH	134209166	134210627
ENSG00000268748	HG1442_PATCH	119170199	119280817
ENSG00000269631	HG1443_HG1444_PATCH	134229058	134232664
ENSG00000267960	HG1442_PATCH	119205846	119211705
ENSG00000269263	HG1443_HG1444_PATCH	134252985	134254556
ENSG00000269184	HG1443_HG1444_PATCH	134253087	134253195
ENSG00000268824	HG1443_HG1444_PATCH	134257269	134257634
ENSG00000268349	HG1442_PATCH	119243016	119249900
ENSG00000269156	HG1443_HG1444_PATCH	134257270	134257630
ENSG00000268514	HG1443_HG1444_PATCH	134269179	134269800
ENSG00000269105	HG1442_PATCH	119251605	119253663
ENSG00000268919	HG1442_PATCH	119292524	119298002
ENSG00000268542	HG1442_PATCH	119336024	119336711
ENSG00000268695	HG1443_HG1444_PATCH	134290566	134305428
ENSG00000269500	HG1442_PATCH	119344424	119346643
ENSG00000268848	HG1443_HG1444_PATCH	134314285	134328709
ENSG00000269603	HG1442_PATCH	119384715	119392361
ENSG00000268600	HG1443_HG1444_PATCH	134335761	134349262
ENSG00000267962	HG1443_HG1444_PATCH	134340591	134340676
ENSG00000269833	HG1443_HG1444_PATCH	134370823	134371378
ENSG00000269162	HG1443_HG1444_PATCH	134382950	134478116
ENSG00000269442	HG1443_HG1444_PATCH	134386606	134387613
ENSG00000268760	HG1442_PATCH	119392613	119445519
ENSG00000269327	HG1443_HG1444_PATCH	134478825	134497181
ENSG00000269536	HG1443_HG1444_PATCH	134530458	134531793
ENSG00000268419	HG1443_HG1444_PATCH	134555972	134562103
ENSG00000269260	HG1443_HG1444_PATCH	134562197	134562314
ENSG00000267899	HG1443_HG1444_PATCH	134566989	134572663
ENSG00000271476	HG1443_HG1444_PATCH	134598358	134599513
ENSG00000268002	HG1443_HG1444_PATCH	134654112	134654703
ENSG00000268370	HG1442_PATCH	119407090	119407489
ENSG00000268630	HG1443_HG1444_PATCH	134654688	134716539
ENSG00000268880	HG1443_HG1444_PATCH	134702596	134702695
ENSG00000268345	HG1443_HG1444_PATCH	134717680	134719189
ENSG00000269251	HG1443_HG1444_PATCH	134732956	134749460
ENSG00000268825	HG1443_HG1444_PATCH	134807620	134820180
ENSG00000268449	HG1443_HG1444_PATCH	134864762	134866226
ENSG00000268233	HG1443_HG1444_PATCH	134885148	134886612
ENSG00000269096	HG1443_HG1444_PATCH	134893822	134971309
ENSG00000269820	HG1443_HG1444_PATCH	135023245	135047090
ENSG00000269017	HG1443_HG1444_PATCH	135076507	135081168
ENSG00000269231	HG1443_HG1444_PATCH	135096099	135108092
ENSG00000269036	HG1443_HG1444_PATCH	135119468	135181293
ENSG00000268807	HG1443_HG1444_PATCH	135211873	135212660
ENSG00000268893	HG1443_HG1444_PATCH	135231864	135232377
ENSG00000268940	HG1443_HG1444_PATCH	134847482	134857255
ENSG00000271449	HG1443_HG1444_PATCH	134928421	134984823
ENSG00000269586	HG1443_HG1444_PATCH	134962963	135019384
ENSG00000270946	HG1443_HG1444_PATCH	134997808	135002098
ENSG00000268676	HG1453_PATCH	140008337	140008384
ENSG00000269658	HG1453_PATCH	140013903	140079613
ENSG00000269853	HG1453_PATCH	140084756	140085871
ENSG00000269617	HG1453_PATCH	140200195	140200301
ENSG00000267856	HG1453_PATCH	140220643	140221339
ENSG00000269060	HG1453_PATCH	140255400	140255753
ENSG00000268691	HG1453_PATCH	140257914	140259290
ENSG00000269309	HG1453_PATCH	140323628	140324661
ENSG00000268245	HG1453_PATCH	140343284	140346378
ENSG00000269108	HG1453_PATCH	140462988	140463272
ENSG00000269063	HG1453_PATCH	140665839	140667176
ENSG00000268239	HG1453_PATCH	140671600	140672937
ENSG00000269485	HG1453_PATCH	140708029	140708898
ENSG00000269838	HG1453_PATCH	140779576	140780904
ENSG00000269218	HG1462_PATCH	114940282	114940337
ENSG00000269390	HG1462_PATCH	114954800	114955819
ENSG00000269566	HG1462_PATCH	114955250	114955835
ENSG00000265581	HG1287_PATCH	144306409	144306942
ENSG00000266322	HG1287_PATCH	144338465	144338630
ENSG00000270860	HG1287_PATCH	144385871	144386034
ENSG00000265021	HG1287_PATCH	144406925	144407059
ENSG00000271684	HG1287_PATCH	144415822	144415985
ENSG00000265963	HG1287_PATCH	144422481	144424319
ENSG00000263446	HG1287_PATCH	144431295	144457279
ENSG00000265475	HG1287_PATCH	144452955	144455498
ENSG00000270979	HG1287_PATCH	144470791	144471086
ENSG00000266480	HG1287_PATCH	144476425	144478755
ENSG00000263379	HG1287_PATCH	144477957	144478102
ENSG00000263590	HG1287_PATCH	144479231	144483523
ENSG00000270626	HG1287_PATCH	144515182	144515273
ENSG00000265066	HG1287_PATCH	144532512	144532919
ENSG00000264363	HG1287_PATCH	144561586	144591065
ENSG00000264088	HG1287_PATCH	144564146	144571491
ENSG00000272785	HG1287_PATCH	144590716	144592379
ENSG00000264140	HG1287_PATCH	144591902	144621191
ENSG00000265232	HG1287_PATCH	144591970	144592381
ENSG00000266434	HG1287_PATCH	144616409	144616797
ENSG00000263771	HG1287_PATCH	144999835	145000416
ENSG00000265897	HG1287_PATCH	145010684	145011001
ENSG00000271112	HG1287_PATCH	145087484	145087770
ENSG00000265044	HG1287_PATCH	145098991	145099155
ENSG00000263398	HG1287_PATCH	145104538	145105671
ENSG00000266639	HG1287_PATCH	145105093	145105605
ENSG00000266338	HG1287_PATCH	145107801	145148089
ENSG00000264033	HG1287_PATCH	145129021	145129419
ENSG00000264805	HG1287_PATCH	145158950	145161205
ENSG00000265797	HG1287_PATCH	145601107	145781943
ENSG00000265886	HG1287_PATCH	145603585	145606317
ENSG00000270206	HG1287_PATCH	145651440	145651550
ENSG00000264416	HG1287_PATCH	145782415	145799107
ENSG00000270519	HG1287_PATCH	145818577	145818668
ENSG00000265937	HG1287_PATCH	145919250	145919953
ENSG00000270913	HG1287_PATCH	145927830	145928614
ENSG00000270363	HG1287_PATCH	145956019	145956305
ENSG00000268065	HG1287_PATCH	145967531	145967694
ENSG00000265318	HG1287_PATCH	145973025	145974170
ENSG00000271372	HG1287_PATCH	146094187	146094588
ENSG00000270384	HG1287_PATCH	146117942	146118108
ENSG00000270722	HG1287_PATCH	146152032	146152195
ENSG00000264111	HG1287_PATCH	146288361	146294273
ENSG00000264337	HG1287_PATCH	146294375	146357063
ENSG00000265111	HG1287_PATCH	146357400	146394563
ENSG00000264806	HG1287_PATCH	146510503	146528920
ENSG00000266054	HG1287_PATCH	146532044	146535368
ENSG00000263461	HG1287_PATCH	146534937	146546251
ENSG00000263773	HG1287_PATCH	146552975	146572260
ENSG00000264162	HG1287_PATCH	146577623	146596604
ENSG00000266474	HG1287_PATCH	146579262	146579898
ENSG00000265832	HG1287_PATCH	146597765	146605252
ENSG00000264665	HG1287_PATCH	146613005	146645521
ENSG00000265970	HG1287_PATCH	146703883	146708333
ENSG00000270840	HG1287_PATCH	146738496	146738659
ENSG00000266790	HG1287_PATCH	146975011	146975111
ENSG00000265348	HG1287_PATCH	147561736	147600709
ENSG00000268094	HG1287_PATCH	147643532	147644074
ENSG00000263387	HG1287_PATCH	147688346	147690033
ENSG00000264639	HG1287_PATCH	147705751	147810940
ENSG00000266845	HG1287_PATCH	147737232	147738896
ENSG00000263451	HG1287_PATCH	147766161	147766285
ENSG00000263915	HG1287_PATCH	147768753	147769993
ENSG00000266198	HG1287_PATCH	147841521	147858965
ENSG00000265360	HG1287_PATCH	147859186	147897983
ENSG00000272778	HG1287_PATCH	147859601	147939074
ENSG00000272535	HG1287_PATCH	147862017	147864155
ENSG00000265196	HG1287_PATCH	147864528	147866042
ENSG00000263665	HG1287_PATCH	147889691	147891347
ENSG00000264117	HG1287_PATCH	147909969	147910763
ENSG00000264980	HG1287_PATCH	147929056	147982177
ENSG00000264481	HG1287_PATCH	148005525	148006639
ENSG00000264154	HG1287_PATCH	148105465	148106298
ENSG00000265914	HG1287_PATCH	148106614	148106715
ENSG00000271719	HG1287_PATCH	148131994	148132548
ENSG00000265531	HG1287_PATCH	144561208	144569993
ENSG00000263513	HG1287_PATCH	144641706	144658404
ENSG00000270872	HG1287_PATCH	144661157	144754876
ENSG00000271567	HG1287_PATCH	145059290	145060074
ENSG00000270339	HG1287_PATCH	145279283	145280067
ENSG00000273296	HG1287_PATCH	145375927	145377287
ENSG00000272419	HG1287_PATCH	145852607	145856510
ENSG00000264863	HG1287_PATCH	145901266	145902353
ENSG00000271254	HG1287_PATCH	145976421	146277520
ENSG00000272150	HG1287_PATCH	146260284	146274466
ENSG00000266249	HG1287_PATCH	146414640	146425703
ENSG00000265491	HG1287_PATCH	146432834	146510487
ENSG00000265241	HG1287_PATCH	146607983	146613951
ENSG00000271601	HG1287_PATCH	146619839	146644434
ENSG00000272031	HG1287_PATCH	146645856	146650997
ENSG00000266741	HG1287_PATCH	146651118	146665263
ENSG00000265972	HG1287_PATCH	146678960	146682902
ENSG00000271425	HG1287_PATCH	146752733	146831219
ENSG00000264343	HG1287_PATCH	146838681	146915449
ENSG00000271121	HG1287_PATCH	146984419	146985587
ENSG00000271001	HG1287_PATCH	147030421	147031205
ENSG00000272427	HG1287_PATCH	147429220	147460378
ENSG00000268043	HG1287_PATCH	147646386	147682613
ENSG00000266748	HG1287_PATCH	147872674	147912053
ENSG00000272252	HG1287_PATCH	147950795	147971812
ENSG00000271928	HG1287_PATCH	148168653	148169043
ENSG00000266095	HG1287_PATCH	148227827	148312631
ENSG00000266723	HG1287_PATCH	148384209	148385750
ENSG00000263549	HG1287_PATCH	148464005	148475368
ENSG00000264011	HG1287_PATCH	148527377	148528774
ENSG00000264499	HG1287_PATCH	148589235	148595681
ENSG00000264776	HG1287_PATCH	148614808	148679936
