ENSG00000261657	HG991_PATCH	66119285	66465398
ENSG00000223116	13	23551994	23552136
ENSG00000233440	13	23708313	23708703
ENSG00000207157	13	23726725	23726825
ENSG00000229483	13	23743974	23744736
ENSG00000252952	13	23791571	23791673
ENSG00000235205	13	23817659	23821323
ENSG00000232849	13	93708910	93710179
ENSG00000236803	13	23841645	23843289
ENSG00000232163	13	23947562	23948200
ENSG00000252365	13	94021100	94021213
ENSG00000229558	13	23993110	24002818
ENSG00000235784	13	94047230	94048108
ENSG00000224394	13	94470677	94488397
ENSG00000212559	13	94677724	94677852
ENSG00000232977	13	24040710	24061603
ENSG00000236520	13	94806447	94840245
ENSG00000227893	13	24072935	24077013
ENSG00000212057	13	95117554	95117644
ENSG00000222129	13	95303651	95303783
ENSG00000232102	13	24340073	24340243
ENSG00000242037	13	95351479	95351756
ENSG00000238230	13	95351948	95355116
ENSG00000227640	13	95364970	95368500
ENSG00000205861	13	24463028	24471402
ENSG00000235768	13	95409705	95411526
ENSG00000237924	13	95412807	95413269
ENSG00000260962	13	95612295	95613573
ENSG00000252335	13	95671489	95671590
ENSG00000238463	13	95862598	95862702
ENSG00000223298	13	95963084	95963209
ENSG00000196593	13	24513696	24520921
ENSG00000200211	13	95988360	95988455
ENSG00000271492	13	96046303	96046708
ENSG00000223392	13	96131698	96186164
ENSG00000228741	13	24553949	24609166
ENSG00000247400	13	96300987	96329179
ENSG00000225674	13	24696204	24697953
ENSG00000229622	13	96344792	96346226
ENSG00000252695	13	24736555	24736643
ENSG00000227213	13	24826887	24828577
ENSG00000227714	13	96346237	96346749
ENSG00000240868	13	24889863	24895736
ENSG00000232373	13	96346823	96347959
ENSG00000234627	13	24902349	24903210
ENSG00000251901	13	96366931	96367032
ENSG00000261498	13	24905588	24911259
ENSG00000226977	13	96461564	96461861
ENSG00000233545	13	24974841	24975167
ENSG00000242614	13	96821799	96822099
ENSG00000000457	13	23708313	23708703