ENSG00000261657	HG991_PATCH	66119285	66465398
ENSG00000223116	13	23551994	23552136
ENSG00000233440	13	23708313	23708703
ENSG00000207157	13	23726725	23726825
ENSG00000229483	13	23743974	23744736
ENSG00000252952	13	23791571	23791673
ENSG00000235205	13	23817659	23821323
ENSG00000232849	13	93708910	93710179
ENSG00000236803	13	23841645	23843289
ENSG00000232163	13	23947562	23948200
ENSG00000252365	13	94021100	94021213
ENSG00000229558	13	23993110	24002818
ENSG00000235784	13	94047230	94048108
ENSG00000224394	13	94470677	94488397
ENSG00000212559	13	94677724	94677852
ENSG00000232977	13	24040710	24061603
ENSG00000236520	13	94806447	94840245
ENSG00000227893	13	24072935	24077013
ENSG00000212057	13	95117554	95117644
ENSG00000222129	13	95303651	95303783
ENSG00000232102	13	24340073	24340243
ENSG00000242037	13	95351479	95351756
ENSG00000238230	13	95351948	95355116
ENSG00000227640	13	95364970	95368500
ENSG00000205861	13	24463028	24471402
ENSG00000235768	13	95409705	95411526
ENSG00000237924	13	95412807	95413269
ENSG00000260962	13	95612295	95613573
ENSG00000252335	13	95671489	95671590
ENSG00000238463	13	95862598	95862702
ENSG00000223298	13	95963084	95963209
ENSG00000196593	13	24513696	24520921
ENSG00000200211	13	95988360	95988455
ENSG00000271492	13	96046303	96046708
ENSG00000223392	13	96131698	96186164
ENSG00000228741	13	24553949	24609166
ENSG00000247400	13	96300987	96329179
ENSG00000225674	13	24696204	24697953
ENSG00000229622	13	96344792	96346226
ENSG00000252695	13	24736555	24736643
ENSG00000227213	13	24826887	24828577
ENSG00000227714	13	96346237	96346749
ENSG00000240868	13	24889863	24895736
ENSG00000232373	13	96346823	96347959
ENSG00000234627	13	24902349	24903210
ENSG00000251901	13	96366931	96367032
ENSG00000261498	13	24905588	24911259
ENSG00000226977	13	96461564	96461861
ENSG00000233545	13	24974841	24975167
ENSG00000242614	13	96821799	96822099
ENSG00000233273	13	97225913	97226753
ENSG00000205822	13	24982295	25171814
ENSG00000235137	13	97536096	97542067
ENSG00000243300	13	97593535	97636426
ENSG00000266216	13	25129366	25129451
ENSG00000244615	13	25140981	25144866
ENSG00000234267	13	97599891	97601181
ENSG00000243008	13	25141011	25171814
ENSG00000272329	13	97600272	97601838
ENSG00000211508	13	25183217	25183313
ENSG00000222472	13	97601503	97601787
ENSG00000207474	13	25277694	25277803
ENSG00000252154	13	97618195	97618268
ENSG00000225404	13	25278476	25278926
ENSG00000238522	13	97709633	97709734
ENSG00000233124	13	97824723	97831876
ENSG00000231417	13	25316815	25320322
ENSG00000202290	13	98015226	98015355
ENSG00000271625	13	98127996	98128713
ENSG00000226695	13	25324795	25326309
ENSG00000226134	13	98327265	98330217
ENSG00000238407	13	98538063	98538166
ENSG00000233291	13	98553907	98554542
ENSG00000270725	13	98591610	98605793
ENSG00000253771	13	25498815	25542625
ENSG00000232217	13	98639204	98639470
ENSG00000222969	13	98856089	98856446
ENSG00000263399	13	98860778	98860854
ENSG00000269189	13	98885904	98886954
ENSG00000269599	13	98981909	98985490
ENSG00000251299	13	25517713	25518636
ENSG00000231194	13	99087659	99088094
ENSG00000271437	13	99205497	99206034
ENSG00000232858	13	25562715	25563063
ENSG00000224418	13	99229498	99231084
ENSG00000256305	13	25715794	25716046
ENSG00000217686	13	99262546	99263130
ENSG00000234056	13	25746966	25754217
ENSG00000233549	13	99281940	99282243
ENSG00000238169	13	25755579	25763898
ENSG00000233662	13	99293068	99293493
ENSG00000225105	13	25767245	25784433
ENSG00000243366	13	99324234	99324529
ENSG00000235315	13	25780187	25780644
ENSG00000229918	13	99484338	99486883
ENSG00000261530	HG706_PATCH	75610476	75660403
ENSG00000221324	13	25820669	25820753
ENSG00000260509	13	25874262	25875576
ENSG00000231981	13	99601973	99602701
ENSG00000234152	13	25939937	25940293
ENSG00000265546	13	26027137	26027428
ENSG00000260666	HG706_PATCH	75418301	75455198
ENSG00000207298	13	99677488	99677599
ENSG00000199767	13	26091257	26091363
ENSG00000260992	13	99740073	99740879
ENSG00000180803	13	26437388	26437805
ENSG00000230871	13	99825847	99826744
ENSG00000242381	13	26518632	26518891
ENSG00000260334	HG185_PATCH	39868578	39872221
ENSG00000223158	13	26524842	26524959
ENSG00000231983	13	26626414	26627523
ENSG00000234005	13	99842833	99843245
ENSG00000228889	13	99848631	99852964
ENSG00000233963	13	26688547	26728313
ENSG00000201793	13	99857962	99858260
ENSG00000218502	13	99867626	99868012
ENSG00000207719	13	100008385	100008482
ENSG00000234706	13	26691686	26693102
ENSG00000228808	13	100024427	100024940
ENSG00000271559	13	26803469	26803781
ENSG00000238241	13	100060035	100061316
ENSG00000227882	13	26808350	26811266
ENSG00000266207	13	100105650	100105723
ENSG00000203441	13	100151981	100153306
ENSG00000234031	13	27151023	27151812
ENSG00000212197	13	100188573	100188650
ENSG00000234168	13	100229366	100232622
ENSG00000237001	13	27180681	27215501
ENSG00000234239	13	100234960	100235434
ENSG00000230256	13	27479499	27479998
ENSG00000223782	13	27551680	27551926
ENSG00000263615	13	100295313	100295403
ENSG00000218198	13	27591688	27592046
ENSG00000227659	13	100342335	100343225
ENSG00000232162	13	27736992	27743272
ENSG00000234303	13	100378501	100379745
ENSG00000230641	13	27746396	27757135
ENSG00000234772	13	27810419	27810948
ENSG00000201245	13	100436111	100436237
ENSG00000238305	13	100436308	100436411
ENSG00000207500	13	27829201	27829272
ENSG00000260738	13	100647153	100650163
ENSG00000207051	13	27829538	27829663
ENSG00000221756	13	27894150	27894296
ENSG00000225999	13	100680023	100680428
ENSG00000252247	13	27917785	27917883
ENSG00000229609	13	27947485	27948503
ENSG00000236554	13	100714550	100715855
ENSG00000201242	13	27976613	27976724
ENSG00000203602	13	28008286	28008752
ENSG00000252499	13	28062275	28062369
ENSG00000228501	13	100802735	100803346
ENSG00000226703	13	28270530	28271341
ENSG00000261125	HG185_PATCH	39873994	39890896
ENSG00000270632	13	100850441	100850723
ENSG00000207330	13	28402900	28403006
ENSG00000234650	13	101116694	101133411
ENSG00000247381	13	28407581	28495541
ENSG00000260704	13	28527663	28529507
ENSG00000242360	13	28563435	28563721
ENSG00000224356	13	101187995	101232371
ENSG00000271026	13	28641724	28642471
ENSG00000235115	13	28681568	28682014
ENSG00000234354	13	101192089	101192528
ENSG00000261485	13	28710980	28712330
ENSG00000237082	13	101276129	101276683
ENSG00000232587	13	28788650	28790034
ENSG00000200840	13	28806638	28806744
ENSG00000233009	13	101360579	101711638
ENSG00000235472	13	29172970	29174189
ENSG00000202237	13	29277839	29277944
ENSG00000214051	13	101408805	101409313
ENSG00000233588	13	29296523	29298158
ENSG00000229599	13	101593116	101596618
ENSG00000236339	13	29352695	29353074
ENSG00000272349	13	102369198	102369728
ENSG00000221670	13	29796699	29796778
ENSG00000201155	13	102431234	102431398
ENSG00000236758	13	29813516	29824691
ENSG00000215399	13	102454228	102454838
ENSG00000265164	13	102619992	102620096
ENSG00000223460	13	29880915	29881922
ENSG00000229975	13	102654475	102655660
ENSG00000270680	13	29913703	29914006
ENSG00000201690	13	102669303	102669419
ENSG00000179141	13	30050652	30064242
ENSG00000264482	13	102698284	102698354
ENSG00000236860	13	102915396	102915552
ENSG00000236258	13	30440096	30440306
ENSG00000224329	13	30446750	30462542
ENSG00000243319	13	102944677	103046869
ENSG00000224405	13	30492784	30500788
ENSG00000234445	13	103019889	103026016
ENSG00000122043	13	30510042	30524625
ENSG00000272143	13	103046980	103048053
ENSG00000266505	13	30596158	30597937
ENSG00000270581	13	103053821	103054807
ENSG00000261057	13	103241722	103242163
ENSG00000224511	13	30677315	30683012
ENSG00000269942	13	103331776	103332308
ENSG00000232117	13	30726023	30733758
ENSG00000238869	13	103374152	103374255
ENSG00000231633	13	103395340	103397574
ENSG00000232643	13	30728203	30728723
ENSG00000222301	13	103472343	103472419
ENSG00000266816	13	30780753	30780836
ENSG00000252928	13	30855902	30856006
ENSG00000250878	13	103532449	103548383
ENSG00000215049	13	30870284	30870872
ENSG00000272542	13	103541208	103542184
ENSG00000236463	13	30890497	30894040
ENSG00000234551	13	104077550	104080035
ENSG00000230474	13	104096970	104097318
ENSG00000225823	13	105466678	105467420
ENSG00000232307	13	106111404	106158030
ENSG00000238121	13	30914407	30951282
ENSG00000226620	13	106356629	106416789
ENSG00000225039	13	30993656	30996374
ENSG00000261577	HG185_PATCH	39910856	39943183
ENSG00000252550	13	106549872	106549992
ENSG00000236444	13	31002084	31002656
ENSG00000222643	13	106780720	106780837
ENSG00000222682	13	106807721	106807839
ENSG00000213411	13	31113734	31117598
ENSG00000233532	13	107028911	107030565
ENSG00000232489	13	31115780	31117034
ENSG00000174418	13	107078121	107078470
ENSG00000224117	13	31127807	31128830
ENSG00000272274	13	107270158	107283707
ENSG00000230156	13	107306264	107324511
ENSG00000237879	13	31377343	31384782
ENSG00000227590	13	107315785	107316195
ENSG00000174408	13	107516164	107516634
ENSG00000224743	13	31456070	31507983
ENSG00000196777	13	107594562	107594907
ENSG00000239050	13	107627286	107627374
ENSG00000221316	13	107773381	107773471
ENSG00000201847	13	107973243	107973311
ENSG00000221650	13	108183519	108183596
ENSG00000221473	13	108288379	108288464
ENSG00000227248	13	108440690	108487799
ENSG00000223177	13	108953560	108953679
ENSG00000232087	13	109132574	109134165
ENSG00000229938	13	109753609	109754267
ENSG00000236094	13	31456688	31457532
ENSG00000236242	13	109816250	109853831
ENSG00000238185	13	31547426	31551760
ENSG00000223617	13	109934321	109940081
ENSG00000230233	21	19986749	20022678
ENSG00000230403	13	31569299	31570275
ENSG00000236053	13	109962483	109964121
ENSG00000261163	HG185_PATCH	39958199	39968855
ENSG00000265841	21	20058408	20058482
ENSG00000231894	13	31651391	31689836
ENSG00000229792	13	110053043	110053988
ENSG00000221041	21	20076689	20076772
ENSG00000234854	13	110380629	110382354
ENSG00000198618	21	20230097	20230594
ENSG00000229427	13	31885426	31887058
ENSG00000255813	13	110407168	110407615
ENSG00000201161	13	110567443	110567767
ENSG00000231428	13	110705632	110707299
ENSG00000232193	21	20290252	20308177
ENSG00000229715	13	32420978	32527609
ENSG00000226204	21	20325582	20339376
ENSG00000265885	13	110750200	110750498
ENSG00000238629	13	111066552	111066653
ENSG00000235965	21	20418629	20420003
ENSG00000224821	13	111108743	111115634
ENSG00000235822	13	32559822	32565134
ENSG00000229289	21	20502841	20506741
ENSG00000237637	13	32599451	32605776
ENSG00000232814	13	111154922	111160526
ENSG00000226818	21	20616860	20618709
ENSG00000230633	13	32872291	32872849
ENSG00000255831	13	111291555	111292340
ENSG00000231620	21	20673930	20676056
ENSG00000215515	13	32958797	32960245
ENSG00000225239	13	111415021	111415480
ENSG00000212609	21	20717465	20717629
ENSG00000259831	13	111462023	111465431
ENSG00000212293	13	32994527	32994653
ENSG00000230198	21	20966155	20966422
ENSG00000270008	13	32999495	33007091
ENSG00000229152	13	111547406	111551519
ENSG00000271486	21	20993009	20993859
ENSG00000229336	21	21112023	21112464
ENSG00000229800	13	33051411	33052978
ENSG00000227105	13	111589106	111592131
ENSG00000215353	21	21131673	21132442
ENSG00000233480	21	21265593	21272069
ENSG00000225760	13	111635654	111642911
ENSG00000233236	21	21629065	21631133
ENSG00000225870	13	111748185	111755444
ENSG00000251851	21	21728060	21728164
ENSG00000252963	21	21728965	21729208
ENSG00000235875	13	111766159	111768025
ENSG00000207325	13	33337576	33337690
ENSG00000233676	21	21760646	21761157
ENSG00000226968	13	33451569	33485788
