738
55421
9605
132001
51537
81563
126731
94104
90580
254863
81892
23376
9556
219738
343990
84886
57614
284361
90523
57662
55004
9798
9761
56181
79969
257407
29919
57495
51101
57698
51337
23313
55848
55638
9847
84293
54921
375057
387104
9729
55184
9764
222950
23732
80017
79747
57608
23325
55337
402665
23285
286205
22848
16
60496
154664
5243
11194
6833
225
5825
55324
26090
84836
57406
10006
10152
3983
84448
22885
29
30
31
27034
37
176
23527
38
91452
41
47
50
344967
10005
52
23205
2180
2181
2182
100505572
23305
100505829
60
71
51412
87
88
89
81
10121
10120
10096
57180
98
4185
53616
8745
11033
103
107
108
109
196883
111
114
118
119
120
134
148
150
23384
154
155
156
10939
116987
116986
116988
177
55750
178
55326
375790
191
10768
79026
10598
400673
9131
150209
9049
203
50808
26289
8165
9590
445815
11217
9495
10142
10327
1645
8574
207
208
126133
216
10840
217
224
8659
7915
4329
501
226
230
85365
249
9949
154796
271
273
286
287
288
51479
63926
170961
340120
57182
23294
56899
301
311
302
306
308
309
310
162
164
8907
10053
1174
160
161
163
1173
1175
8546
8120
8943
10947
1176
100526783
10239
324
347
348
320
321
9546
51107
83464
80832
79135
139322
351
10513
26060
55198
84182
361
23237
372
100500810
375
378
377
381
382
23647
84364
26286
10564
392
57584
57636
23092
9181
8874
23229
23370
8289
10620
127829
55207
405
10552
10109
10094
26140
81873
408
421
50807
140460
80150
460
23245
84896
55210
55729
79065
126248
471
51062
64225
479
57130
476
477
478
480
481
482
487
488
490
491
492
493
495
498
506
509
513
515
10476
9551
521
10632
537
10159
535
50617
9114
527
523
525
526
528
51382
529
440862
90423
9296
9550
534
51606
10396
51761
10079
93974
546
25814
6311
9912
549
551
60370
283638
64343
57148
126792
26229
79870
572
9532
9531
9529
575
576
577
10458
8815
10409
7916
23215
7917
7920
9031
79948
64748
55262
23387
57580
780776
80164
63827
8537
54828
10295
23786
613
622
627
57596
274
57448
29760
282991
645
673
140707
25874
51660
84446
9024
682
8927
121551
388419
9256
708
714
114900
79834
23065
9854
718
57648
84892
773
774
775
776
777
778
8911
781
9254
55799
93589
782
783
784
785
10369
10368
27092
27091
59283
27101
790
23705
199731
8618
794
57658
801
805
808
51806
8536
57118
57172
815
816
817
818
55450
814
84254
10645
79012
810
91860
157922
55832
23066
821
10487
10486
822
823
726
4076
829
830
832
759
760
762
8573
57524
57513
847
869
873
874
54862
90550
115098
133957
28952
57003
55704
80212
54520
885
901
219771
10576
7203
10575
22948
908
10693
10574
10694
966
100653288
100652804
928
998
8476
9578
23580
999
1008
1009
1010
1012
1013
1014
1016
28513
1000
1001
1002
1003
1004
1005
1006
1007
28316
64405
100653137
64072
60437
10423
1020
8851
80279
8999
6792
27439
51286
9859
1072
1073
1103
54927
84303
1113
10752
5119
57132
27243
128866
79643
1128
1129
1137
8973
89832
1139
1141
55847
284106
100302274
11113
10970
9793
1152
548596
1159
23332
23122
1185
5010
6249
7461
25999
79789
22883
1211
1212
1213
1191
55907
152100
51727
146223
55748
22866
26507
1267
1268
1269
25927
1271
1272
6900
5067
152330
53942
27255
8506
26047
80347
23242
83548
118881
1314
9276
22820
8533
80219
11151
57175
23603
7464
10391
1327
10328
9377
1329
1340
1345
9167
22849
10815
10814
131034
57699
9362
27132
144402
1374
1376
1384
51185
1392
1393
1394
1395
1397
9419
1399
51755
1400
55118
1410
1428
1429
1431
1434
114784
1452
1453
1454
283106
1457
1459
1460
10675
1465
1469
1487
1488
1495
1496
1499
1500
1501
2017
83992
10659
8065
80777
51706
1727
79901
1537
54205
23191
26999
1540
1545
10858
9267
9266
9265
92521
8209
51493
57488
81553
80728
387597
9890
165215
729956
25758
57670
23731
23002
23500
1601
153090
147906
1603
747
1612
2532
1615
1620
1621
54798
1627
28988
1629
79877
79633
9201
166614
1639
10540
11258
51164
84516
123879
1641
23576
23109
65992
1653
10521
1654
100616408
1655
100616387
1656
1666
4833
1674
1607
8526
9162
8525
317749
25979
1665
54505
22907
90957
57609
148252
54769
1737
1738
1739
1740
1741
1742
9229
9228
58512
22839
1743
1756
1762
23312
3301
10294
9093
3337
54788
3300
11080
25822
10049
80331
55735
23317
131118
9829
1759
10059
1785
26052
8447
1793
55619
1794
1795
9732
80005
85440
23348
8813
57628
1804
1808
1809
10570
56896
1812
1813
1828
1832
100652766
667
11034
92675
1837
11221
1845
1846
1848
1849
1855
1778
1780
1781
51143
1783
79659
8655
140735
83658
6993
83657
9897
128178
1907
8411
100653236
1915
1917
619569
1933
1936
1938
80820
286097
79180
23167
22979
345778
10938
30845
30844
10919
83939
5610
26523
27161
1965
8663
8664
652966
652965
1973
26781
100302143
619567
677847
619568
1974
6043
9775
100653227
1975
1977
1981
8672
1994
1995
1996
114794
9844
63916
2010
55740
2021
2023
2026
2027
133121
2035
2036
2037
23136
2038
2039
54749
2043
2047
100874309
22905
79999
83481
2058
2060
58513
2059
64787
8288
2064
55914
23085
26059
10613
11160
2109
2110
56243
51466
55763
55770
11336
60412
10640
54536
23233
23265
149371
2132
7430
2150
9002
2166
2170
2171
2173
2184
100506924
11170
23196
54954
219287
285172
9715
126567
221061
284069
9780
57464
145773
55177
10160
2193
10056
2194
2197
26232
79791
150726
26270
2280
2224
2235
2242
2244
121512
2246
2247
2266
2271
9158
2312
51024
23307
2281
2288
23770
2314
2316
2318
10211
2319
56776
752
114793
91010
2332
64122
54874
84443
9758
10818
10129
285527
100652832
100653350
6624
79187
2495
2521
2530
8087
9513
2534
9908
2539
11345
2550
9568
2554
2555
2556
2557
2558
2559
2560
2561
2562
574412
407009
2564
2565
2566
2571
2580
2596
2597
26330
26130
253959
10634
8522
2631
10985
9615
54332
78997
2664
2665
2670
2675
23163
10755
28964
10804
2734
100652973
152007
51031
2744
27165
2747
2752
388336
221424
389813
2764
2767
2768
10672
9630
2769
2770
2771
2773
2774
2794
2775
2776
2778
2780
2779
2781
2782
2056
2790
2791
100289627
619570
619571
10399
2784
59345
10681
55970
54331
2785
2786
2787
2788
8443
2801
401647
2804
9527
2805
2806
2817
2239
2819
2820
10243
2821
2823
2824
84435
57512
54329
84059
100528062
114928
51704
114787
285513
26086
2879
160622
2887
2885
113246
9380
2890
2891
2892
2893
2895
2897
2898
2899
2900
2901
2902
2903
2904
2905
2906
23426
9743
2870
2909
2911
2912
2913
2914
2915
2917
2918
2932
2934
373156
2946
2947
9446
2950
9567
91978
2977
2982
2983
2987
2710
3005
7923
22927
3033
3030
3032
1404
60484
145864
404037
23438
10456
3055
348980
610
79885
3069
23072
57520
113510
641654
220296
9146
26275
25994
3094
3092
9026
3009
3006
3007
3008
3012
8335
3018
85236
554313
121504
8294
8359
8360
8361
8362
8363
8364
8365
8366
8367
8368
8370
3098
3163
10949
3178
3181
220988
3187
100529097
3188
407043
3190
4670
9456
9455
9454
84376
50809
3208
3241
3265
3269
10247
3028
51144
3295
83693
84263
3320
3326
343477
259217
3303
3304
3305
3306
3308
22824
3309
85390
85389
3312
3313
3315
26353
3329
3336
10808
3350
3351
3352
3356
3357
3359
9177
3363
3064
3376
55699
3382
7087
3418
3419
3420
3421
84966
93185
57549
22997
11141
10989
3612
9118
64423
3631
3632
79711
3843
10527
8826
9922
23096
100653339
440073
126298
3667
81533
3687
9445
81618
3706
3708
3709
3710
6453
50618
3718
152789
9832
57338
84502
3728
8997
25959
3735
9920
3736
3737
3738
3739
7881
8514
9196
3745
3746
3747
3749
3751
3753
23630
9992
10008
23704
30819
80333
3766
100653095
3768
3772
3773
3760
3761
3762
3763
3764
3765
3778
3779
10242
27345
3785
115207
57528
386617
51780
3792
10657
57498
57576
547
23095
9585
55605
3796
84643
11004
11127
24137
3798
3799
3800
22920
3831
64837
89953
129285
3836
3837
3845
889
192666
196374
3895
3897
3916
3920
10314
55915
51056
23367
3927
167691
3932
3936
8861
3939
3945
3954
3964
9211
203190
51474
22998
84619
8825
64130
55327
84894
3991
3996
4000
4001
84823
4008
22853
114783
80856
9361
254531
22859
23266
23284
57622
4035
10128
55604
10234
55631
57470
255252
55379
57554
56262
84230
9208
347730
26045
347731
80059
90678
4045
134353
4062
4067
66004
388695
4069
11178
84445
23499
28992
8567
4099
64110
9863
260425
51025
4128
4129
84557
5604
5605
5606
5609
7786
11184
8491
9448
79929
5594
5602
5595
644172
9479
23542
23162
22919
10982
22924
4137
4082
65108
4139
2011
4140
57787
4141
23031
8785
23344
4155
56922
64087
161357
4190
4191
51102
56947
9927
11343
100505828
4259
142678
66035
84864
50488
57496
23209
4291
8079
4301
64210
100529241
25843
4340
7841
54996
26002
8777
4353
4354
4355
4356
58538
64398
51678
143098
23164
22808
92259
4478
22921
4513
4130
4131
55201
4133
4134
4135
9053
55700
256714
79884
23787
23788
92140
4522
25902
8776
64419
767558
136319
4580
10651
9961
23077
50804
4628
4629
79784
4624
4625
4627
103910
4635
4637
140465
399687
4430
4641
4642
4643
4542
4644
55930
4646
4648
25924
23349
4673
4676
8775
63908
8774
57106
89796
89797
26960
83988
4684
4685
1463
23154
10787
3071
51517
56926
23385
81565
10397
57447
4705
55967
51079
4695
4697
4698
4700
4701
4702
4704
4716
54539
4709
4712
4713
4714
4715
4719
4720
4722
4726
374291
4723
4729
10529
54550
25977
4734
23327
4744
4741
257194
26012
4756
81832
23114
4783
4794
25791
340527
4815
8508
28512
22871
57555
54413
57502
4830
4832
23530
408050
4841
4842
3310
645455
100653286
1646
100653042
9520
4869
27020
4884
4852
4893
4897
3084
9542
10718
145957
4900
51299
9378
9379
9369
100507699
4905
55968
93034
51559
4907
50863
84628
4915
4922
134492
8650
9253
11248
132299
26011
4967
55753
8473
29789
10439
93145
118427
100506582
4974
4976
80207
4978
4985
4986
4988
4998
4999
55611
5019
5020
55074
80725
5023
5024
9127
5027
5028
5029
5036
26986
5042
8761
55690
29993
11252
29763
11240
5048
55824
10606
5058
56924
57144
5064
5066
56666
11315
142
57326
5093
5094
5095
5097
57575
5099
56142
56130
56113
27445
5110
5122
5126
5127
5128
5129
5091
10015
10846
50940
5136
5153
5138
5142
5144
5151
8622
5160
5162
8050
2923
10130
5165
9260
5170
8566
23616
5173
8682
5037
10455
5179
23481
5192
8799
5193
5195
5828
8504
5830
51555
5208
5211
5213
5214
5216
5217
5224
5827
5226
100653302
100652805
5230
5232
283209
10857
221692
5245
11331
26227
23187
9796
728233
8301
9463
10026
5290
5289
5300
5305
8396
23396
5306
9600
57605
5313
5694
5315
5585
8502
5321
123745
23236
5331
5332
5333
113026
51196
5335
23228
5337
5338
23646
5339
5341
59338
54477
22874
144100
5286
51090
5354
5361
5362
55558
91584
10154
5367
10654
25953
10908
50640
10775
5447
8613
8500
8499
8541
8497
8496
8495
100288602
5478
5479
5481
51645
5493
22843
57460
5499
5500
5501
4659
4660
84152
5510
55607
5515
100500905
5518
5528
5529
5530
5532
5533
5534
5536
11230
5526
5052
7001
10935
25824
9588
10113
80243
144165
166336
5567
5573
5575
5576
5577
5578
5579
5582
5580
5581
5590
5591
5593
8575
10419
56341
5621
5625
9762
11212
5630
5631
80758
80863
100507547
112476
158471
57716
29968
5662
23362
5663
5664
55851
5685
5693
5700
5702
5707
5716
5717
10213
5708
5713
5714
100653146
100653024
5747
2185
100287705
5764
51495
5780
5781
25930
84867
5789
5792
5802
11122
5803
5813
5814
29942
5831
29920
65263
5834
5837
5859
5860
9444
5861
10890
9230
22841
26056
201475
5872
51552
376267
22931
81876
23011
53917
57111
25837
5874
5862
27314
11031
9363
11021
326624
5864
5865
115827
9545
22930
6791
25782
5867
10638
53916
5868
5869
5878
5870
51560
7879
4218
51762
51209
10567
9135
79874
27342
5877
5879
5880
5894
5898
5901
10048
5905
5906
5909
5910
5911
5912
57826
9693
11069
51735
65059
5917
22821
84820
8437
9462
5924
11186
10432
9978
57665
5962
51308
7905
92840
5649
9185
5980
23180
6002
26575
10287
8601
9628
6000
401190
85397
8787
387
388
391
55288
89941
60626
23504
22999
9699
9783
140730
9610
26994
9781
6092
6093
9475
79641
6102
22895
9501
6134
26778
4736
6135
606500
6137
645683
9045
6141
6143
619499
6144
26771
6146
222901
6147
26772
26773
26809
6152
6154
6155
6158
6159
116938
116936
6122
6156
6160
6161
6164
11224
6165
25873
6169
595100
595099
595098
595097
6124
6083
6125
6128
6130
26814
26815
26820
6132
6133
6175
619565
6181
6184
6185
6205
6206
100508408
85388
6207
6208
6209
6210
6217
100505503
6218
6222
6223
6187
26784
6224
26795
6227
6228
6229
6232
6233
51065
6234
6188
6193
6194
6197
6198
6201
94163
6202
26811
6203
574040
3921
6044
22800
6238
6240
6252
10313
57142
65078
349667
22902
6261
6262
6263
6275
6280
6285
1901
22908
26278
10055
25813
56681
23098
6301
6305
81846
10066
10067
192683
51097
79966
7857
6447
23256
85477
6323
6324
6326
6327
6328
55800
6329
6330
6331
6334
6335
23513
9805
6386
6389
6390
6396
23541
9117
10484
9632
22872
55176
10952
8482
1731
151011
55752
4735
55964
284083
2812
5413
23157
989
23176
10801
26135
12
5270
91404
23450
2810
6421
94081
81855
94097
6444
84251
129049
27352
83699
6455
6456
6457
51100
56904
30011
9644
50944
22941
81858
6464
6472
6494
26037
57568
140885
22933
6499
6500
57606
6558
57468
57084
57030
246213
6570
6571
6572
6505
6506
6507
6509
6511
6512
6576
8402
8604
10165
83733
79751
293
5250
83447
291
91137
292
376497
10999
6513
7779
7781
7782
64924
55676
148867
10463
140679
340146
6520
6521
57282
6508
8671
9497
6529
6530
6532
6531
9152
6533
6534
6535
6536
23657
6546
6543
6547
9368
9351
9748
100287789
7871
6594
6598
8243
9126
55512
8773
6616
9342
116841
100130093
9892
23557
6622
27044
9751
6640
6641
6645
6642
29934
6643
115703
81609
8724
8723
27131
58533
51429
6647
100129518
6648
10580
8470
57537
6654
83595
124044
10290
80309
11005
56907
6709
6710
6711
6712
57731
6714
9901
6717
6733
6734
58477
63826
6742
6745
6747
6750
6767
6768
6772
6781
10963
282974
23012
27347
2040
30968
100653179
100653013
11171
6801
29966
29888
10273
23673
8675
6804
112755
2054
6809
6810
6811
10228
8417
9482
6812
6813
6814
134957
9515
29091
8803
8802
6613
9900
9899
22987
55530
6847
6853
6854
8224
10492
23345
8831
9145
9144
9143
8867
8871
23336
11346
132204
6855
6856
6857
23208
91683
127833
84258
6861
148281
9066
143425
84958
54843
94120
94121
94122
6867
8407
29114
6888
85461
26115
57551
9344
80213
26000
79735
57465
1155
6904
29110
26608
677812
6950
55346
11022
374618
7019
55856
221981
7070
26517
10469
92609
93643
7082
9414
7086
7094
83660
7108
54499
10972
23423
79073
55831
84233
114795
81615
54867
55754
55161
59353
55362
51234
7111
29767
3371
23043
3842
7143
54472
10043
146691
9804
10953
84134
9868
7164
7166
121278
7167
7168
7169
7170
7171
1200
11076
127262
7178
7187
10131
58485
27095
126003
83696
23321
10612
22954
4591
80128
114088
7204
7158
9537
51393
7248
7249
81628
7251
64061
9694
9652
145567
57348
7846
100288366
10376
84790
7277
7280
347733
10383
10381
10382
203068
84617
7283
27175
7284
7991
5756
7295
51075
9352
7317
7311
84959
7316
9040
389898
7335
7336
89910
9690
9354
8266
23352
80700
7345
7360
23025
10497
440279
201294
5976
7381
7384
7385
7386
84833
8615
9097
9958
57478
8078
8239
55697
6843
6844
9341
8674
6845
57216
9218
9217
7407
10493
7410
1462
7414
7415
80124
7416
7417
7419
7422
7425
7431
23230
64601
57617
9559
51160
51699
65082
26276
55737
23339
27072
11311
27183
6293
55275
100505729
23355
7447
51534
143187
10490
8936
10163
10810
8976
64409
57590
9948
91833
22884
22911
57599
25886
11180
23335
112840
29062
7466
84305
11197
147179
644150
65125
65268
23286
11059
7514
23039
7515
8565
7525
10652
64848
54915
51441
7529
7531
7532
7533
10971
7534
29801
22891
26036
7542
64145
11130
