22848
60
10097
10096
273
301
302
162
8907
160
161
163
1173
1175
8943
10947
10239
392
10093
535
9114
523
8927
781
9254
782
784
785
801
805
808
815
816
817
818
8573
998
1008
1012
1000
1002
1213
1272
6900
8506
26047
1400
1487
1495
1627
1639
10540
54769
1739
1740
1741
9229
9228
58512
22839
23312
1759
1785
26052
1808
10570
11034
55914
23085
26059
55763
55770
11336
60412
10640
54536
23265
149371
10211
2550
9568
2554
2557
2596
2664
2665
2767
10672
9630
2770
2771
2773
2775
2776
2778
2781
2782
2783
59345
10681
55970
54331
2785
2788
2890
2891
2892
2893
2903
2904
2906
9118
8514
547
3796
84643
3799
3831
64837
3845
3895
8825
64130
4128
4129
5594
5595
23162
4137
65108
4355
51678
4644
8775
63908
4744
4747
4741
57555
27020
9378
9369
4905
4976
27445
5138
5216
23236
5332
5335
8500
8499
8541
8497
5573
5576
5577
5578
5579
5582
5581
5861
10890
9230
51552
376267
22931
23011
11021
5864
115827
22930
53916
5868
5869
5878
5870
51560
7879
51762
5879
5898
8437
387
388
23504
22999
6093
22895
6252
57142
6262
4735
5413
989
23176
6456
56904
57030
6543
6616
27131
6710
6711
23673
6804
112755
6810
8417
6812
6814
134957
9900
6853
6854
8224
9143
8867
6855
6857
6861
9066
27095
7846
7280
347733
10383
10382
23025
6844
9341
9218
65082
11311
27183
7447
7466
65125
55638
71
107
108
109
196883
111
114
134
148
150
135
154
155
375790
10053
320
321
9546
51107
83464
351
10513
23647
55207
50617
527
525
551
627
9256
773
774
775
776
777
778
55799
93589
10369
10368
27092
27091
23705
8536
57118
57172
55450
814
810
91860
57513
885
999
1009
1010
1013
1014
1016
28513
1001
1003
1004
1005
1006
1007
28316
64405
64072
60437
1103
1113
1128
1129
1137
8973
1139
1141
1268
1269
5067
152330
53942
27255
10815
10814
1392
1393
1394
1395
1488
1621
8642
54798
80331
8448
8447
1812
1813
1855
79659
6993
2064
2246
9758
2555
2556
2558
2559
2560
2561
2562
2564
2565
2566
2768
2769
2774
2779
2790
2891
2784
2786
2787
2897
2898
2899
2900
2901
2905
2911
2913
2914
2917
2918
2977
2982
2983
3094
3187
3350
3351
3352
3356
3357
3359
9177
3363
3736
3737
3739
7881
3746
3747
3749
3753
23630
9992
10008
23704
3766
3768
3772
3760
3761
3762
3763
3764
3765
3778
3779
10242
27345
57498
23095
24137
89953
3916
3920
114569
9479
23542
4082
26002
4356
58538
64398
25924
26960
23385
22871
54413
57502
4852
3084
9542
10718
145957
9379
4922
4985
4986
4988
5020
5023
5024
9127
5027
5028
5029
5122
5126
5173
5179
8301
9463
5331
5337
8496
8495
84152
5533
5534
5575
5580
5590
5663
5664
55851
5780
201475
53917
57111
25837
5874
5862
27314
11031
9363
5865
9545
5867
4218
51209
10567
9135
79874
27342
5877
5911
5912
5649
9699
9783
9501
6261
6263
9522
10066
10067
192683
7857
6447
6323
6324
6326
6327
6328
55800
6330
6331
6334
6335
9117
51100
57084
246213
6570
6571
6572
6505
6509
6511
6512
7779
7781
7782
64924
55676
148867
10463
140679
340146
6529
6530
6532
6531
9152
6533
6534
6535
6536
6546
6547
8773
9342
116841
23557
6622
6750
8675
2054
6809
6811
10228
9482
6813
9515
29091
9899
22987
55530
9145
9144
8871
132204
6856
91683
127833
84258
148281
143425
84958
54843
94120
94121
94122
10972
7166
121278
58485
126003
203068
10497
440279
201294
6843
8674
6845
26276
143187
64145
