51571
738
254863
81892
23376
219738
343990
84886
57614
57662
55004
9798
79969
257407
57698
51337
55848
9847
375057
9729
9764
80017
23325
286205
22848
16
60496
11194
215
5825
55324
10006
10152
3983
84448
22885
29
30
31
38
91452
47
50
11332
10005
52
2181
2182
23305
60
87
88
89
81
10121
10120
10097
10096
98
53616
8745
118
119
120
156
10939
116987
116986
116988
55750
178
55326
191
10768
79026
10598
150209
9049
203
50808
26289
9590
10327
1645
8574
126133
10840
217
224
8659
7915
4329
501
226
230
271
273
286
287
288
51479
170961
56899
301
311
302
308
309
310
162
164
8907
1174
160
161
163
1173
1175
8546
8120
8943
10947
1176
10239
324
347
348
23780
139322
26060
55198
358
361
372
375
377
381
84364
10564
392
57584
57636
23092
396
9181
8874
10109
10094
10093
408
84896
55210
471
51062
64225
479
57130
476
477
478
480
481
482
487
488
490
491
492
493
495
498
506
509
513
515
10476
9551
521
10632
539
535
9114
523
526
528
51382
529
90423
9550
534
51606
10396
51761
25814
9912
549
283638
26229
9531
9529
575
10458
10409
7917
7920
57580
780776
63827
8537
10295
613
57596
274
645
84446
682
8927
388419
708
714
23065
718
781
9254
782
784
785
27101
790
8618
57658
801
805
808
815
816
817
818
84254
10645
79012
55832
23066
10487
10486
822
823
726
829
830
832
759
760
762
8573
57524
873
874
54862
115098
133957
28952
54520
219771
10576
7203
10575
22948
908
10693
10574
10694
966
928
998
8476
9578
23580
1008
1012
1000
1002
1020
80279
6792
51286
1072
1073
54927
84303
10752
5119
128866
55847
11113
10970
9793
1152
1159
23332
23122
7461
25999
1211
1212
1213
1191
152100
51727
55748
1267
1272
6900
8506
26047
80347
83548
1314
22820
80219
11151
57175
23603
7464
10391
1327
9377
1329
1340
1345
9167
57699
9362
1374
1384
1397
1399
1400
55118
1410
1428
1429
1431
1434
1453
1454
1457
1459
1465
1471
1487
1495
1496
1499
1500
1501
51706
79901
54205
23191
26999
1540
9266
9265
92521
51493
57488
81553
80728
9890
729956
25758
57670
23731
23002
23500
153090
1603
2532
1615
1627
28988
1629
79877
9201
166614
1639
10540
11258
51164
1641
23576
1650
65992
1653
10521
1654
1656
1666
26063
1674
1607
22907
57609
54769
1737
1738
1739
1740
1741
1742
9229
9228
58512
22839
1743
1762
23312
3301
10294
9093
3337
3300
11080
10049
55735
23317
131118
9829
1759
10059
1785
26052
1793
55619
1794
1795
9732
80005
23348
8813
1804
1808
1809
10570
1832
667
11034
1837
1845
1778
1780
1781
51143
1783
8655
140735
83658
83657
9897
128178
8411
1915
1917
1936
1937
1938
79180
23167
22979
10938
30845
30844
5610
1965
8663
1974
1981
114794
63916
2023
2026
2027
133121
2035
2036
2037
23136
2038
2039
2043
83481
2058
58513
8288
55914
23085
26059
10613
11160
2109
51466
55763
55770
11336
60412
10640
54536
23233
23265
149371
7430
2166
2170
2173
11170
219287
126567
221061
55177
10160
2193
10056
2194
26232
150726
2224
2244
2247
2266
2271
51024
23307
2281
2288
23770
2314
2316
10211
2319
56776
752
114793
91010
64122
285527
6624
79187
2495
9513
2534
2539
11345
2550
9568
2554
2557
2580
2596
2597
26130
253959
8522
2631
54332
78997
2664
2665
2670
23163
10755
28964
2697
2734
152007
51031
2744
2746
2752
not_found
221424
2767
10672
9630
2770
2771
2773
2794
2775
2776
2778
2781
2782
2783
59345
10681
55970
54331
2785
2788
8443
401647
2804
2805
2806
2817
2820
10243
2821
57512
51704
114787
26086
2876
2879
9380
2890
2891
2892
2893
2902
2903
2904
2906
2909
2912
2915
2932
2934
373156
2946
2947
9446
2950
2987
2710
3033
3030
3032
1404
60484
23438
3055
3069
23072
57520
9146
26275
25994
3092
9026
3098
3163
3178
3190
4670
9456
9455
84376
3208
51144
3295
83693
84263
3320
3326
7184
259217
3303
3304
3305
3306
3308
22824
3309
3312
3313
3315
26353
3329
10808
3064
3376
7087
3418
3419
3507
84966
93185
10989
3612
9118
64423
3843
10527
8826
9922
23096
440073
126298
6453
50618
3728
8997
25959
3735
9920
8514
3785
115207
57528
386617
547
9585
55605
3796
84643
11004
11127
3798
3799
3800
3831
64837
129285
3836
3837
3845
3895
3897
10314
55915
51056
3927
3936
3939
3945
3954
3964
9211
51474
22998
8825
64130
55327
84894
3991
3996
84823
4008
22853
114783
9361
22859
23284
4035
10128
55631
57470
255252
55379
57554
56262
90678
4045
4062
4067
66004
23499
28992
8567
4099
9863
51025
4128
4129
84557
5604
5605
79929
5594
5595
23162
22919
10982
22924
4137
65108
4139
2011
4141
23344
4155
64087
4190
4191
56947
9927
50488
4301
4340
7841
54996
4353
4354
4355
51678
143098
23164
22808
92259
4478
4513
4130
4131
4133
4134
4135
55700
23787
23788
92140
4522
25902
4580
9961
23077
4628
4629
79784
4627
103910
4637
140465
399687
4430
4641
4642
4643
4542
4644
4646
23349
4676
8775
63908
8774
83988
4684
4685
1463
23154
10787
3071
51517
10397
57447
4705
55967
51079
4695
4697
4698
4701
4704
4716
4710
4712
4713
4714
4715
4719
4720
4722
4726
374291
4723
4729
10529
4744
4747
4741
257194
4756
23114
4815
8508
57555
4830
4832
23530
23420
3310
645455
144106
not_found
not_found
3493
1646
9520
4869
27020
4884
4893
4897
51299
9378
9369
4905
55968
93034
4907
50863
134492
9253
4967
55753
8473
29789
10439
4974
4976
4978
5019
55074
80725
26986
8761
55690
29993
11252
11240
10606
5058
5064
114299
11315
142
57326
5093
5094
5095
5097
27445
5110
5129
5091
10015
5136
5138
5151
5160
5162
8050
2923
10130
5165
5170
8566
57026
8682
5037
10455
8799
5211
5213
5214
5216
5223
192111
5226
5230
283209
221692
5245
11331
26227
23187
9796
5297
5300
5305
8396
23396
5306
5694
5315
5585
8502
23236
5332
5333
113026
5335
23646
5339
59338
54477
22874
51090
5354
5361
5362
55558
91584
10654
25953
10908
5447
8613
8500
8499
8541
8497
5478
5479
5481
51645
5499
5500
5501
4659
5510
55607
84687
5518
5528
5530
5532
11230
5052
7001
25824
9588
5567
5573
5576
5577
5578
5579
5582
5581
5591
8575
10419
5625
9762
11212
5630
5631
80758
80863
5662
23362
5700
5717
10213
5708
5747
2185
51495
5781
25930
5789
5792
5802
5803
5813
5814
65263
5834
5837
5859
5860
5861
10890
9230
26056
5872
51552
376267
22931
81876
23011
11021
5864
115827
22930
25782
53916
5868
5869
5878
5870
51560
7879
51762
5879
5898
5905
5906
5909
5910
57826
9693
11069
65059
5917
8437
9462
5924
9978
5962
7905
9185
23180
6000
387
388
391
55288
89941
60626
23504
22999
9610
6093
9475
79641
22895
4736
6136
6137
23521
9045
6142
6147
6152
6122
6156
11224
25873
6169
6124
6128
6129
6130
6132
6133
6175
6184
6185
6205
6207
6208
6210
6217
6218
6222
6223
6230
6232
6188
6189
6193
6202
3921
6238
6252
10313
57142
349667
22902
6262
22908
26278
25813
56681
6301
6305
81846
51097
6319
23256
85477
23513
9805
6386
6396
23541
9554
10484
9632
22872
151011
55752
4735
55964
5414
5413
23157
989
23176
10801
91404
2810
94081
81855
94097
6444
84251
129049
6455
6456
6457
56904
9644
50944
22941
85358
6472
26037
140885
22933
6499
56243
6558
57468
57030
6506
6507
6576
8402
8604
10165
83733
79751
115286
5250
83447
291
91137
292
376497
10999
6513
6520
6521
8671
6543
9351
9748
6616
9892
27044
9751
6640
6641
6645
6642
29934
6643
81609
8724
8723
27131
58533
51429
10580
8470
56907
6709
6710
6711
6712
57731
6714
9901
6717
6733
6734
58477
6742
6772
10963
282974
23012
27347
2040
30968
11171
29888
10273
23673
6804
112755
6810
8417
6812
6814
134957
8803
8802
9900
6853
6854
8224
10492
23345
8831
9143
8867
23336
11346
6855
6857
6861
9066
6867
8407
29114
6888
57551
9344
123283
79735
57465
1155
6904
29110
6950
55346
7019
55856
92609
7082
9414
7086
7094
83660
84233
51234
7111
29767
3371
3842
7143
54472
146691
9804
10953
84134
9868
7167
7168
7170
7171
1200
11076
10131
27095
83696
23321
10612
7204
7249
81628
7251
9694
9652
145567
7846
10376
7277
7280
347733
10383
10381
10382
7283
27175
7284
5756
9352
7317
7316
9040
7334
7336
9690
9354
8266
8266
80700
7345
7360
23025
5976
7381
7384
7385
7386
84833
8615
9097
9958
8078
8239
55697
6844
9341
9218
9217
7407
10493
1462
7414
7415
80124
7416
7417
7419
7425
7431
55823
64601
57617
51699
65082
55737
23339
11311
27183
6293
55275
23355
7447
51534
8936
10163
10810
8976
9948
22884
22911
57599
23335
29062
7466
147179
65125
7514
23039
8565
7525
7529
7531
7532
7533
10971
7534
