23157
54467
51056
57679
381
84254
55610
10165
292
5577
23077
5164
10368
163
8913
4293
9912
57787
5048
55735
6853
7384
6534
9066
30845
57709
5010
5238
4190
81551
80725
22902
1272
477
23187
23154
4719
9821
2730
9774
286
57554
535
321
9168
7414
23644
7204
1008
1495
3309
2824
22884
51606
55187
23518
9341
23327
9498
9454
54477
27095
9967
23095
10827
2665
57458
4659
816
493
23504
10787
1431
100653227
1975
29924
22998
8537
8943
2773
3843
6416
9892
4904
1496
4756
782
5315
6857
3421
79641
492
3632
65055
23191
22933
55737
10294
8514
139341
23285
5217
6710
1103
815
490
6196
6400
5566
22859
87
100874309
22905
79999
3028
2011
1400
6389
10129
8301
100507699
4905
23332
6620
7251
51495
23140
2023
3785
38
119
9462
5250
27092
100505829
60
479
1739
7879
7163
2239
5909
1781
4133
2782
7419
54472
6507
5236
1785
22999
8671
3320
22839
22997
260425
93664
9689
23136
1741
2932
23085
1540
64744
10890
3030
57590
2017
3301
2196
2775
118
10059
57017
2280
55968
27131
9962
22895
1114
5037
29965
8079
6548
29888
57192
4897
1738
23335
9352
11069
2271
7301
8773
1808
9209
54566
10580
3326
3983
22931
112755
513
255057
4713
26517
283638
610
5064
421
29801
23384
157
9463
55964
25776
56993
9567
6305
162
4744
116938
116936
6122
9145
54471
4627
25813
50
114088
51382
5684
26520
10598
394
9362
10484
5834
57446
7165
80331
81027
55738
1917
8760
9751
343702
57144
3420
22919
140679
28316
9097
79959
10857
6855
27344
51566
8874
3839
23078
8848
65009
55512
23406
10273
6923
6810
8120
23205
8766
25963
7082
23312
793
54332
5862
11075
55156
1936
5516
4741
2997
10382
6449
10469
6511
92609
9149
2821
9253
1155
79187
25999
8775
478
2906
9545
64748
5518
5864
495
26330
79036
23770
2931
199731
4967
11112
6804
11333
5803
1174
113263
653857
54927
51422
7461
158471
1759
203
320
6456
6461
22841
5599
5532
59
81855
57584
219771
57532
6143
84961
10900
5709
5414
55163
2027
5216
8402
708
5878
8506
4355
1845
5573
7531
9368
230
5602
1363
7466
23321
85390
85389
3312
5007
10612
5818
25758
6506
8567
975
1119
10645
506
100506732
10728
217
8437
55832
5869
23074
2784
8078
7167
2026
3945
9847
11021
135114
100129518
6648
221692
10486
8936
7915
8724
57221
1347
23438
3313
5924
2566
1004
64083
5144
6500
5515
100500905
10802
1809
1452
1627
5096
2771
11334
59345
523
57599
51555
6508
10096
5136
374291
6711
57142
55704
84141
2744
10575
100529241
25843
3336
5510
3241
8604
5334
22848
7341
525
6146
515
58512
9181
81563
9829
51440
57568
23266
6390
5129
10327
8674
9890
3925
56181
23673
1509
7139
1268
84251
9465
9615
9414
80212
5887
51552
4702
9525
1743
4329
29094
26507
30819
2805
2891
5110
56243
84898
100653339
440073
5533
140735
576
3208
22987
989
57670
800
55847
11130
100302274
11113
10102
100288366
10376
5354
6560
57468
78997
23096
10396
8239
2914
29993
57699
55831
2806
1948
8192
63908
92675
11034
154796
3831
1340
25824
1446
10131
55288
1678
821
5908
5300
23352
58513
7277
1892
2770
10606
7533
2781
7263
5880
92521
9732
9296
57464
64753
2571
29767
10776
3746
482
9513
57153
84932
7905
9459
6861
8881
10452
1804
547
4301
81
4705
23025
55201
157922
9040
4294
6249
8666
7317
23345
2686
55902
2670
529
1327
10487
64145
3748
94030
47
8500
4131
54521
1160
5565
5160
5894
23647
23167
10989
55915
1742
2319
27183
6616
480
9826
51761
10810
4628
23164
9911
9201
4629
57180
22800
57578
6272
8774
377
10971
9475
3939
89796
57614
1837
747
7174
9743
324
26578
577
116986
3891
3855
54806
4829
26056
9764
1783
2752
10228
85397
81618
5100
8803
5879
28988
4711
6326
57471
274
10006
7111
153090
6812
10868
9568
81873
7280
347733
84300
23787
408
338699
100533181
53826
51203
56924
3032
109
5861
10097
10128
22891
471
57520
10152
9101
84993
57575
51138
5593
84162
5910
7222
55752
5530
23162
4704
6843
8499
161253
6252
7453
9990
2108
7168
4916
7385
1009
5170
8533
1213
54828
10939
50488
396
1453
57521
162427
8396
773
6455
6647
351
59283
79180
5567
85369
481
25874
387597
100505828
4259
81609
2029
7159
23557
9898
5313
58
84451
100500810
375
8497
22874
127833
801
805
808
6233
94097
6574
8502
57282
3329
5868
51143
9922
29114
9515
8893
132299
6622
817
287
4726
1016
689
10146
10814
5814
4191
30011
8573
8473
526
55638
92140
9166
80728
549
401548
56904
818
2746
120
9118
57689
26011
6188
4684
9638
54915
22866
2904
23284
4253
2823
1740
1737
26521
5305
3708
57512
775
114134
9472
100532726
4718
10873
63894
83447
112936
10570
54842
8853
291
26278
100652766
667
460
2895
498
2697
2911
115827
100653327
64682
730268
51571
50807
5789
781
57338
4900
9868
26207
5578
7345
23043
55740
126731
8470
1525
4685
522
23228
51560
528
55529
4082
55361
333926
6566
23367
2890
285172
56776
25769
114
84548
23362
3778
10694
5097
7381
100653236
1915
80201
3098
25921
27020
9131
6396
491
6529
9069
1859
3763
445815
11217
673
56896
116987
127262
3745
23382
9825
55607
1780
124044
2039
4720
8867
9900
1465
70
3099
197131
1636
84303
9114
146206
9715
29
2909
83858
8997
8566
7109
6285
26086
57731
84446
57551
23387
1173
124801
50944
284069
160622
3890
3888
115
22941
2785
51727
23358
8613
57863
130132
3754
150726
72
151195
476
10109
23122
8618
23001
166336
8833
100287789
7871
285368
54861
2899
6184
7086
5580
84448
100653110
100652849
10424
8927
22824
79012
84315
2912
25836
91137
4724
133121
100505572
23305
23176
94081
134957
348980
285613
54468
107
1345
7534
54704
11168
54769
138050
407043
3190
7415
145581
1073
641654
220296
219287
509
7417
118987
90809
57447
26012
259217
29763
145567
9152
3747
4714
1152
2562
10818
55273
1528
3419
5579
164
3948
10369
114794
7529
4130
10982
129049
5245
1398
257160
112476
4218
784
7846
84790
53916
57348
284339
83696
85300
90990
144501
3848
55611
4723
10476
57524
6520
956
1499
5049
3800
5162
378
4735
10963
11273
1128
8313
6645
80723
3954
56947
2915
521
7386
5604
4204
345651
146395
5865
10636
26000
114787
100653146
100653024
5747
5881
22871
84894
1501
57555
7532
9283
220988
10015
7314
3856
9119
286887
57148
3851
121391
5036
3889
1000
9229
3308
98
3799
6203
5232
1901
5581
5223
3880
3866
11076
3860
3857
2110
4135
10243
57687
5728
361
83660
11346
2596
54205
794
6641
257194
2783
9854
729092
728127
119385
1072
23023
3849
26960
10777
156
283450
65059
22885
91683
79834
5091
286205
5707
9804
3267
1267
6712
84833
57495
728404
5306
253959
488
26047
9024
3265
126006
81876
26470
64837
80124
55690
65108
253559
22843
10540
392
4087
1212
146691
2810
10458
63893
84617
9832
664
9699
9920
10409
140775
345778
3737
8541
56475
79751
619565
6181
28976
60626
4729
810
2066
9377
7284
127707
1537
811
5886
22864
7054
5062
284615
25994
1129
57463
575
3418
11022
8633
6472
3739
785
23265
50863
2747
6000
83733
23705
161
5121
18
57118
150084
57596
91689
126567
29119
27439
2903
4978
57528
386617
51807
71
5504
5101
3751
51286
5142
8303
90134
10801
2812
5413
79135
1812
140707
57419
5813
27124
3854
9899
8224
1762
22821
51079
319101
84871
23396
5501
3858
3840
54331
27445
4137
23048
9863
7874
26059
729956
119016
388336
642938
4697
51155
2272
3146
400745
9901
203068
100288602
5478
2917
487
54413
51466
6536
399687
23654
55684
4763
89853
343990
57181
160
643750
642968
309
2764
388662
6714
8831
147906
4217
55753
50861
142678
4644
26037
6709
55742
55210
81553
26052
4155
9228
113457
7278
2870
10381
777
50618
10724
51062
1500
23237
27347
10479
4513
4519
192683
2710
2913
4976
2869
57713
830
79065
2664
26058
414189
653268
659
6499
3303
3304
7916
4340
2550
1639
3853
3887
131118
64693
727800
84258
23636
4893
2946
7416
4722
55739
51024
100271715
11331
219293
648791
6844
91584
5520
7311
548596
1159
57636
100128553
3281
389813
154790
643854
4830
4282
9551
10552
539
5297
26286
57553
11230
114299
4831
402778
441294
340307
593
27239
440862
90423
399474
3892
