161
523
526
8927
8573
8506
10815
1496
1499
1500
80331
348980
4905
27445
8499
5864
22999
56904
6616
6804
6812
9900
6853
8224
6855
6857
6844
18
22
23
26090
28976
37
50
23597
23305
58
60
60
60
60
87
10097
55750
55326
5832
219
501
287
160
163
163
1173
1175
338
79135
55738
127829
55210
83858
219293
79065
476
478
481
488
490
491
506
509
513
515
515
10476
521
522
539
537
535
527
9114
528
51382
529
9296
534
51606
10396
93974
549
617
622
670
676
27154
90580
708
8209
221545
781
784
57863
815
816
817
818
818
821
961
55755
51286
51286
80184
54927
84303
55847
548596
1159
1185
1213
202333
118881
84987
1327
9377
9377
1329
1337
1345
1345
1347
1347
9167
1349
1350
1431
1501
51706
1727
1537
1737
1738
1742
1743
146754
9093
55466
55735
1804
1778
8655
8655
1892
1892
1917
26059
2081
2108
2110
9941
81889
51011
151313
26355
8603
2271
51024
10211
2319
401024
2596
2631
54332
78997
2744
2746
2747
2752
2770
2774
2775
2776
2782
2783
2806
2820
2821
2823
2824
80273
9329
3030
11112
3098
83872
10236
3208
3241
83693
84263
3312
3312
3312
85389
85389
85389
85390
3418
3419
3420
10989
64423
27130
9922
3720
8997
3778
22832
23325
3796
3796
51056
3954
9361
9361
136332
10128
10234
9884
474170
374819
114659
90550
4191
9927
9927
4259
100505828
79682
51660
25874
4357
51373
10240
51081
4513
4513
23787
23788
51537
10651
4628
4627
4627
4684
126328
55967
55967
4695
4697
4698
4700
4702
4704
4706
4706
29078
54539
4710
4710
4710
4710
4711
4712
4713
4714
4715
4718
100532726
100532726
4719
4720
4722
4724
4725
4725
374291
4728
100616403
4723
4723
4729
4731
8508
91662
4831
27020
64324
51559
4942
54940
4967
55753
4976
5019
5034
9060
5091
27344
27344
5138
5160
5162
8050
54704
5213
5214
192111
11331
5297
5339
8497
8495
10935
25824
5566
5582
112476
51495
5799
10890
51552
5874
5862
11021
54734
5865
5898
5912
8437
92840
89941
8780
79641
6101
6252
57142
25813
10067
192683
79634
6389
6390
6391
6392
55964
2812
5413
989
989
989
989
989
23176
10801
84193
84193
94081
81855
94097
6469
140885
10326
100653194
100653231
55423
57468
57084
57030
6506
6507
6576
6576
8402
79751
79751
291
91137
292
292
7781
140679
6529
388662
6543
6548
81892
9748
6645
6648
100129518
80309
6709
6710
6711
80725
6742
6487
30968
112755
8803
8802
9899
8831
9145
9143
55333
100529257
132204
127833
6861
132001
80222
7070
26519
10469
51311
57458
81615
55754
84000
56255
9804
56993
9868
4796
7153
127262
80342
10131
27095
7846
7846
7846
7277
203068
10381
10382
7284
55245
7384
7385
7386
7388
440567
27089
84833
84833
7402
6843
7417
7419
23230
11311
57590
57728
23335
57510
55689
10971
7534
29066
23036
