16
31
38
47
50
52
60
81
87
88
89
118
119
120
142
156
160
161
162
163
178
191
203
215
217
224
226
230
271
273
274
286
287
288
291
292
293
301
302
308
309
310
311
324
347
348
358
361
372
375
377
381
387
388
391
392
396
408
471
476
477
478
479
480
481
482
487
488
490
491
492
493
495
498
501
506
509
513
515
521
523
526
528
529
534
535
539
547
549
575
613
645
667
682
708
714
718
738
752
760
762
781
782
784
785
790
801
805
808
815
816
817
818
822
823
829
830
832
873
874
908
928
966
989
998
1000
1002
1008
1012
1020
1072
1073
1152
1155
1159
1173
1174
1175
1176
1191
1200
1211
1212
1213
1267
1272
1314
1327
1329
1340
1345
1374
1384
1397
1399
1400
1404
1410
1431
1434
1453
1454
1457
1459
1462
1463
1465
1487
1495
1496
1499
1500
1501
1540
1603
1615
1627
1629
1639
1641
1645
1646
1650
1653
1654
1656
1666
1674
1737
1738
1739
1740
1741
1742
1743
1759
1762
1778
1780
1781
1783
1785
1793
1794
1795
1804
1808
1809
1832
1837
1845
1915
1917
1936
1937
1938
1965
1974
1981
2011
2023
2026
2027
2035
2036
2037
2038
2039
2040
2043
2058
2109
2166
2181
2182
2185
2193
2194
2224
2244
2247
2266
2271
2281
2288
2314
2316
2319
2495
2534
2539
2550
2554
2557
2580
2596
2597
2631
2664
2665
2670
2697
2710
2744
2746
2752
2767
2770
2771
2773
2775
2776
2778
2781
2782
2783
2785
2788
2794
2804
2805
2806
2810
2820
2821
2876
2879
2890
2891
2892
2893
2902
2903
2904
2906
2909
2912
2915
2923
2932
2934
2946
2947
2950
3030
3032
3033
3055
3064
3069
3071
3092
3098
3163
3178
3190
3295
3301
3303
3304
3305
3306
3308
3309
3310
3312
3313
3315
3320
3326
3329
3337
3371
3376
3418
3419
3493
3507
3612
3728
3735
3785
3796
3798
3799
3800
3831
3836
3837
3842
3843
3845
3895
3897
3927
3936
3939
3945
3954
3983
3991
3996
4008
4035
4045
4067
4099
4128
4129
4130
4131
4133
4134
4135
4137
4139
4141
4155
4190
4191
4301
4329
4340
4353
4354
4355
4430
4478
4513
4522
4542
4580
4627
4628
4629
4637
4641
4642
4643
4644
4646
4659
4670
4676
4684
4685
4695
4697
4698
4701
4704
4705
4712
4713
4714
4715
4716
4719
4720
4722
4723
4726
4729
4735
4736
4741
4744
4747
4756
4832
4869
4884
4893
4897
4905
4907
4967
4976
4978
5019
5037
5052
5058
5091
5093
5094
5110
5119
5129
5136
5138
5151
5160
5162
5165
5170
5211
5213
5214
5216
5223
5226
5230
5245
5250
5297
5300
5305
5306
5315
5332
5333
5335
5339
5354
5361
5362
5413
5414
5447
5478
5479
5481
5499
5500
5501
5510
5518
5528
5530
5532
5567
5573
5576
5577
5578
5579
5581
5582
5585
5591
5594
5595
5604
5605
5610
5625
5630
5631
5662
5694
5700
5708
5717
5747
5756
5781
5789
5792
5802
5803
5813
5814
5825
5834
5837
5859
5860
5861
5864
5868
5869
5870
5872
5878
5879
5898
5905
5906
5909
5910
5917
5924
5962
5976
6000
6093
6122
6124
6128
6129
6130
6132
6133
6136
6137
6142
6147
6152
6156
6169
6175
6184
6185
6188
6189
6193
6202
6205
6207
6208
6210
6217
6218
6222
6223
6230
6232
6238
6252
6262
6293
6301
6305
6386
6396
6444
6453
6455
6456
6457
6472
6499
6506
6513
6520
6521
6543
6558
6576
6616
6624
6640
6641
6642
6643
6645
6709
6710
6711
6712
6714
6717
6733
6734
6742
6772
6792
6804
6810
6812
6814
6844
6853
6854
6855
6857
6861
6867
6888
6900
6904
6950
7001
7019
7082
7086
7087
7094
7111
7143
7167
7168
7170
7171
7184
7203
7204
7249
7251
7277
7280
7283
7284
7316
7317
7334
7336
7345
7360
7381
7384
7385
7386
7407
7414
7415
7416
7417
7419
7425
7430
7431
7447
7461
7464
7466
7514
7525
7529
7531
7532
7533
7534
7841
7846
7879
7905
7915
7917
7920
8050
8078
8120
8224
8239
8266
8288
8396
8402
8407
8411
8417
8437
8443
8470
8473
8476
8497
8499
8500
8502
8506
8508
8514
8522
8537
8541
8546
8565
8566
8567
8573
8574
8575
8604
8613
8615
8618
8655
8659
8671
8682
8723
8724
8745
8761
8774
8775
8799
8803
8825
8826
8831
8867
8874
8907
8927
8936
8943
8976
8997
9026
9040
9045
9049
9066
9093
9097
9114
9118
9146
9167
9181
9185
9201
9211
9217
9218
9228
9229
9230
9253
9254
9265
9266
9341
9344
9351
9352
9354
9361
9362
9369
9377
9378
9380
9414
9446
9455
9456
9462
9475
9513
9520
9529
9531
9550
9551
9568
9578
9585
9588
9590
9610
9630
9632
9644
9652
9690
9693
9694
9729
9732
9748
9751
9793
9796
9798
9804
9805
9829
9863
9868
9890
9892
9897
9900
9901
9912
9922
9948
9958
9961
9978
10006
10015
10049
10056
10059
10093
10094
10096
10097
10109
10120
10121
10128
10130
10131
10152
10160
10163
10165
10211
10213
10239
10243
10273
10294
10313
10314
10327
10376
10381
10382
10383
10391
10396
10397
10409
10419
10455
10458
10476
10484
10486
10487
10492
10521
10527
10529
10540
10564
10570
10574
10575
10576
10580
10598
10606
10612
10613
10632
10640
10645
10654
10672
10681
10693
10694
10752
10755
10768
10787
10801
10808
10810
10840
10890
10908
10938
10939
10947
10953
10963
10970
10971
10982
10989
10999
11004
11021
11034
11069
11076
11080
11113
11127
11151
11160
11170
11171
11194
11212
11224
11230
11252
11258
11311
11315
11331
11336
11345
11346
22808
22820
22824
22839
22848
22853
22859
22872
22874
22884
22895
22907
22908
22911
22919
22924
22930
22931
22933
22941
22948
22998
22999
23002
23011
23012
23025
23039
23066
23072
23077
23085
23092
23096
23114
23122
23136
23154
23157
23162
23163
23164
23167
23176
23191
23233
23236
23256
23265
23305
23307
23312
23317
23321
23325
23332
23335
23339
23344
23345
23348
23352
23362
23376
23396
23420
23438
23499
23500
23504
23513
23521
23530
23576
23580
23603
23646
23673
23770
23780
25782
25813
25814
25824
25873
25902
25930
25953
25959
25994
25999
26037
26047
26052
26056
26059
26060
26086
26130
26227
26229
26232
26278
26289
26353
26986
26999
27020
27044
27095
27101
27131
27175
27183
27347
27445
28952
28964
28988
28992
29062
29110
29114
29767
29789
29888
29934
29993
30844
30845
50488
50618
50808
50863
50944
51024
51025
51056
51079
51143
51144
51164
51382
51429
51466
51474
51479
51493
51495
51517
51534
51552
51560
51571
51602
51606
51678
51699
51706
51727
51761
51762
53616
53916
54205
54331
54332
54472
54477
54520
54536
54769
54862
54927
54996
55004
55177
55198
55210
55275
55288
55324
55326
55327
55346
55379
55558
55607
55690
55697
55700
55735
55737
55748
55750
55752
55753
55763
55770
55823
55832
55847
55856
55914
55967
55968
55970
56243
56681
56776
56899
56904
56907
57026
57030
57142
57175
57326
57447
57470
57488
57512
57520
57524
57551
57554
57555
57580
57584
57596
57599
57609
57617
57636
57658
57662
57670
57698
57731
58477
58512
58513
58533
59338
59345
60412
60484
60626
63827
63908
63916
64087
64130
64225
64423
64601
64837
65059
65082
65108
65125
65263
65992
78997
79026
79180
79187
79641
79735
79784
79877
79901
79966
79969
80005
80124
80279
80700
80725
80728
81553
81609
81628
81855
81876
81892
83447
83548
83657
83658
83660
83693
83696
83988
84134
84251
84254
84263
84303
84364
84376
84446
84557
84643
84687
84823
84894
84896
84966
85358
89941
90423
90678
91010
91404
92140
92521
92609
93185
94081
103910
112755
114783
114793
114794
115098
115827
116986
116987
116988
126298
128866
129049
129285
131118
134957
140465
140735
140885
143098
145567
146691
147179
149371
151011
152007
153090
166614
170961
192111
219771
221692
257194
259217
282974
285527
286205
347733
373156
374291
375057
376267
376497
399687
401647
440073
645455
